unique_id,ds,y
ID0,1979-03-31,3592.550048828125
ID0,1979-06-30,6409.34033203125
ID0,1979-09-30,10953.4931640625
ID0,1979-12-31,4136.84521484375
ID0,1980-03-31,3369.4599609375
ID0,1980-06-30,5446.25048828125
ID0,1980-09-30,11832.962890625
ID0,1980-12-31,3622.840087890625
ID0,1981-03-31,2975.88037109375
ID0,1981-06-30,5835.03466796875
ID0,1981-09-30,12658.783203125
ID0,1981-12-31,4359.2900390625
ID0,1982-03-31,3524.18994140625
ID0,1982-06-30,6689.8701171875
ID0,1982-09-30,12929.0849609375
ID0,1982-12-31,4554.3603515625
ID0,1983-03-31,3688.7451171875
ID0,1983-06-30,6694.79541015625
ID0,1983-09-30,12861.1962890625
ID0,1983-12-31,4711.49072265625
ID0,1984-03-31,3799.50537109375
ID0,1984-06-30,7468.75537109375
ID0,1984-09-30,13575.076171875
ID0,1984-12-31,5081.09521484375
ID0,1985-03-31,3930.685302734375
ID0,1985-06-30,7299.00048828125
ID0,1985-09-30,13721.4013671875
ID0,1985-12-31,5265.7451171875
ID0,1986-03-31,4317.4501953125
ID0,1986-06-30,7579.5849609375
ID0,1986-09-30,15061.646484375
ID0,1986-12-31,5654.81494140625
ID0,1987-03-31,4576.85986328125
ID0,1987-06-30,8845.9033203125
ID0,1987-09-30,16198.34375
ID0,1987-12-31,6432.06005859375
ID0,1988-03-31,5432.76953125
ID0,1988-06-30,8864.130859375
ID0,1988-09-30,17327.603515625
ID0,1988-12-31,6848.24951171875
ID0,1989-03-31,5658.625
ID0,1989-06-30,8778.26171875
ID0,1989-09-30,17154.771484375
ID0,1989-12-31,6829.234375
ID0,1990-03-31,5438.60986328125
ID0,1990-06-30,8741.3232421875
ID0,1990-09-30,15704.7099609375
ID1,1979-03-31,172137.15625
ID1,1979-06-30,207720.03125
ID1,1979-09-30,312830.0625
ID1,1979-12-31,195209.265625
ID1,1980-03-31,153662.0
ID1,1980-06-30,203812.953125
ID1,1980-09-30,327819.46875
ID1,1980-12-31,201774.546875
ID1,1981-03-31,164833.796875
ID1,1981-06-30,210252.734375
ID1,1981-09-30,365329.90625
ID1,1981-12-31,231132.625
ID1,1982-03-31,183341.265625
ID1,1982-06-30,245359.40625
ID1,1982-09-30,395632.5
ID1,1982-12-31,239873.203125
ID1,1983-03-31,207111.375
ID1,1983-06-30,273082.3125
ID1,1983-09-30,440175.1875
ID1,1983-12-31,275192.03125
ID1,1984-03-31,218010.953125
ID1,1984-06-30,317881.65625
ID1,1984-09-30,491747.8125
ID1,1984-12-31,324293.125
ID1,1985-03-31,240547.0625
ID1,1985-06-30,316376.3125
ID1,1985-09-30,503022.09375
ID1,1985-12-31,312877.90625
ID1,1986-03-31,261187.59375
ID1,1986-06-30,364241.90625
ID1,1986-09-30,550268.5
ID1,1986-12-31,356835.625
ID1,1987-03-31,285757.5625
ID1,1987-06-30,387975.5
ID1,1987-09-30,578709.3125
ID1,1987-12-31,335318.28125
ID1,1988-03-31,309795.8125
ID1,1988-06-30,387748.6875
ID1,1988-09-30,576033.6875
ID1,1988-12-31,344159.65625
ID1,1989-03-31,300421.0
ID1,1989-06-30,374895.0
ID1,1989-09-30,516086.0
ID1,1989-12-31,308229.125
ID1,1990-03-31,281031.6875
ID1,1990-06-30,320256.5
ID1,1990-09-30,458326.40625
ID10,1985-03-31,31503.0
ID10,1985-06-30,72803.0
ID10,1985-09-30,41256.0
ID10,1985-12-31,55415.0
ID10,1986-03-31,31490.0
ID10,1986-06-30,63362.0
ID10,1986-09-30,43080.0
ID10,1986-12-31,55053.0
ID10,1987-03-31,36706.0
ID10,1987-06-30,68295.0
ID10,1987-09-30,39398.0
ID10,1987-12-31,61268.0
ID10,1988-03-31,34833.0
ID10,1988-06-30,60780.0
ID10,1988-09-30,37443.0
ID10,1988-12-31,54394.0
ID10,1989-03-31,33214.0
ID10,1989-06-30,47130.0
ID10,1989-09-30,34178.0
ID10,1989-12-31,51091.0
ID10,1990-03-31,37353.0
ID10,1990-06-30,58309.0
ID10,1990-09-30,38847.0
ID10,1990-12-31,66362.0
ID10,1991-03-31,36750.0
ID10,1991-06-30,70481.0
ID10,1991-09-30,45462.0
ID10,1991-12-31,76701.0
ID10,1992-03-31,51863.0
ID10,1992-06-30,86429.0
ID10,1992-09-30,60717.0
ID10,1992-12-31,84220.0
ID10,1993-03-31,55738.0
ID10,1993-06-30,88599.0
ID10,1993-09-30,62067.0
ID10,1993-12-31,83313.0
ID10,1994-03-31,53378.0
ID10,1994-06-30,75070.0
ID10,1994-09-30,60571.0
ID10,1994-12-31,81566.0
ID10,1995-03-31,53558.0
ID10,1995-06-30,71820.0
ID10,1995-09-30,64619.0
ID10,1995-12-31,89517.0
ID10,1996-03-31,79248.0
ID10,1996-06-30,107114.0
ID10,1996-09-30,99542.0
ID10,1996-12-31,109455.0
ID10,1997-03-31,85371.0
ID10,1997-06-30,98663.0
ID10,1997-09-30,71269.0
ID10,1997-12-31,109156.0
ID10,1998-03-31,76224.0
ID10,1998-06-30,88151.0
ID10,1998-09-30,69092.0
ID10,1998-12-31,117222.0
ID10,1999-03-31,69947.0
ID10,1999-06-30,95335.0
ID10,1999-09-30,80550.0
ID10,1999-12-31,124324.0
ID10,2000-03-31,89211.0
ID10,2000-06-30,117085.0
ID10,2000-09-30,107009.0
ID10,2000-12-31,137264.0
ID10,2001-03-31,92300.0
ID10,2001-06-30,114662.0
ID10,2001-09-30,94526.0
ID10,2001-12-31,120025.0
ID10,2002-03-31,87905.0
ID10,2002-06-30,108574.0
ID10,2002-09-30,95460.0
ID10,2002-12-31,134227.0
ID100,1980-03-31,94237.0
ID100,1980-06-30,78462.0
ID100,1980-09-30,89541.0
ID100,1980-12-31,109396.0
ID100,1981-03-31,93988.0
ID100,1981-06-30,86777.0
ID100,1981-09-30,93208.0
ID100,1981-12-31,115388.0
ID100,1982-03-31,94081.0
ID100,1982-06-30,80599.0
ID100,1982-09-30,93834.0
ID100,1982-12-31,118366.0
ID100,1983-03-31,101802.0
ID100,1983-06-30,79813.0
ID100,1983-09-30,97851.0
ID100,1983-12-31,128897.0
ID100,1984-03-31,107846.0
ID100,1984-06-30,101498.0
ID100,1984-09-30,100134.0
ID100,1984-12-31,140357.0
ID100,1985-03-31,128451.0
ID100,1985-06-30,101427.0
ID100,1985-09-30,101997.0
ID100,1985-12-31,182208.0
ID100,1986-03-31,167804.0
ID100,1986-06-30,142068.0
ID100,1986-09-30,147512.0
ID100,1986-12-31,252481.0
ID100,1987-03-31,230116.0
ID100,1987-06-30,190201.0
ID100,1987-09-30,217926.0
ID100,1987-12-31,319175.0
ID100,1988-03-31,287578.0
ID100,1988-06-30,269053.0
ID100,1988-09-30,333892.0
ID100,1988-12-31,369782.0
ID100,1989-03-31,297724.0
ID100,1989-06-30,233358.0
ID100,1989-09-30,263352.0
ID100,1989-12-31,332028.0
ID100,1990-03-31,309372.0
ID100,1990-06-30,272322.0
ID100,1990-09-30,297917.0
ID100,1990-12-31,375951.0
ID100,1991-03-31,329626.0
ID100,1991-06-30,290572.0
ID100,1991-09-30,379647.0
ID100,1991-12-31,435523.0
ID100,1992-03-31,408854.0
ID100,1992-06-30,338819.0
ID100,1992-09-30,373669.0
ID100,1992-12-31,493986.0
ID100,1993-03-31,467761.0
ID100,1993-06-30,399811.0
ID100,1993-09-30,438540.0
ID100,1993-12-31,584084.0
ID100,1994-03-31,553697.0
ID100,1994-06-30,444589.0
ID100,1994-09-30,504588.0
ID100,1994-12-31,606142.0
ID100,1995-03-31,568976.0
ID100,1995-06-30,483385.0
ID100,1995-09-30,539083.0
ID100,1995-12-31,666162.0
ID100,1996-03-31,658391.0
ID100,1996-06-30,537033.0
ID100,1996-09-30,599145.0
ID100,1996-12-31,723795.0
ID100,1997-03-31,689289.0
ID100,1997-06-30,534289.0
ID100,1997-09-30,619432.0
ID100,1997-12-31,691504.0
ID100,1998-03-31,569022.0
ID100,1998-06-30,523601.0
ID100,1998-09-30,482691.0
ID100,1998-12-31,643246.0
ID100,1999-03-31,633220.0
ID100,1999-06-30,522969.0
ID100,1999-09-30,615972.0
ID100,1999-12-31,730547.0
ID100,2000-03-31,672008.0
ID100,2000-06-30,571963.0
ID100,2000-09-30,624451.0
ID100,2000-12-31,788556.0
ID100,2001-03-31,678170.0
ID100,2001-06-30,601298.0
ID100,2001-09-30,580643.0
ID100,2001-12-31,624208.0
ID100,2002-03-31,592152.0
ID100,2002-06-30,499358.0
ID100,2002-09-30,539550.0
ID100,2002-12-31,770330.0
ID100,2003-03-31,616270.0
ID100,2003-06-30,435082.0
ID101,1980-03-31,12579.0
ID101,1980-06-30,24361.0
ID101,1980-09-30,23285.0
ID101,1980-12-31,21770.0
ID101,1981-03-31,11793.0
ID101,1981-06-30,24880.0
ID101,1981-09-30,20555.0
ID101,1981-12-31,19896.0
ID101,1982-03-31,10531.0
ID101,1982-06-30,18604.0
ID101,1982-09-30,19052.0
ID101,1982-12-31,18797.0
ID101,1983-03-31,10597.0
ID101,1983-06-30,16981.0
ID101,1983-09-30,16996.0
ID101,1983-12-31,20045.0
ID101,1984-03-31,9213.0
ID101,1984-06-30,21877.0
ID101,1984-09-30,17947.0
ID101,1984-12-31,18072.0
ID101,1985-03-31,9587.0
ID101,1985-06-30,18681.0
ID101,1985-09-30,17713.0
ID101,1985-12-31,20823.0
ID101,1986-03-31,13284.0
ID101,1986-06-30,23055.0
ID101,1986-09-30,22726.0
ID101,1986-12-31,27552.0
ID101,1987-03-31,15589.0
ID101,1987-06-30,26862.0
ID101,1987-09-30,28980.0
ID101,1987-12-31,30081.0
ID101,1988-03-31,21699.0
ID101,1988-06-30,33833.0
ID101,1988-09-30,36341.0
ID101,1988-12-31,39144.0
ID101,1989-03-31,21937.0
ID101,1989-06-30,33941.0
ID101,1989-09-30,35987.0
ID101,1989-12-31,41955.0
ID101,1990-03-31,21707.0
ID101,1990-06-30,32737.0
ID101,1990-09-30,36134.0
ID101,1990-12-31,36053.0
ID101,1991-03-31,24451.0
ID101,1991-06-30,33742.0
ID101,1991-09-30,41675.0
ID101,1991-12-31,39940.0
ID101,1992-03-31,20683.0
ID101,1992-06-30,29539.0
ID101,1992-09-30,33394.0
ID101,1992-12-31,42716.0
ID101,1993-03-31,23747.0
ID101,1993-06-30,35420.0
ID101,1993-09-30,39692.0
ID101,1993-12-31,40026.0
ID101,1994-03-31,26258.0
ID101,1994-06-30,31704.0
ID101,1994-09-30,38464.0
ID101,1994-12-31,46968.0
ID101,1995-03-31,29085.0
ID101,1995-06-30,41297.0
ID101,1995-09-30,42714.0
ID101,1995-12-31,51116.0
ID101,1996-03-31,41912.0
ID101,1996-06-30,50061.0
ID101,1996-09-30,55030.0
ID101,1996-12-31,56966.0
ID101,1997-03-31,42846.0
ID101,1997-06-30,44663.0
ID101,1997-09-30,52220.0
ID101,1997-12-31,59578.0
ID101,1998-03-31,34525.0
ID101,1998-06-30,55074.0
ID101,1998-09-30,48054.0
ID101,1998-12-31,60771.0
ID101,1999-03-31,39609.0
ID101,1999-06-30,46262.0
ID101,1999-09-30,50899.0
ID101,1999-12-31,60847.0
ID101,2000-03-31,41105.0
ID101,2000-06-30,62466.0
ID101,2000-09-30,59677.0
ID101,2000-12-31,75837.0
ID101,2001-03-31,50510.0
ID101,2001-06-30,66612.0
ID101,2001-09-30,54221.0
ID101,2001-12-31,60022.0
ID101,2002-03-31,39491.0
ID101,2002-06-30,46033.0
ID101,2002-09-30,46095.0
ID101,2002-12-31,59893.0
ID101,2003-03-31,37322.0
ID101,2003-06-30,55055.0
ID102,1980-03-31,267.0
ID102,1980-06-30,130.0
ID102,1980-09-30,346.0
ID102,1980-12-31,604.0
ID102,1981-03-31,218.0
ID102,1981-06-30,261.0
ID102,1981-09-30,300.0
ID102,1981-12-31,448.0
ID102,1982-03-31,386.0
ID102,1982-06-30,252.0
ID102,1982-09-30,410.0
ID102,1982-12-31,739.0
ID102,1983-03-31,363.0
ID102,1983-06-30,227.0
ID102,1983-09-30,594.0
ID102,1983-12-31,801.0
ID102,1984-03-31,323.0
ID102,1984-06-30,358.0
ID102,1984-09-30,596.0
ID102,1984-12-31,670.0
ID102,1985-03-31,601.0
ID102,1985-06-30,482.0
ID102,1985-09-30,586.0
ID102,1985-12-31,993.0
ID102,1986-03-31,615.0
ID102,1986-06-30,373.0
ID102,1986-09-30,557.0
ID102,1986-12-31,920.0
ID102,1987-03-31,726.0
ID102,1987-06-30,456.0
ID102,1987-09-30,813.0
ID102,1987-12-31,1181.0
ID102,1988-03-31,1259.0
ID102,1988-06-30,885.0
ID102,1988-09-30,1304.0
ID102,1988-12-31,1582.0
ID102,1989-03-31,1401.0
ID102,1989-06-30,1405.0
ID102,1989-09-30,2100.0
ID102,1989-12-31,2216.0
ID102,1990-03-31,1639.0
ID102,1990-06-30,1299.0
ID102,1990-09-30,2001.0
ID102,1990-12-31,1795.0
ID102,1991-03-31,1459.0
ID102,1991-06-30,1246.0
ID102,1991-09-30,2441.0
ID102,1991-12-31,2059.0
ID102,1992-03-31,1893.0
ID102,1992-06-30,1558.0
ID102,1992-09-30,2415.0
ID102,1992-12-31,2307.0
ID102,1993-03-31,2622.0
ID102,1993-06-30,1452.0
ID102,1993-09-30,2254.0
ID102,1993-12-31,2194.0
ID102,1994-03-31,1838.0
ID102,1994-06-30,1716.0
ID102,1994-09-30,2853.0
ID102,1994-12-31,4078.0
ID102,1995-03-31,3164.0
ID102,1995-06-30,2511.0
ID102,1995-09-30,4025.0
ID102,1995-12-31,4817.0
ID102,1996-03-31,3957.0
ID102,1996-06-30,2419.0
ID102,1996-09-30,3156.0
ID102,1996-12-31,4035.0
ID102,1997-03-31,3258.0
ID102,1997-06-30,2231.0
ID102,1997-09-30,4975.0
ID102,1997-12-31,4764.0
ID102,1998-03-31,5691.0
ID102,1998-06-30,2982.0
ID102,1998-09-30,4371.0
ID102,1998-12-31,6218.0
ID102,1999-03-31,5599.0
ID102,1999-06-30,3454.0
ID102,1999-09-30,5474.0
ID102,1999-12-31,5934.0
ID102,2000-03-31,4867.0
ID102,2000-06-30,3464.0
ID102,2000-09-30,6152.0
ID102,2000-12-31,7055.0
ID102,2001-03-31,7342.0
ID102,2001-06-30,5250.0
ID102,2001-09-30,6669.0
ID102,2001-12-31,7355.0
ID102,2002-03-31,6294.0
ID102,2002-06-30,4897.0
ID102,2002-09-30,6044.0
ID102,2002-12-31,9827.0
ID102,2003-03-31,8260.0
ID102,2003-06-30,5573.0
ID103,1980-03-31,880.0
ID103,1980-06-30,636.0
ID103,1980-09-30,1198.0
ID103,1980-12-31,1108.0
ID103,1981-03-31,856.0
ID103,1981-06-30,1143.0
ID103,1981-09-30,1320.0
ID103,1981-12-31,1254.0
ID103,1982-03-31,1236.0
ID103,1982-06-30,1236.0
ID103,1982-09-30,1581.0
ID103,1982-12-31,1362.0
ID103,1983-03-31,1328.0
ID103,1983-06-30,949.0
ID103,1983-09-30,1756.0
ID103,1983-12-31,1479.0
ID103,1984-03-31,1158.0
ID103,1984-06-30,948.0
ID103,1984-09-30,1415.0
ID103,1984-12-31,1748.0
ID103,1985-03-31,1458.0
ID103,1985-06-30,1051.0
ID103,1985-09-30,1553.0
ID103,1985-12-31,1805.0
ID103,1986-03-31,1590.0
ID103,1986-06-30,1205.0
ID103,1986-09-30,2090.0
ID103,1986-12-31,2002.0
ID103,1987-03-31,1794.0
ID103,1987-06-30,1626.0
ID103,1987-09-30,2260.0
ID103,1987-12-31,2488.0
ID103,1988-03-31,2201.0
ID103,1988-06-30,1886.0
ID103,1988-09-30,3211.0
ID103,1988-12-31,2294.0
ID103,1989-03-31,2812.0
ID103,1989-06-30,1898.0
ID103,1989-09-30,3912.0
ID103,1989-12-31,3396.0
ID103,1990-03-31,3377.0
ID103,1990-06-30,2913.0
ID103,1990-09-30,3013.0
ID103,1990-12-31,3413.0
ID103,1991-03-31,4130.0
ID103,1991-06-30,2630.0
ID103,1991-09-30,4383.0
ID103,1991-12-31,3845.0
ID103,1992-03-31,4660.0
ID103,1992-06-30,4047.0
ID103,1992-09-30,5286.0
ID103,1992-12-31,4908.0
ID103,1993-03-31,4001.0
ID103,1993-06-30,4193.0
ID103,1993-09-30,4868.0
ID103,1993-12-31,5075.0
ID103,1994-03-31,4821.0
ID103,1994-06-30,4799.0
ID103,1994-09-30,6510.0
ID103,1994-12-31,6438.0
ID103,1995-03-31,5536.0
ID103,1995-06-30,6509.0
ID103,1995-09-30,8440.0
ID103,1995-12-31,7989.0
ID103,1996-03-31,8011.0
ID103,1996-06-30,7574.0
ID103,1996-09-30,7906.0
ID103,1996-12-31,8534.0
ID103,1997-03-31,7983.0
ID103,1997-06-30,7583.0
ID103,1997-09-30,8405.0
ID103,1997-12-31,8444.0
ID103,1998-03-31,7147.0
ID103,1998-06-30,8770.0
ID103,1998-09-30,6348.0
ID103,1998-12-31,7178.0
ID103,1999-03-31,6973.0
ID103,1999-06-30,5827.0
ID103,1999-09-30,6832.0
ID103,1999-12-31,6973.0
ID103,2000-03-31,6185.0
ID103,2000-06-30,7891.0
ID103,2000-09-30,7921.0
ID103,2000-12-31,7174.0
ID103,2001-03-31,6011.0
ID103,2001-06-30,7681.0
ID103,2001-09-30,7621.0
ID103,2001-12-31,7125.0
ID103,2002-03-31,7229.0
ID103,2002-06-30,6444.0
ID103,2002-09-30,7108.0
ID103,2002-12-31,8852.0
ID103,2003-03-31,6234.0
ID103,2003-06-30,7022.0
ID104,1980-03-31,706.0
ID104,1980-06-30,607.0
ID104,1980-09-30,757.0
ID104,1980-12-31,1531.0
ID104,1981-03-31,836.0
ID104,1981-06-30,797.0
ID104,1981-09-30,678.0
ID104,1981-12-31,1692.0
ID104,1982-03-31,859.0
ID104,1982-06-30,872.0
ID104,1982-09-30,712.0
ID104,1982-12-31,1974.0
ID104,1983-03-31,787.0
ID104,1983-06-30,1152.0
ID104,1983-09-30,861.0
ID104,1983-12-31,2112.0
ID104,1984-03-31,943.0
ID104,1984-06-30,1023.0
ID104,1984-09-30,1041.0
ID104,1984-12-31,2044.0
ID104,1985-03-31,1011.0
ID104,1985-06-30,1169.0
ID104,1985-09-30,994.0
ID104,1985-12-31,2227.0
ID104,1986-03-31,1308.0
ID104,1986-06-30,1266.0
ID104,1986-09-30,1244.0
ID104,1986-12-31,2717.0
ID104,1987-03-31,1577.0
ID104,1987-06-30,1673.0
ID104,1987-09-30,1473.0
ID104,1987-12-31,3037.0
ID104,1988-03-31,1822.0
ID104,1988-06-30,2254.0
ID104,1988-09-30,1598.0
ID104,1988-12-31,3549.0
ID104,1989-03-31,1800.0
ID104,1989-06-30,2228.0
ID104,1989-09-30,1670.0
ID104,1989-12-31,3846.0
ID104,1990-03-31,2173.0
ID104,1990-06-30,2369.0
ID104,1990-09-30,1917.0
ID104,1990-12-31,3880.0
ID104,1991-03-31,2227.0
ID104,1991-06-30,2499.0
ID104,1991-09-30,2151.0
ID104,1991-12-31,4462.0
ID104,1992-03-31,1949.0
ID104,1992-06-30,2605.0
ID104,1992-09-30,2027.0
ID104,1992-12-31,4877.0
ID104,1993-03-31,2416.0
ID104,1993-06-30,3333.0
ID104,1993-09-30,2739.0
ID104,1993-12-31,5360.0
ID104,1994-03-31,2806.0
ID104,1994-06-30,3921.0
ID104,1994-09-30,3484.0
ID104,1994-12-31,6826.0
ID104,1995-03-31,3597.0
ID104,1995-06-30,5613.0
ID104,1995-09-30,4526.0
ID104,1995-12-31,7579.0
ID104,1996-03-31,5213.0
ID104,1996-06-30,5701.0
ID104,1996-09-30,4640.0
ID104,1996-12-31,7735.0
ID104,1997-03-31,4977.0
ID104,1997-06-30,7511.0
ID104,1997-09-30,5601.0
ID104,1997-12-31,8407.0
ID104,1998-03-31,5924.0
ID104,1998-06-30,9464.0
ID104,1998-09-30,5144.0
ID104,1998-12-31,8919.0
ID104,1999-03-31,5936.0
ID104,1999-06-30,7994.0
ID104,1999-09-30,6452.0
ID104,1999-12-31,8598.0
ID104,2000-03-31,6704.0
ID104,2000-06-30,8358.0
ID104,2000-09-30,6767.0
ID104,2000-12-31,10465.0
ID104,2001-03-31,6256.0
ID104,2001-06-30,9093.0
ID104,2001-09-30,6867.0
ID104,2001-12-31,9047.0
ID104,2002-03-31,7784.0
ID104,2002-06-30,7910.0
ID104,2002-09-30,5529.0
ID104,2002-12-31,11155.0
ID104,2003-03-31,6602.0
ID104,2003-06-30,8764.0
ID105,1980-03-31,1034.0
ID105,1980-06-30,992.0
ID105,1980-09-30,805.0
ID105,1980-12-31,2321.0
ID105,1981-03-31,881.0
ID105,1981-06-30,1089.0
ID105,1981-09-30,957.0
ID105,1981-12-31,2484.0
ID105,1982-03-31,1213.0
ID105,1982-06-30,1443.0
ID105,1982-09-30,1128.0
ID105,1982-12-31,2683.0
ID105,1983-03-31,1758.0
ID105,1983-06-30,1372.0
ID105,1983-09-30,1480.0
ID105,1983-12-31,2702.0
ID105,1984-03-31,1344.0
ID105,1984-06-30,1540.0
ID105,1984-09-30,1303.0
ID105,1984-12-31,2962.0
ID105,1985-03-31,1613.0
ID105,1985-06-30,1787.0
ID105,1985-09-30,1484.0
ID105,1985-12-31,3322.0
ID105,1986-03-31,2103.0
ID105,1986-06-30,1870.0
ID105,1986-09-30,1914.0
ID105,1986-12-31,4195.0
ID105,1987-03-31,1972.0
ID105,1987-06-30,2740.0
ID105,1987-09-30,2272.0
ID105,1987-12-31,4401.0
ID105,1988-03-31,2609.0
ID105,1988-06-30,3362.0
ID105,1988-09-30,2679.0
ID105,1988-12-31,4553.0
ID105,1989-03-31,2905.0
ID105,1989-06-30,3107.0
ID105,1989-09-30,2506.0
ID105,1989-12-31,4651.0
ID105,1990-03-31,2498.0
ID105,1990-06-30,3166.0
ID105,1990-09-30,2488.0
ID105,1990-12-31,4209.0
ID105,1991-03-31,2084.0
ID105,1991-06-30,3032.0
ID105,1991-09-30,2452.0
ID105,1991-12-31,3998.0
ID105,1992-03-31,3023.0
ID105,1992-06-30,3049.0
ID105,1992-09-30,2638.0
ID105,1992-12-31,4360.0
ID105,1993-03-31,3221.0
ID105,1993-06-30,3251.0
ID105,1993-09-30,2844.0
ID105,1993-12-31,5078.0
ID105,1994-03-31,3108.0
ID105,1994-06-30,3739.0
ID105,1994-09-30,3407.0
ID105,1994-12-31,6767.0
ID105,1995-03-31,4232.0
ID105,1995-06-30,4798.0
ID105,1995-09-30,4292.0
ID105,1995-12-31,7304.0
ID105,1996-03-31,4610.0
ID105,1996-06-30,5750.0
ID105,1996-09-30,4378.0
ID105,1996-12-31,7267.0
ID105,1997-03-31,5048.0
ID105,1997-06-30,6162.0
ID105,1997-09-30,4661.0
ID105,1997-12-31,8220.0
ID105,1998-03-31,3757.0
ID105,1998-06-30,6475.0
ID105,1998-09-30,4151.0
ID105,1998-12-31,7143.0
ID105,1999-03-31,5157.0
ID105,1999-06-30,7073.0
ID105,1999-09-30,5859.0
ID105,1999-12-31,8104.0
ID105,2000-03-31,5849.0
ID105,2000-06-30,6750.0
ID105,2000-09-30,5167.0
ID105,2000-12-31,9361.0
ID105,2001-03-31,5440.0
ID105,2001-06-30,6532.0
ID105,2001-09-30,5388.0
ID105,2001-12-31,7331.0
ID105,2002-03-31,4830.0
ID105,2002-06-30,6301.0
ID105,2002-09-30,5820.0
ID105,2002-12-31,8911.0
ID105,2003-03-31,5620.0
ID105,2003-06-30,5409.0
ID106,1980-03-31,380.0
ID106,1980-06-30,389.0
ID106,1980-09-30,480.0
ID106,1980-12-31,625.0
ID106,1981-03-31,422.0
ID106,1981-06-30,382.0
ID106,1981-09-30,444.0
ID106,1981-12-31,661.0
ID106,1982-03-31,430.0
ID106,1982-06-30,487.0
ID106,1982-09-30,506.0
ID106,1982-12-31,939.0
ID106,1983-03-31,467.0
ID106,1983-06-30,464.0
ID106,1983-09-30,436.0
ID106,1983-12-31,750.0
ID106,1984-03-31,439.0
ID106,1984-06-30,681.0
ID106,1984-09-30,504.0
ID106,1984-12-31,878.0
ID106,1985-03-31,654.0
ID106,1985-06-30,652.0
ID106,1985-09-30,498.0
ID106,1985-12-31,856.0
ID106,1986-03-31,621.0
ID106,1986-06-30,788.0
ID106,1986-09-30,636.0
ID106,1986-12-31,1033.0
ID106,1987-03-31,753.0
ID106,1987-06-30,735.0
ID106,1987-09-30,801.0
ID106,1987-12-31,1246.0
ID106,1988-03-31,770.0
ID106,1988-06-30,1103.0
ID106,1988-09-30,915.0
ID106,1988-12-31,1223.0
ID106,1989-03-31,1035.0
ID106,1989-06-30,1206.0
ID106,1989-09-30,1100.0
ID106,1989-12-31,1524.0
ID106,1990-03-31,1228.0
ID106,1990-06-30,1509.0
ID106,1990-09-30,1150.0
ID106,1990-12-31,1763.0
ID106,1991-03-31,1064.0
ID106,1991-06-30,1340.0
ID106,1991-09-30,1136.0
ID106,1991-12-31,1449.0
ID106,1992-03-31,1216.0
ID106,1992-06-30,1718.0
ID106,1992-09-30,1573.0
ID106,1992-12-31,1669.0
ID106,1993-03-31,1732.0
ID106,1993-06-30,1533.0
ID106,1993-09-30,1812.0
ID106,1993-12-31,2476.0
ID106,1994-03-31,1858.0
ID106,1994-06-30,1851.0
ID106,1994-09-30,2195.0
ID106,1994-12-31,4053.0
ID106,1995-03-31,2750.0
ID106,1995-06-30,2733.0
ID106,1995-09-30,3121.0
ID106,1995-12-31,3541.0
ID106,1996-03-31,3192.0
ID106,1996-06-30,3789.0
ID106,1996-09-30,3505.0
ID106,1996-12-31,5176.0
ID106,1997-03-31,4396.0
ID106,1997-06-30,4146.0
ID106,1997-09-30,4564.0
ID106,1997-12-31,4963.0
ID106,1998-03-31,2250.0
ID106,1998-06-30,4807.0
ID106,1998-09-30,3604.0
ID106,1998-12-31,4506.0
ID106,1999-03-31,4133.0
ID106,1999-06-30,4923.0
ID106,1999-09-30,3673.0
ID106,1999-12-31,3491.0
ID106,2000-03-31,3161.0
ID106,2000-06-30,4011.0
ID106,2000-09-30,3654.0
ID106,2000-12-31,4280.0
ID106,2001-03-31,3586.0
ID106,2001-06-30,4019.0
ID106,2001-09-30,3316.0
ID106,2001-12-31,4486.0
ID106,2002-03-31,2523.0
ID106,2002-06-30,2936.0
ID106,2002-09-30,2893.0
ID106,2002-12-31,4631.0
ID106,2003-03-31,2822.0
ID106,2003-06-30,3754.0
ID107,1980-03-31,16.0
ID107,1980-06-30,8.0
ID107,1980-09-30,63.0
ID107,1980-12-31,49.0
ID107,1981-03-31,30.0
ID107,1981-06-30,31.0
ID107,1981-09-30,47.0
ID107,1981-12-31,42.0
ID107,1982-03-31,24.0
ID107,1982-06-30,16.0
ID107,1982-09-30,40.0
ID107,1982-12-31,92.0
ID107,1983-03-31,80.0
ID107,1983-06-30,144.0
ID107,1983-09-30,52.0
ID107,1983-12-31,75.0
ID107,1984-03-31,68.0
ID107,1984-06-30,52.0
ID107,1984-09-30,95.0
ID107,1984-12-31,68.0
ID107,1985-03-31,75.0
ID107,1985-06-30,76.0
ID107,1985-09-30,27.0
ID107,1985-12-31,188.0
ID107,1986-03-31,91.0
ID107,1986-06-30,107.0
ID107,1986-09-30,77.0
ID107,1986-12-31,173.0
ID107,1987-03-31,149.0
ID107,1987-06-30,122.0
ID107,1987-09-30,182.0
ID107,1987-12-31,204.0
ID107,1988-03-31,159.0
ID107,1988-06-30,184.0
ID107,1988-09-30,377.0
ID107,1988-12-31,277.0
ID107,1989-03-31,324.0
ID107,1989-06-30,240.0
ID107,1989-09-30,311.0
ID107,1989-12-31,421.0
ID107,1990-03-31,562.0
ID107,1990-06-30,278.0
ID107,1990-09-30,520.0
ID107,1990-12-31,421.0
ID107,1991-03-31,813.0
ID107,1991-06-30,594.0
ID107,1991-09-30,1016.0
ID107,1991-12-31,1654.0
ID107,1992-03-31,2074.0
ID107,1992-06-30,1375.0
ID107,1992-09-30,1488.0
ID107,1992-12-31,1667.0
ID107,1993-03-31,3350.0
ID107,1993-06-30,1787.0
ID107,1993-09-30,1971.0
ID107,1993-12-31,2302.0
ID107,1994-03-31,3549.0
ID107,1994-06-30,2547.0
ID107,1994-09-30,2406.0
ID107,1994-12-31,1504.0
ID107,1995-03-31,1740.0
ID107,1995-06-30,1475.0
ID107,1995-09-30,2512.0
ID107,1995-12-31,2115.0
ID107,1996-03-31,2598.0
ID107,1996-06-30,1941.0
ID107,1996-09-30,2484.0
ID107,1996-12-31,1615.0
ID107,1997-03-31,2505.0
ID107,1997-06-30,1904.0
ID107,1997-09-30,2690.0
ID107,1997-12-31,1824.0
ID107,1998-03-31,2370.0
ID107,1998-06-30,2017.0
ID107,1998-09-30,1947.0
ID107,1998-12-31,1917.0
ID107,1999-03-31,2405.0
ID107,1999-06-30,1847.0
ID107,1999-09-30,2145.0
ID107,1999-12-31,1527.0
ID107,2000-03-31,2419.0
ID107,2000-06-30,2915.0
ID107,2000-09-30,2744.0
ID107,2000-12-31,1956.0
ID107,2001-03-31,1854.0
ID107,2001-06-30,2437.0
ID107,2001-09-30,2217.0
ID107,2001-12-31,1675.0
ID107,2002-03-31,2484.0
ID107,2002-06-30,1907.0
ID107,2002-09-30,2125.0
ID107,2002-12-31,2155.0
ID107,2003-03-31,2053.0
ID107,2003-06-30,1972.0
ID108,1980-03-31,141.0
ID108,1980-06-30,122.0
ID108,1980-09-30,93.0
ID108,1980-12-31,145.0
ID108,1981-03-31,172.0
ID108,1981-06-30,188.0
ID108,1981-09-30,167.0
ID108,1981-12-31,269.0
ID108,1982-03-31,198.0
ID108,1982-06-30,230.0
ID108,1982-09-30,201.0
ID108,1982-12-31,279.0
ID108,1983-03-31,180.0
ID108,1983-06-30,172.0
ID108,1983-09-30,190.0
ID108,1983-12-31,177.0
ID108,1984-03-31,136.0
ID108,1984-06-30,203.0
ID108,1984-09-30,225.0
ID108,1984-12-31,281.0
ID108,1985-03-31,222.0
ID108,1985-06-30,250.0
ID108,1985-09-30,145.0
ID108,1985-12-31,293.0
ID108,1986-03-31,270.0
ID108,1986-06-30,218.0
ID108,1986-09-30,183.0
ID108,1986-12-31,336.0
ID108,1987-03-31,393.0
ID108,1987-06-30,407.0
ID108,1987-09-30,386.0
ID108,1987-12-31,483.0
ID108,1988-03-31,354.0
ID108,1988-06-30,601.0
ID108,1988-09-30,450.0
ID108,1988-12-31,610.0
ID108,1989-03-31,561.0
ID108,1989-06-30,603.0
ID108,1989-09-30,473.0
ID108,1989-12-31,533.0
ID108,1990-03-31,684.0
ID108,1990-06-30,640.0
ID108,1990-09-30,497.0
ID108,1990-12-31,722.0
ID108,1991-03-31,517.0
ID108,1991-06-30,615.0
ID108,1991-09-30,629.0
ID108,1991-12-31,926.0
ID108,1992-03-31,634.0
ID108,1992-06-30,796.0
ID108,1992-09-30,870.0
ID108,1992-12-31,1304.0
ID108,1993-03-31,727.0
ID108,1993-06-30,998.0
ID108,1993-09-30,610.0
ID108,1993-12-31,1342.0
ID108,1994-03-31,1029.0
ID108,1994-06-30,1427.0
ID108,1994-09-30,1076.0
ID108,1994-12-31,1662.0
ID108,1995-03-31,1221.0
ID108,1995-06-30,1786.0
ID108,1995-09-30,956.0
ID108,1995-12-31,1807.0
ID108,1996-03-31,1367.0
ID108,1996-06-30,2078.0
ID108,1996-09-30,1779.0
ID108,1996-12-31,2303.0
ID108,1997-03-31,1534.0
ID108,1997-06-30,2038.0
ID108,1997-09-30,1446.0
ID108,1997-12-31,2039.0
ID108,1998-03-31,1449.0
ID108,1998-06-30,1735.0
ID108,1998-09-30,1843.0
ID108,1998-12-31,2420.0
ID108,1999-03-31,1514.0
ID108,1999-06-30,2297.0
ID108,1999-09-30,1700.0
ID108,1999-12-31,2409.0
ID108,2000-03-31,1778.0
ID108,2000-06-30,2866.0
ID108,2000-09-30,2069.0
ID108,2000-12-31,2583.0
ID108,2001-03-31,2945.0
ID108,2001-06-30,3097.0
ID108,2001-09-30,2408.0
ID108,2001-12-31,2569.0
ID108,2002-03-31,2059.0
ID108,2002-06-30,2800.0
ID108,2002-09-30,1848.0
ID108,2002-12-31,2638.0
ID108,2003-03-31,2152.0
ID108,2003-06-30,2950.0
ID109,1980-03-31,24.0
ID109,1980-06-30,8.0
ID109,1980-09-30,37.0
ID109,1980-12-31,4.0
ID109,1981-03-31,4.0
ID109,1981-06-30,36.0
ID109,1981-09-30,56.0
ID109,1981-12-31,72.0
ID109,1982-03-31,68.0
ID109,1982-06-30,100.0
ID109,1982-09-30,88.0
ID109,1982-12-31,96.0
ID109,1983-03-31,80.0
ID109,1983-06-30,49.0
ID109,1983-09-30,68.0
ID109,1983-12-31,112.0
ID109,1984-03-31,65.0
ID109,1984-06-30,59.0
ID109,1984-09-30,96.0
ID109,1984-12-31,181.0
ID109,1985-03-31,121.0
ID109,1985-06-30,76.0
ID109,1985-09-30,156.0
ID109,1985-12-31,198.0
ID109,1986-03-31,209.0
ID109,1986-06-30,163.0
ID109,1986-09-30,191.0
ID109,1986-12-31,262.0
ID109,1987-03-31,188.0
ID109,1987-06-30,260.0
ID109,1987-09-30,241.0
ID109,1987-12-31,329.0
ID109,1988-03-31,335.0
ID109,1988-06-30,236.0
ID109,1988-09-30,278.0
ID109,1988-12-31,305.0
ID109,1989-03-31,370.0
ID109,1989-06-30,279.0
ID109,1989-09-30,406.0
ID109,1989-12-31,574.0
ID109,1990-03-31,550.0
ID109,1990-06-30,382.0
ID109,1990-09-30,735.0
ID109,1990-12-31,970.0
ID109,1991-03-31,885.0
ID109,1991-06-30,749.0
ID109,1991-09-30,1026.0
ID109,1991-12-31,1234.0
ID109,1992-03-31,1270.0
ID109,1992-06-30,899.0
ID109,1992-09-30,1150.0
ID109,1992-12-31,1429.0
ID109,1993-03-31,1463.0
ID109,1993-06-30,976.0
ID109,1993-09-30,1531.0
ID109,1993-12-31,1871.0
ID109,1994-03-31,1824.0
ID109,1994-06-30,1414.0
ID109,1994-09-30,2150.0
ID109,1994-12-31,2788.0
ID109,1995-03-31,2614.0
ID109,1995-06-30,1853.0
ID109,1995-09-30,2715.0
ID109,1995-12-31,3301.0
ID109,1996-03-31,3920.0
ID109,1996-06-30,2592.0
ID109,1996-09-30,3772.0
ID109,1996-12-31,4503.0
ID109,1997-03-31,3871.0
ID109,1997-06-30,3278.0
ID109,1997-09-30,5084.0
ID109,1997-12-31,4552.0
ID109,1998-03-31,3348.0
ID109,1998-06-30,2895.0
ID109,1998-09-30,3932.0
ID109,1998-12-31,4096.0
ID109,1999-03-31,3774.0
ID109,1999-06-30,2937.0
ID109,1999-09-30,3566.0
ID109,1999-12-31,4988.0
ID109,2000-03-31,4856.0
ID109,2000-06-30,3527.0
ID109,2000-09-30,5261.0
ID109,2000-12-31,6025.0
ID109,2001-03-31,6808.0
ID109,2001-06-30,4961.0
ID109,2001-09-30,4708.0
ID109,2001-12-31,4757.0
ID109,2002-03-31,4074.0
ID109,2002-06-30,3484.0
ID109,2002-09-30,4326.0
ID109,2002-12-31,5638.0
ID109,2003-03-31,5369.0
ID109,2003-06-30,3754.0
ID11,1985-03-31,26003.0
ID11,1985-06-30,42398.0
ID11,1985-09-30,30059.0
ID11,1985-12-31,38237.0
ID11,1986-03-31,26399.0
ID11,1986-06-30,45250.0
ID11,1986-09-30,36265.0
ID11,1986-12-31,48994.0
ID11,1987-03-31,33740.0
ID11,1987-06-30,50721.0
ID11,1987-09-30,37231.0
ID11,1987-12-31,52490.0
ID11,1988-03-31,38792.0
ID11,1988-06-30,54017.0
ID11,1988-09-30,42039.0
ID11,1988-12-31,51107.0
ID11,1989-03-31,36880.0
ID11,1989-06-30,49827.0
ID11,1989-09-30,36758.0
ID11,1989-12-31,52081.0
ID11,1990-03-31,41625.0
ID11,1990-06-30,62715.0
ID11,1990-09-30,42240.0
ID11,1990-12-31,67288.0
ID11,1991-03-31,41697.0
ID11,1991-06-30,68987.0
ID11,1991-09-30,54517.0
ID11,1991-12-31,88301.0
ID11,1992-03-31,59474.0
ID11,1992-06-30,84167.0
ID11,1992-09-30,73468.0
ID11,1992-12-31,102554.0
ID11,1993-03-31,60743.0
ID11,1993-06-30,85820.0
ID11,1993-09-30,57068.0
ID11,1993-12-31,89864.0
ID11,1994-03-31,61741.0
ID11,1994-06-30,83570.0
ID11,1994-09-30,58153.0
ID11,1994-12-31,81577.0
ID11,1995-03-31,53177.0
ID11,1995-06-30,73032.0
ID11,1995-09-30,58882.0
ID11,1995-12-31,80753.0
ID11,1996-03-31,86842.0
ID11,1996-06-30,96191.0
ID11,1996-09-30,64206.0
ID11,1996-12-31,89342.0
ID11,1997-03-31,71222.0
ID11,1997-06-30,106021.0
ID11,1997-09-30,36034.0
ID11,1997-12-31,41339.0
ID11,1998-03-31,32233.0
ID11,1998-06-30,37944.0
ID11,1998-09-30,28761.0
ID11,1998-12-31,47848.0
ID11,1999-03-31,42702.0
ID11,1999-06-30,53465.0
ID11,1999-09-30,42731.0
ID11,1999-12-31,56689.0
ID11,2000-03-31,47772.0
ID11,2000-06-30,61349.0
ID11,2000-09-30,51060.0
ID11,2000-12-31,68593.0
ID11,2001-03-31,61497.0
ID11,2001-06-30,68163.0
ID11,2001-09-30,49663.0
ID11,2001-12-31,62157.0
ID11,2002-03-31,50700.0
ID11,2002-06-30,69566.0
ID11,2002-09-30,57641.0
ID11,2002-12-31,81429.0
ID110,1980-03-31,46.0
ID110,1980-06-30,52.0
ID110,1980-09-30,38.0
ID110,1980-12-31,44.0
ID110,1981-03-31,16.0
ID110,1981-06-30,80.0
ID110,1981-09-30,64.0
ID110,1981-12-31,112.0
ID110,1982-03-31,87.0
ID110,1982-06-30,109.0
ID110,1982-09-30,64.0
ID110,1982-12-31,44.0
ID110,1983-03-31,65.0
ID110,1983-06-30,53.0
ID110,1983-09-30,76.0
ID110,1983-12-31,80.0
ID110,1984-03-31,20.0
ID110,1984-06-30,61.0
ID110,1984-09-30,153.0
ID110,1984-12-31,132.0
ID110,1985-03-31,104.0
ID110,1985-06-30,76.0
ID110,1985-09-30,119.0
ID110,1985-12-31,160.0
ID110,1986-03-31,187.0
ID110,1986-06-30,159.0
ID110,1986-09-30,179.0
ID110,1986-12-31,209.0
ID110,1987-03-31,176.0
ID110,1987-06-30,210.0
ID110,1987-09-30,208.0
ID110,1987-12-31,335.0
ID110,1988-03-31,229.0
ID110,1988-06-30,361.0
ID110,1988-09-30,356.0
ID110,1988-12-31,548.0
ID110,1989-03-31,430.0
ID110,1989-06-30,492.0
ID110,1989-09-30,649.0
ID110,1989-12-31,579.0
ID110,1990-03-31,651.0
ID110,1990-06-30,541.0
ID110,1990-09-30,398.0
ID110,1990-12-31,496.0
ID110,1991-03-31,548.0
ID110,1991-06-30,430.0
ID110,1991-09-30,846.0
ID110,1991-12-31,1018.0
ID110,1992-03-31,760.0
ID110,1992-06-30,533.0
ID110,1992-09-30,461.0
ID110,1992-12-31,462.0
ID110,1993-03-31,596.0
ID110,1993-06-30,758.0
ID110,1993-09-30,785.0
ID110,1993-12-31,678.0
ID110,1994-03-31,866.0
ID110,1994-06-30,1042.0
ID110,1994-09-30,1050.0
ID110,1994-12-31,2011.0
ID110,1995-03-31,1343.0
ID110,1995-06-30,2132.0
ID110,1995-09-30,2113.0
ID110,1995-12-31,3105.0
ID110,1996-03-31,2752.0
ID110,1996-06-30,2384.0
ID110,1996-09-30,2420.0
ID110,1996-12-31,3273.0
ID110,1997-03-31,2662.0
ID110,1997-06-30,2729.0
ID110,1997-09-30,2483.0
ID110,1997-12-31,4337.0
ID110,1998-03-31,3410.0
ID110,1998-06-30,2895.0
ID110,1998-09-30,3619.0
ID110,1998-12-31,3518.0
ID110,1999-03-31,3859.0
ID110,1999-06-30,3193.0
ID110,1999-09-30,3484.0
ID110,1999-12-31,4163.0
ID110,2000-03-31,3709.0
ID110,2000-06-30,3773.0
ID110,2000-09-30,4665.0
ID110,2000-12-31,5066.0
ID110,2001-03-31,4696.0
ID110,2001-06-30,3994.0
ID110,2001-09-30,4615.0
ID110,2001-12-31,5097.0
ID110,2002-03-31,5065.0
ID110,2002-06-30,4654.0
ID110,2002-09-30,4759.0
ID110,2002-12-31,5526.0
ID110,2003-03-31,4982.0
ID110,2003-06-30,3930.0
ID111,1980-03-31,623.0
ID111,1980-06-30,722.0
ID111,1980-09-30,507.0
ID111,1980-12-31,895.0
ID111,1981-03-31,701.0
ID111,1981-06-30,986.0
ID111,1981-09-30,608.0
ID111,1981-12-31,1437.0
ID111,1982-03-31,750.0
ID111,1982-06-30,1214.0
ID111,1982-09-30,871.0
ID111,1982-12-31,1423.0
ID111,1983-03-31,825.0
ID111,1983-06-30,1180.0
ID111,1983-09-30,987.0
ID111,1983-12-31,1339.0
ID111,1984-03-31,1132.0
ID111,1984-06-30,1252.0
ID111,1984-09-30,1127.0
ID111,1984-12-31,1651.0
ID111,1985-03-31,1391.0
ID111,1985-06-30,1565.0
ID111,1985-09-30,1381.0
ID111,1985-12-31,1880.0
ID111,1986-03-31,1531.0
ID111,1986-06-30,1923.0
ID111,1986-09-30,1564.0
ID111,1986-12-31,2369.0
ID111,1987-03-31,1752.0
ID111,1987-06-30,2194.0
ID111,1987-09-30,1914.0
ID111,1987-12-31,2543.0
ID111,1988-03-31,2010.0
ID111,1988-06-30,2755.0
ID111,1988-09-30,2513.0
ID111,1988-12-31,2903.0
ID111,1989-03-31,2259.0
ID111,1989-06-30,2855.0
ID111,1989-09-30,2323.0
ID111,1989-12-31,3094.0
ID111,1990-03-31,2887.0
ID111,1990-06-30,2981.0
ID111,1990-09-30,2907.0
ID111,1990-12-31,3576.0
ID111,1991-03-31,2871.0
ID111,1991-06-30,3043.0
ID111,1991-09-30,3052.0
ID111,1991-12-31,4674.0
ID111,1992-03-31,3466.0
ID111,1992-06-30,4018.0
ID111,1992-09-30,2905.0
ID111,1992-12-31,4345.0
ID111,1993-03-31,3494.0
ID111,1993-06-30,3837.0
ID111,1993-09-30,3226.0
ID111,1993-12-31,3998.0
ID111,1994-03-31,3561.0
ID111,1994-06-30,4186.0
ID111,1994-09-30,3329.0
ID111,1994-12-31,4914.0
ID111,1995-03-31,3778.0
ID111,1995-06-30,5546.0
ID111,1995-09-30,4431.0
ID111,1995-12-31,6837.0
ID111,1996-03-31,5511.0
ID111,1996-06-30,6557.0
ID111,1996-09-30,5360.0
ID111,1996-12-31,7732.0
ID111,1997-03-31,6202.0
ID111,1997-06-30,7340.0
ID111,1997-09-30,6032.0
ID111,1997-12-31,8364.0
ID111,1998-03-31,5871.0
ID111,1998-06-30,8312.0
ID111,1998-09-30,5787.0
ID111,1998-12-31,8496.0
ID111,1999-03-31,6561.0
ID111,1999-06-30,7084.0
ID111,1999-09-30,6071.0
ID111,1999-12-31,7937.0
ID111,2000-03-31,6122.0
ID111,2000-06-30,8408.0
ID111,2000-09-30,7251.0
ID111,2000-12-31,9480.0
ID111,2001-03-31,6236.0
ID111,2001-06-30,7021.0
ID111,2001-09-30,5437.0
ID111,2001-12-31,6205.0
ID111,2002-03-31,5435.0
ID111,2002-06-30,5521.0
ID111,2002-09-30,4120.0
ID111,2002-12-31,7180.0
ID111,2003-03-31,5191.0
ID111,2003-06-30,6236.0
ID112,1980-03-31,4602.0
ID112,1980-06-30,4119.0
ID112,1980-09-30,2797.0
ID112,1980-12-31,6070.0
ID112,1981-03-31,4070.0
ID112,1981-06-30,4119.0
ID112,1981-09-30,4090.0
ID112,1981-12-31,5818.0
ID112,1982-03-31,3983.0
ID112,1982-06-30,5110.0
ID112,1982-09-30,4317.0
ID112,1982-12-31,5806.0
ID112,1983-03-31,3778.0
ID112,1983-06-30,5570.0
ID112,1983-09-30,6460.0
ID112,1983-12-31,6744.0
ID112,1984-03-31,4223.0
ID112,1984-06-30,5875.0
ID112,1984-09-30,4360.0
ID112,1984-12-31,6902.0
ID112,1985-03-31,4501.0
ID112,1985-06-30,6055.0
ID112,1985-09-30,6056.0
ID112,1985-12-31,8802.0
ID112,1986-03-31,5069.0
ID112,1986-06-30,6153.0
ID112,1986-09-30,5880.0
ID112,1986-12-31,10963.0
ID112,1987-03-31,5916.0
ID112,1987-06-30,7253.0
ID112,1987-09-30,7047.0
ID112,1987-12-31,9460.0
ID112,1988-03-31,6583.0
ID112,1988-06-30,7837.0
ID112,1988-09-30,9074.0
ID112,1988-12-31,10657.0
ID112,1989-03-31,6542.0
ID112,1989-06-30,6969.0
ID112,1989-09-30,7312.0
ID112,1989-12-31,9667.0
ID112,1990-03-31,7941.0
ID112,1990-06-30,7762.0
ID112,1990-09-30,9200.0
ID112,1990-12-31,10249.0
ID112,1991-03-31,7098.0
ID112,1991-06-30,8571.0
ID112,1991-09-30,13076.0
ID112,1991-12-31,10538.0
ID112,1992-03-31,7398.0
ID112,1992-06-30,9995.0
ID112,1992-09-30,9270.0
ID112,1992-12-31,12649.0
ID112,1993-03-31,7707.0
ID112,1993-06-30,8972.0
ID112,1993-09-30,10014.0
ID112,1993-12-31,11834.0
ID112,1994-03-31,9285.0
ID112,1994-06-30,8460.0
ID112,1994-09-30,10210.0
ID112,1994-12-31,19577.0
ID112,1995-03-31,13041.0
ID112,1995-06-30,13032.0
ID112,1995-09-30,12563.0
ID112,1995-12-31,18704.0
ID112,1996-03-31,13029.0
ID112,1996-06-30,14854.0
ID112,1996-09-30,14176.0
ID112,1996-12-31,20855.0
ID112,1997-03-31,14067.0
ID112,1997-06-30,15090.0
ID112,1997-09-30,15205.0
ID112,1997-12-31,23020.0
ID112,1998-03-31,18009.0
ID112,1998-06-30,17727.0
ID112,1998-09-30,15886.0
ID112,1998-12-31,24146.0
ID112,1999-03-31,18615.0
ID112,1999-06-30,18799.0
ID112,1999-09-30,17561.0
ID112,1999-12-31,27681.0
ID112,2000-03-31,19900.0
ID112,2000-06-30,25412.0
ID112,2000-09-30,21968.0
ID112,2000-12-31,34298.0
ID112,2001-03-31,25622.0
ID112,2001-06-30,26933.0
ID112,2001-09-30,18002.0
ID112,2001-12-31,21492.0
ID112,2002-03-31,17821.0
ID112,2002-06-30,17108.0
ID112,2002-09-30,16280.0
ID112,2002-12-31,24538.0
ID112,2003-03-31,17653.0
ID112,2003-06-30,19100.0
ID113,1980-03-31,2459.0
ID113,1980-06-30,1366.0
ID113,1980-09-30,1111.0
ID113,1980-12-31,3378.0
ID113,1981-03-31,2300.0
ID113,1981-06-30,1482.0
ID113,1981-09-30,1731.0
ID113,1981-12-31,2990.0
ID113,1982-03-31,1983.0
ID113,1982-06-30,1792.0
ID113,1982-09-30,1704.0
ID113,1982-12-31,2823.0
ID113,1983-03-31,2046.0
ID113,1983-06-30,1785.0
ID113,1983-09-30,2478.0
ID113,1983-12-31,3277.0
ID113,1984-03-31,2350.0
ID113,1984-06-30,1816.0
ID113,1984-09-30,1698.0
ID113,1984-12-31,3082.0
ID113,1985-03-31,2202.0
ID113,1985-06-30,2123.0
ID113,1985-09-30,2002.0
ID113,1985-12-31,4305.0
ID113,1986-03-31,2263.0
ID113,1986-06-30,1849.0
ID113,1986-09-30,1832.0
ID113,1986-12-31,4562.0
ID113,1987-03-31,2471.0
ID113,1987-06-30,2275.0
ID113,1987-09-30,2199.0
ID113,1987-12-31,4484.0
ID113,1988-03-31,2654.0
ID113,1988-06-30,2384.0
ID113,1988-09-30,3622.0
ID113,1988-12-31,5074.0
ID113,1989-03-31,2632.0
ID113,1989-06-30,2334.0
ID113,1989-09-30,2848.0
ID113,1989-12-31,4157.0
ID113,1990-03-31,3398.0
ID113,1990-06-30,2706.0
ID113,1990-09-30,3774.0
ID113,1990-12-31,4494.0
ID113,1991-03-31,2961.0
ID113,1991-06-30,2082.0
ID113,1991-09-30,4185.0
ID113,1991-12-31,4726.0
ID113,1992-03-31,3500.0
ID113,1992-06-30,2651.0
ID113,1992-09-30,2855.0
ID113,1992-12-31,5295.0
ID113,1993-03-31,3202.0
ID113,1993-06-30,2757.0
ID113,1993-09-30,2902.0
ID113,1993-12-31,4894.0
ID113,1994-03-31,4174.0
ID113,1994-06-30,2508.0
ID113,1994-09-30,2605.0
ID113,1994-12-31,6826.0
ID113,1995-03-31,5231.0
ID113,1995-06-30,3342.0
ID113,1995-09-30,4518.0
ID113,1995-12-31,6896.0
ID113,1996-03-31,5547.0
ID113,1996-06-30,3499.0
ID113,1996-09-30,3825.0
ID113,1996-12-31,7488.0
ID113,1997-03-31,5839.0
ID113,1997-06-30,3471.0
ID113,1997-09-30,4356.0
ID113,1997-12-31,7950.0
ID113,1998-03-31,6960.0
ID113,1998-06-30,4147.0
ID113,1998-09-30,4515.0
ID113,1998-12-31,7564.0
ID113,1999-03-31,6673.0
ID113,1999-06-30,3568.0
ID113,1999-09-30,4178.0
ID113,1999-12-31,7892.0
ID113,2000-03-31,7093.0
ID113,2000-06-30,4747.0
ID113,2000-09-30,5530.0
ID113,2000-12-31,9604.0
ID113,2001-03-31,7815.0
ID113,2001-06-30,5316.0
ID113,2001-09-30,4940.0
ID113,2001-12-31,8769.0
ID113,2002-03-31,7223.0
ID113,2002-06-30,3676.0
ID113,2002-09-30,4206.0
ID113,2002-12-31,8431.0
ID113,2003-03-31,6275.0
ID113,2003-06-30,3790.0
ID114,1980-03-31,24150.0
ID114,1980-06-30,8200.0
ID114,1980-09-30,10550.0
ID114,1980-12-31,30070.0
ID114,1981-03-31,25292.0
ID114,1981-06-30,9284.0
ID114,1981-09-30,12260.0
ID114,1981-12-31,32033.0
ID114,1982-03-31,30563.0
ID114,1982-06-30,19357.0
ID114,1982-09-30,15130.0
ID114,1982-12-31,31502.0
ID114,1983-03-31,22119.0
ID114,1983-06-30,11504.0
ID114,1983-09-30,15017.0
ID114,1983-12-31,32136.0
ID114,1984-03-31,21860.0
ID114,1984-06-30,12476.0
ID114,1984-09-30,14078.0
ID114,1984-12-31,27828.0
ID114,1985-03-31,25308.0
ID114,1985-06-30,10835.0
ID114,1985-09-30,11636.0
ID114,1985-12-31,30835.0
ID114,1986-03-31,27704.0
ID114,1986-06-30,9900.0
ID114,1986-09-30,11551.0
ID114,1986-12-31,34295.0
ID114,1987-03-31,29616.0
ID114,1987-06-30,12742.0
ID114,1987-09-30,12044.0
ID114,1987-12-31,37920.0
ID114,1988-03-31,37301.0
ID114,1988-06-30,16676.0
ID114,1988-09-30,15137.0
ID114,1988-12-31,40900.0
ID114,1989-03-31,34872.0
ID114,1989-06-30,19454.0
ID114,1989-09-30,17378.0
ID114,1989-12-31,43691.0
ID114,1990-03-31,31954.0
ID114,1990-06-30,21291.0
ID114,1990-09-30,16970.0
ID114,1990-12-31,42105.0
ID114,1991-03-31,31974.0
ID114,1991-06-30,22882.0
ID114,1991-09-30,16022.0
ID114,1991-12-31,42239.0
ID114,1992-03-31,35446.0
ID114,1992-06-30,24595.0
ID114,1992-09-30,19968.0
ID114,1992-12-31,44061.0
ID114,1993-03-31,41838.0
ID114,1993-06-30,21449.0
ID114,1993-09-30,20918.0
ID114,1993-12-31,47887.0
ID114,1994-03-31,43813.0
ID114,1994-06-30,22304.0
ID114,1994-09-30,23246.0
ID114,1994-12-31,58308.0
ID114,1995-03-31,52712.0
ID114,1995-06-30,30734.0
ID114,1995-09-30,23834.0
ID114,1995-12-31,55518.0
ID114,1996-03-31,47757.0
ID114,1996-06-30,29672.0
ID114,1996-09-30,25751.0
ID114,1996-12-31,64102.0
ID114,1997-03-31,52368.0
ID114,1997-06-30,26248.0
ID114,1997-09-30,28044.0
ID114,1997-12-31,68035.0
ID114,1998-03-31,63281.0
ID114,1998-06-30,34562.0
ID114,1998-09-30,23775.0
ID114,1998-12-31,71765.0
ID114,1999-03-31,61016.0
ID114,1999-06-30,29891.0
ID114,1999-09-30,36084.0
ID114,1999-12-31,68244.0
ID114,2000-03-31,57161.0
ID114,2000-06-30,36434.0
ID114,2000-09-30,30302.0
ID114,2000-12-31,85352.0
ID114,2001-03-31,67348.0
ID114,2001-06-30,36648.0
ID114,2001-09-30,33536.0
ID114,2001-12-31,72648.0
ID114,2002-03-31,67524.0
ID114,2002-06-30,26341.0
ID114,2002-09-30,30197.0
ID114,2002-12-31,76795.0
ID114,2003-03-31,65099.0
ID114,2003-06-30,36218.0
ID115,1980-03-31,2920.0
ID115,1980-06-30,1211.0
ID115,1980-09-30,1394.0
ID115,1980-12-31,3509.0
ID115,1981-03-31,3131.0
ID115,1981-06-30,985.0
ID115,1981-09-30,1593.0
ID115,1981-12-31,3717.0
ID115,1982-03-31,3030.0
ID115,1982-06-30,1278.0
ID115,1982-09-30,1543.0
ID115,1982-12-31,3345.0
ID115,1983-03-31,2659.0
ID115,1983-06-30,963.0
ID115,1983-09-30,1389.0
ID115,1983-12-31,2904.0
ID115,1984-03-31,2450.0
ID115,1984-06-30,935.0
ID115,1984-09-30,1447.0
ID115,1984-12-31,3265.0
ID115,1985-03-31,2591.0
ID115,1985-06-30,797.0
ID115,1985-09-30,1422.0
ID115,1985-12-31,3317.0
ID115,1986-03-31,2570.0
ID115,1986-06-30,743.0
ID115,1986-09-30,1654.0
ID115,1986-12-31,3554.0
ID115,1987-03-31,3235.0
ID115,1987-06-30,1143.0
ID115,1987-09-30,1727.0
ID115,1987-12-31,4265.0
ID115,1988-03-31,4338.0
ID115,1988-06-30,1087.0
ID115,1988-09-30,2220.0
ID115,1988-12-31,4338.0
ID115,1989-03-31,3576.0
ID115,1989-06-30,1646.0
ID115,1989-09-30,2310.0
ID115,1989-12-31,4242.0
ID115,1990-03-31,3077.0
ID115,1990-06-30,1768.0
ID115,1990-09-30,2320.0
ID115,1990-12-31,3148.0
ID115,1991-03-31,2556.0
ID115,1991-06-30,1198.0
ID115,1991-09-30,1901.0
ID115,1991-12-31,4020.0
ID115,1992-03-31,3215.0
ID115,1992-06-30,1803.0
ID115,1992-09-30,1852.0
ID115,1992-12-31,4070.0
ID115,1993-03-31,3691.0
ID115,1993-06-30,2005.0
ID115,1993-09-30,2534.0
ID115,1993-12-31,4307.0
ID115,1994-03-31,4580.0
ID115,1994-06-30,1945.0
ID115,1994-09-30,3451.0
ID115,1994-12-31,6597.0
ID115,1995-03-31,6124.0
ID115,1995-06-30,3181.0
ID115,1995-09-30,3300.0
ID115,1995-12-31,6908.0
ID115,1996-03-31,5638.0
ID115,1996-06-30,3296.0
ID115,1996-09-30,3766.0
ID115,1996-12-31,6251.0
ID115,1997-03-31,6359.0
ID115,1997-06-30,2746.0
ID115,1997-09-30,4236.0
ID115,1997-12-31,7754.0
ID115,1998-03-31,6127.0
ID115,1998-06-30,3103.0
ID115,1998-09-30,3511.0
ID115,1998-12-31,6512.0
ID115,1999-03-31,5704.0
ID115,1999-06-30,2856.0
ID115,1999-09-30,3627.0
ID115,1999-12-31,7015.0
ID115,2000-03-31,6128.0
ID115,2000-06-30,3342.0
ID115,2000-09-30,4418.0
ID115,2000-12-31,7044.0
ID115,2001-03-31,6382.0
ID115,2001-06-30,3313.0
ID115,2001-09-30,3710.0
ID115,2001-12-31,5437.0
ID115,2002-03-31,5320.0
ID115,2002-06-30,1929.0
ID115,2002-09-30,2783.0
ID115,2002-12-31,5917.0
ID115,2003-03-31,4606.0
ID115,2003-06-30,2497.0
ID116,1980-03-31,8563.0
ID116,1980-06-30,4077.0
ID116,1980-09-30,5294.0
ID116,1980-12-31,12745.0
ID116,1981-03-31,8379.0
ID116,1981-06-30,4291.0
ID116,1981-09-30,5588.0
ID116,1981-12-31,13060.0
ID116,1982-03-31,7967.0
ID116,1982-06-30,4409.0
ID116,1982-09-30,6014.0
ID116,1982-12-31,13046.0
ID116,1983-03-31,7362.0
ID116,1983-06-30,4111.0
ID116,1983-09-30,6091.0
ID116,1983-12-31,12377.0
ID116,1984-03-31,7111.0
ID116,1984-06-30,4772.0
ID116,1984-09-30,6037.0
ID116,1984-12-31,13397.0
ID116,1985-03-31,9107.0
ID116,1985-06-30,4821.0
ID116,1985-09-30,6419.0
ID116,1985-12-31,14701.0
ID116,1986-03-31,10011.0
ID116,1986-06-30,4576.0
ID116,1986-09-30,6945.0
ID116,1986-12-31,15716.0
ID116,1987-03-31,11236.0
ID116,1987-06-30,5197.0
ID116,1987-09-30,8206.0
ID116,1987-12-31,17419.0
ID116,1988-03-31,13499.0
ID116,1988-06-30,6776.0
ID116,1988-09-30,9458.0
ID116,1988-12-31,19532.0
ID116,1989-03-31,13003.0
ID116,1989-06-30,6547.0
ID116,1989-09-30,10208.0
ID116,1989-12-31,18915.0
ID116,1990-03-31,11755.0
ID116,1990-06-30,7039.0
ID116,1990-09-30,10108.0
ID116,1990-12-31,18900.0
ID116,1991-03-31,10267.0
ID116,1991-06-30,6276.0
ID116,1991-09-30,8988.0
ID116,1991-12-31,18766.0
ID116,1992-03-31,11079.0
ID116,1992-06-30,6814.0
ID116,1992-09-30,9276.0
ID116,1992-12-31,18716.0
ID116,1993-03-31,11266.0
ID116,1993-06-30,6934.0
ID116,1993-09-30,10087.0
ID116,1993-12-31,20614.0
ID116,1994-03-31,14135.0
ID116,1994-06-30,8177.0
ID116,1994-09-30,11961.0
ID116,1994-12-31,26163.0
ID116,1995-03-31,18630.0
ID116,1995-06-30,10727.0
ID116,1995-09-30,15218.0
ID116,1995-12-31,26318.0
ID116,1996-03-31,19086.0
ID116,1996-06-30,10894.0
ID116,1996-09-30,14830.0
ID116,1996-12-31,30101.0
ID116,1997-03-31,20603.0
ID116,1997-06-30,10837.0
ID116,1997-09-30,17212.0
ID116,1997-12-31,31864.0
ID116,1998-03-31,22157.0
ID116,1998-06-30,12009.0
ID116,1998-09-30,14473.0
ID116,1998-12-31,30497.0
ID116,1999-03-31,23311.0
ID116,1999-06-30,11956.0
ID116,1999-09-30,18043.0
ID116,1999-12-31,33149.0
ID116,2000-03-31,23703.0
ID116,2000-06-30,14769.0
ID116,2000-09-30,18622.0
ID116,2000-12-31,35906.0
ID116,2001-03-31,24861.0
ID116,2001-06-30,13782.0
ID116,2001-09-30,16942.0
ID116,2001-12-31,28027.0
ID116,2002-03-31,21542.0
ID116,2002-06-30,11510.0
ID116,2002-09-30,12521.0
ID116,2002-12-31,29856.0
ID116,2003-03-31,20524.0
ID116,2003-06-30,11049.0
ID117,1980-03-31,5541.0
ID117,1980-06-30,4182.0
ID117,1980-09-30,4972.0
ID117,1980-12-31,9177.0
ID117,1981-03-31,6183.0
ID117,1981-06-30,4694.0
ID117,1981-09-30,5257.0
ID117,1981-12-31,9739.0
ID117,1982-03-31,6094.0
ID117,1982-06-30,5300.0
ID117,1982-09-30,5246.0
ID117,1982-12-31,9468.0
ID117,1983-03-31,5797.0
ID117,1983-06-30,4426.0
ID117,1983-09-30,5184.0
ID117,1983-12-31,9732.0
ID117,1984-03-31,6483.0
ID117,1984-06-30,5416.0
ID117,1984-09-30,5897.0
ID117,1984-12-31,10914.0
ID117,1985-03-31,6461.0
ID117,1985-06-30,5542.0
ID117,1985-09-30,6014.0
ID117,1985-12-31,11377.0
ID117,1986-03-31,7722.0
ID117,1986-06-30,5888.0
ID117,1986-09-30,6877.0
ID117,1986-12-31,11905.0
ID117,1987-03-31,7910.0
ID117,1987-06-30,6893.0
ID117,1987-09-30,7892.0
ID117,1987-12-31,13619.0
ID117,1988-03-31,9354.0
ID117,1988-06-30,8454.0
ID117,1988-09-30,8847.0
ID117,1988-12-31,15015.0
ID117,1989-03-31,10423.0
ID117,1989-06-30,7992.0
ID117,1989-09-30,10071.0
ID117,1989-12-31,14916.0
ID117,1990-03-31,10112.0
ID117,1990-06-30,8155.0
ID117,1990-09-30,8527.0
ID117,1990-12-31,13436.0
ID117,1991-03-31,8163.0
ID117,1991-06-30,6860.0
ID117,1991-09-30,7925.0
ID117,1991-12-31,13533.0
ID117,1992-03-31,8916.0
ID117,1992-06-30,7637.0
ID117,1992-09-30,8360.0
ID117,1992-12-31,14022.0
ID117,1993-03-31,10051.0
ID117,1993-06-30,9286.0
ID117,1993-09-30,10354.0
ID117,1993-12-31,17452.0
ID117,1994-03-31,12113.0
ID117,1994-06-30,10592.0
ID117,1994-09-30,10572.0
ID117,1994-12-31,18625.0
ID117,1995-03-31,11249.0
ID117,1995-06-30,11760.0
ID117,1995-09-30,11550.0
ID117,1995-12-31,20435.0
ID117,1996-03-31,13352.0
ID117,1996-06-30,11954.0
ID117,1996-09-30,12935.0
ID117,1996-12-31,21217.0
ID117,1997-03-31,14533.0
ID117,1997-06-30,13048.0
ID117,1997-09-30,14352.0
ID117,1997-12-31,21845.0
ID117,1998-03-31,14510.0
ID117,1998-06-30,13267.0
ID117,1998-09-30,13586.0
ID117,1998-12-31,25206.0
ID117,1999-03-31,17052.0
ID117,1999-06-30,13979.0
ID117,1999-09-30,15662.0
ID117,1999-12-31,22310.0
ID117,2000-03-31,15986.0
ID117,2000-06-30,15735.0
ID117,2000-09-30,16058.0
ID117,2000-12-31,26498.0
ID117,2001-03-31,18186.0
ID117,2001-06-30,15589.0
ID117,2001-09-30,15219.0
ID117,2001-12-31,20313.0
ID117,2002-03-31,14370.0
ID117,2002-06-30,12010.0
ID117,2002-09-30,12986.0
ID117,2002-12-31,19465.0
ID117,2003-03-31,12984.0
ID117,2003-06-30,12966.0
ID118,1980-03-31,64931.0
ID118,1980-06-30,51182.0
ID118,1980-09-30,53727.0
ID118,1980-12-31,94045.0
ID118,1981-03-31,65284.0
ID118,1981-06-30,54728.0
ID118,1981-09-30,55715.0
ID118,1981-12-31,95724.0
ID118,1982-03-31,69402.0
ID118,1982-06-30,61809.0
ID118,1982-09-30,58607.0
ID118,1982-12-31,94418.0
ID118,1983-03-31,60291.0
ID118,1983-06-30,51102.0
ID118,1983-09-30,60115.0
ID118,1983-12-31,96842.0
ID118,1984-03-31,59318.0
ID118,1984-06-30,59344.0
ID118,1984-09-30,58019.0
ID118,1984-12-31,94075.0
ID118,1985-03-31,67007.0
ID118,1985-06-30,56038.0
ID118,1985-09-30,58205.0
ID118,1985-12-31,106082.0
ID118,1986-03-31,77148.0
ID118,1986-06-30,60236.0
ID118,1986-09-30,66100.0
ID118,1986-12-31,122763.0
ID118,1987-03-31,85453.0
ID118,1987-06-30,72788.0
ID118,1987-09-30,78645.0
ID118,1987-12-31,133495.0
ID118,1988-03-31,107176.0
ID118,1988-06-30,90674.0
ID118,1988-09-30,98380.0
ID118,1988-12-31,152504.0
ID118,1989-03-31,106882.0
ID118,1989-06-30,93196.0
ID118,1989-09-30,101564.0
ID118,1989-12-31,158377.0
ID118,1990-03-31,106193.0
ID118,1990-06-30,97536.0
ID118,1990-09-30,102659.0
ID118,1990-12-31,149630.0
ID118,1991-03-31,104068.0
ID118,1991-06-30,97789.0
ID118,1991-09-30,112904.0
ID118,1991-12-31,159081.0
ID118,1992-03-31,111182.0
ID118,1992-06-30,103632.0
ID118,1992-09-30,105788.0
ID118,1992-12-31,168857.0
ID118,1993-03-31,125124.0
ID118,1993-06-30,108941.0
ID118,1993-09-30,119141.0
ID118,1993-12-31,177388.0
ID118,1994-03-31,139618.0
ID118,1994-06-30,112332.0
ID118,1994-09-30,128969.0
ID118,1994-12-31,224105.0
ID118,1995-03-31,166047.0
ID118,1995-06-30,149029.0
ID118,1995-09-30,150828.0
ID118,1995-12-31,234290.0
ID118,1996-03-31,187452.0
ID118,1996-06-30,165015.0
ID118,1996-09-30,169713.0
ID118,1996-12-31,259153.0
ID118,1997-03-31,199051.0
ID118,1997-06-30,161025.0
ID118,1997-09-30,181566.0
ID118,1997-12-31,275960.0
ID118,1998-03-31,206786.0
ID118,1998-06-30,190241.0
ID118,1998-09-30,164546.0
ID118,1998-12-31,280872.0
ID118,1999-03-31,217891.0
ID118,1999-06-30,173940.0
ID118,1999-09-30,191310.0
ID118,1999-12-31,281262.0
ID118,2000-03-31,216726.0
ID118,2000-06-30,214868.0
ID118,2000-09-30,208226.0
ID118,2000-12-31,337984.0
ID118,2001-03-31,251898.0
ID118,2001-06-30,222278.0
ID118,2001-09-30,195816.0
ID118,2001-12-31,272355.0
ID118,2002-03-31,221068.0
ID118,2002-06-30,165461.0
ID118,2002-09-30,169640.0
ID118,2002-12-31,291408.0
ID118,2003-03-31,213748.0
ID118,2003-06-30,190039.0
ID119,1980-03-31,7261.0
ID119,1980-06-30,8728.0
ID119,1980-09-30,9293.0
ID119,1980-12-31,7339.0
ID119,1981-03-31,6780.0
ID119,1981-06-30,8274.0
ID119,1981-09-30,9211.0
ID119,1981-12-31,8328.0
ID119,1982-03-31,7343.0
ID119,1982-06-30,8923.0
ID119,1982-09-30,8901.0
ID119,1982-12-31,6905.0
ID119,1983-03-31,6998.0
ID119,1983-06-30,7713.0
ID119,1983-09-30,9316.0
ID119,1983-12-31,7186.0
ID119,1984-03-31,7512.0
ID119,1984-06-30,10177.0
ID119,1984-09-30,9874.0
ID119,1984-12-31,8195.0
ID119,1985-03-31,8835.0
ID119,1985-06-30,10286.0
ID119,1985-09-30,11646.0
ID119,1985-12-31,10513.0
ID119,1986-03-31,9358.0
ID119,1986-06-30,12277.0
ID119,1986-09-30,11877.0
ID119,1986-12-31,11596.0
ID119,1987-03-31,10619.0
ID119,1987-06-30,14350.0
ID119,1987-09-30,15302.0
ID119,1987-12-31,15487.0
ID119,1988-03-31,14460.0
ID119,1988-06-30,18446.0
ID119,1988-09-30,20537.0
ID119,1988-12-31,17519.0
ID119,1989-03-31,14948.0
ID119,1989-06-30,16975.0
ID119,1989-09-30,17855.0
ID119,1989-12-31,16714.0
ID119,1990-03-31,15066.0
ID119,1990-06-30,16425.0
ID119,1990-09-30,18181.0
ID119,1990-12-31,16493.0
ID119,1991-03-31,15143.0
ID119,1991-06-30,18010.0
ID119,1991-09-30,19148.0
ID119,1991-12-31,15694.0
ID119,1992-03-31,14704.0
ID119,1992-06-30,18240.0
ID119,1992-09-30,20363.0
ID119,1992-12-31,17711.0
ID119,1993-03-31,19304.0
ID119,1993-06-30,21665.0
ID119,1993-09-30,22592.0
ID119,1993-12-31,20480.0
ID119,1994-03-31,18491.0
ID119,1994-06-30,22563.0
ID119,1994-09-30,26484.0
ID119,1994-12-31,23865.0
ID119,1995-03-31,22325.0
ID119,1995-06-30,24936.0
ID119,1995-09-30,32068.0
ID119,1995-12-31,28569.0
ID119,1996-03-31,25264.0
ID119,1996-06-30,31485.0
ID119,1996-09-30,35788.0
ID119,1996-12-31,29410.0
ID119,1997-03-31,26041.0
ID119,1997-06-30,33189.0
ID119,1997-09-30,35976.0
ID119,1997-12-31,29743.0
ID119,1998-03-31,31279.0
ID119,1998-06-30,32483.0
ID119,1998-09-30,34920.0
ID119,1998-12-31,30671.0
ID119,1999-03-31,29018.0
ID119,1999-06-30,34520.0
ID119,1999-09-30,37803.0
ID119,1999-12-31,28678.0
ID119,2000-03-31,31237.0
ID119,2000-06-30,42116.0
ID119,2000-09-30,36741.0
ID119,2000-12-31,34011.0
ID119,2001-03-31,31714.0
ID119,2001-06-30,38387.0
ID119,2001-09-30,42248.0
ID119,2001-12-31,34471.0
ID119,2002-03-31,31561.0
ID119,2002-06-30,41283.0
ID119,2002-09-30,41605.0
ID119,2002-12-31,36301.0
ID119,2003-03-31,32907.0
ID119,2003-06-30,38025.0
ID12,1985-03-31,48460.0
ID12,1985-06-30,39306.0
ID12,1985-09-30,47206.0
ID12,1985-12-31,41645.0
ID12,1986-03-31,50706.0
ID12,1986-06-30,44251.0
ID12,1986-09-30,64027.0
ID12,1986-12-31,61485.0
ID12,1987-03-31,83767.0
ID12,1987-06-30,67532.0
ID12,1987-09-30,93132.0
ID12,1987-12-31,109764.0
ID12,1988-03-31,158815.0
ID12,1988-06-30,310870.0
ID12,1988-09-30,323541.0
ID12,1988-12-31,300778.0
ID12,1989-03-31,253317.0
ID12,1989-06-30,378557.0
ID12,1989-09-30,251634.0
ID12,1989-12-31,249396.0
ID12,1990-03-31,270300.0
ID12,1990-06-30,378826.0
ID12,1990-09-30,360838.0
ID12,1990-12-31,334677.0
ID12,1991-03-31,292423.0
ID12,1991-06-30,340997.0
ID12,1991-09-30,333135.0
ID12,1991-12-31,331484.0
ID12,1992-03-31,347426.0
ID12,1992-06-30,397194.0
ID12,1992-09-30,462891.0
ID12,1992-12-31,432521.0
ID12,1993-03-31,402826.0
ID12,1993-06-30,447674.0
ID12,1993-09-30,495308.0
ID12,1993-12-31,431502.0
ID12,1994-03-31,396703.0
ID12,1994-06-30,399566.0
ID12,1994-09-30,450028.0
ID12,1994-12-31,419033.0
ID12,1995-03-31,404611.0
ID12,1995-06-30,435341.0
ID12,1995-09-30,489532.0
ID12,1995-12-31,431627.0
ID12,1996-03-31,389380.0
ID12,1996-06-30,416027.0
ID12,1996-09-30,614443.0
ID12,1996-12-31,604127.0
ID12,1997-03-31,479429.0
ID12,1997-06-30,496392.0
ID12,1997-09-30,472617.0
ID12,1997-12-31,471576.0
ID12,1998-03-31,447281.0
ID12,1998-06-30,465263.0
ID12,1998-09-30,486164.0
ID12,1998-12-31,486842.0
ID12,1999-03-31,469236.0
ID12,1999-06-30,502008.0
ID12,1999-09-30,543985.0
ID12,1999-12-31,547798.0
ID12,2000-03-31,534145.0
ID12,2000-06-30,599278.0
ID12,2000-09-30,637665.0
ID12,2000-12-31,614651.0
ID12,2001-03-31,575216.0
ID12,2001-06-30,634829.0
ID12,2001-09-30,626336.0
ID12,2001-12-31,582446.0
ID12,2002-03-31,569785.0
ID12,2002-06-30,593529.0
ID12,2002-09-30,649670.0
ID12,2002-12-31,615792.0
ID120,1980-03-31,3296.0
ID120,1980-06-30,2857.0
ID120,1980-09-30,3219.0
ID120,1980-12-31,3315.0
ID120,1981-03-31,2987.0
ID120,1981-06-30,2710.0
ID120,1981-09-30,3281.0
ID120,1981-12-31,3759.0
ID120,1982-03-31,3249.0
ID120,1982-06-30,3110.0
ID120,1982-09-30,3358.0
ID120,1982-12-31,3686.0
ID120,1983-03-31,3347.0
ID120,1983-06-30,2564.0
ID120,1983-09-30,3611.0
ID120,1983-12-31,3790.0
ID120,1984-03-31,3787.0
ID120,1984-06-30,3674.0
ID120,1984-09-30,4260.0
ID120,1984-12-31,4661.0
ID120,1985-03-31,4278.0
ID120,1985-06-30,4763.0
ID120,1985-09-30,4620.0
ID120,1985-12-31,5448.0
ID120,1986-03-31,4870.0
ID120,1986-06-30,6508.0
ID120,1986-09-30,4021.0
ID120,1986-12-31,5413.0
ID120,1987-03-31,5634.0
ID120,1987-06-30,4716.0
ID120,1987-09-30,5839.0
ID120,1987-12-31,6772.0
ID120,1988-03-31,6387.0
ID120,1988-06-30,6952.0
ID120,1988-09-30,7289.0
ID120,1988-12-31,8597.0
ID120,1989-03-31,7907.0
ID120,1989-06-30,6189.0
ID120,1989-09-30,6374.0
ID120,1989-12-31,7683.0
ID120,1990-03-31,9063.0
ID120,1990-06-30,6086.0
ID120,1990-09-30,7141.0
ID120,1990-12-31,8007.0
ID120,1991-03-31,5446.0
ID120,1991-06-30,6419.0
ID120,1991-09-30,6110.0
ID120,1991-12-31,8187.0
ID120,1992-03-31,6936.0
ID120,1992-06-30,5392.0
ID120,1992-09-30,5440.0
ID120,1992-12-31,5891.0
ID120,1993-03-31,5433.0
ID120,1993-06-30,5758.0
ID120,1993-09-30,5755.0
ID120,1993-12-31,6815.0
ID120,1994-03-31,8536.0
ID120,1994-06-30,7015.0
ID120,1994-09-30,7933.0
ID120,1994-12-31,7041.0
ID120,1995-03-31,7248.0
ID120,1995-06-30,6841.0
ID120,1995-09-30,13151.0
ID120,1995-12-31,7936.0
ID120,1996-03-31,8064.0
ID120,1996-06-30,8458.0
ID120,1996-09-30,7494.0
ID120,1996-12-31,9279.0
ID120,1997-03-31,9415.0
ID120,1997-06-30,8645.0
ID120,1997-09-30,10124.0
ID120,1997-12-31,8775.0
ID120,1998-03-31,7574.0
ID120,1998-06-30,7755.0
ID120,1998-09-30,6788.0
ID120,1998-12-31,9174.0
ID120,1999-03-31,7876.0
ID120,1999-06-30,7807.0
ID120,1999-09-30,7431.0
ID120,1999-12-31,7944.0
ID120,2000-03-31,7737.0
ID120,2000-06-30,7090.0
ID120,2000-09-30,9623.0
ID120,2000-12-31,10296.0
ID120,2001-03-31,8775.0
ID120,2001-06-30,8011.0
ID120,2001-09-30,8869.0
ID120,2001-12-31,7843.0
ID120,2002-03-31,7883.0
ID120,2002-06-30,9787.0
ID120,2002-09-30,8858.0
ID120,2002-12-31,9386.0
ID120,2003-03-31,8736.0
ID120,2003-06-30,8101.0
ID121,1980-03-31,764.0
ID121,1980-06-30,580.0
ID121,1980-09-30,547.0
ID121,1980-12-31,776.0
ID121,1981-03-31,821.0
ID121,1981-06-30,818.0
ID121,1981-09-30,804.0
ID121,1981-12-31,863.0
ID121,1982-03-31,960.0
ID121,1982-06-30,907.0
ID121,1982-09-30,1008.0
ID121,1982-12-31,945.0
ID121,1983-03-31,818.0
ID121,1983-06-30,958.0
ID121,1983-09-30,860.0
ID121,1983-12-31,1090.0
ID121,1984-03-31,882.0
ID121,1984-06-30,1207.0
ID121,1984-09-30,1153.0
ID121,1984-12-31,1058.0
ID121,1985-03-31,995.0
ID121,1985-06-30,1035.0
ID121,1985-09-30,972.0
ID121,1985-12-31,1187.0
ID121,1986-03-31,1720.0
ID121,1986-06-30,1366.0
ID121,1986-09-30,1500.0
ID121,1986-12-31,1533.0
ID121,1987-03-31,1739.0
ID121,1987-06-30,1629.0
ID121,1987-09-30,1787.0
ID121,1987-12-31,2288.0
ID121,1988-03-31,2049.0
ID121,1988-06-30,2275.0
ID121,1988-09-30,2069.0
ID121,1988-12-31,2136.0
ID121,1989-03-31,2021.0
ID121,1989-06-30,2500.0
ID121,1989-09-30,2364.0
ID121,1989-12-31,2224.0
ID121,1990-03-31,2191.0
ID121,1990-06-30,1934.0
ID121,1990-09-30,1699.0
ID121,1990-12-31,2471.0
ID121,1991-03-31,1494.0
ID121,1991-06-30,1953.0
ID121,1991-09-30,1849.0
ID121,1991-12-31,2380.0
ID121,1992-03-31,2256.0
ID121,1992-06-30,2311.0
ID121,1992-09-30,1731.0
ID121,1992-12-31,1709.0
ID121,1993-03-31,2149.0
ID121,1993-06-30,2610.0
ID121,1993-09-30,2320.0
ID121,1993-12-31,2674.0
ID121,1994-03-31,2620.0
ID121,1994-06-30,3040.0
ID121,1994-09-30,3776.0
ID121,1994-12-31,3595.0
ID121,1995-03-31,3119.0
ID121,1995-06-30,3689.0
ID121,1995-09-30,4691.0
ID121,1995-12-31,3702.0
ID121,1996-03-31,4824.0
ID121,1996-06-30,4007.0
ID121,1996-09-30,4269.0
ID121,1996-12-31,4037.0
ID121,1997-03-31,5126.0
ID121,1997-06-30,4735.0
ID121,1997-09-30,5008.0
ID121,1997-12-31,4009.0
ID121,1998-03-31,4207.0
ID121,1998-06-30,4247.0
ID121,1998-09-30,3942.0
ID121,1998-12-31,4133.0
ID121,1999-03-31,4383.0
ID121,1999-06-30,4132.0
ID121,1999-09-30,4698.0
ID121,1999-12-31,4461.0
ID121,2000-03-31,4816.0
ID121,2000-06-30,5890.0
ID121,2000-09-30,4743.0
ID121,2000-12-31,4701.0
ID121,2001-03-31,5656.0
ID121,2001-06-30,4933.0
ID121,2001-09-30,4425.0
ID121,2001-12-31,4718.0
ID121,2002-03-31,4066.0
ID121,2002-06-30,4154.0
ID121,2002-09-30,4669.0
ID121,2002-12-31,4204.0
ID121,2003-03-31,3882.0
ID121,2003-06-30,3062.0
ID122,1980-03-31,889.0
ID122,1980-06-30,949.0
ID122,1980-09-30,756.0
ID122,1980-12-31,875.0
ID122,1981-03-31,798.0
ID122,1981-06-30,991.0
ID122,1981-09-30,1297.0
ID122,1981-12-31,1085.0
ID122,1982-03-31,1200.0
ID122,1982-06-30,1061.0
ID122,1982-09-30,1080.0
ID122,1982-12-31,1124.0
ID122,1983-03-31,1158.0
ID122,1983-06-30,1182.0
ID122,1983-09-30,1062.0
ID122,1983-12-31,1146.0
ID122,1984-03-31,1353.0
ID122,1984-06-30,1261.0
ID122,1984-09-30,1215.0
ID122,1984-12-31,1212.0
ID122,1985-03-31,1433.0
ID122,1985-06-30,1345.0
ID122,1985-09-30,1409.0
ID122,1985-12-31,1242.0
ID122,1986-03-31,1726.0
ID122,1986-06-30,1375.0
ID122,1986-09-30,1291.0
ID122,1986-12-31,1580.0
ID122,1987-03-31,1756.0
ID122,1987-06-30,1589.0
ID122,1987-09-30,1602.0
ID122,1987-12-31,1792.0
ID122,1988-03-31,1731.0
ID122,1988-06-30,2153.0
ID122,1988-09-30,2195.0
ID122,1988-12-31,2413.0
ID122,1989-03-31,1971.0
ID122,1989-06-30,2199.0
ID122,1989-09-30,1743.0
ID122,1989-12-31,1983.0
ID122,1990-03-31,2300.0
ID122,1990-06-30,2003.0
ID122,1990-09-30,2302.0
ID122,1990-12-31,2457.0
ID122,1991-03-31,2071.0
ID122,1991-06-30,2713.0
ID122,1991-09-30,2552.0
ID122,1991-12-31,2339.0
ID122,1992-03-31,2973.0
ID122,1992-06-30,2492.0
ID122,1992-09-30,2186.0
ID122,1992-12-31,2822.0
ID122,1993-03-31,3833.0
ID122,1993-06-30,2800.0
ID122,1993-09-30,2982.0
ID122,1993-12-31,3706.0
ID122,1994-03-31,3266.0
ID122,1994-06-30,4528.0
ID122,1994-09-30,4221.0
ID122,1994-12-31,5440.0
ID122,1995-03-31,5288.0
ID122,1995-06-30,4532.0
ID122,1995-09-30,5550.0
ID122,1995-12-31,4843.0
ID122,1996-03-31,5106.0
ID122,1996-06-30,5757.0
ID122,1996-09-30,5778.0
ID122,1996-12-31,6266.0
ID122,1997-03-31,5797.0
ID122,1997-06-30,6616.0
ID122,1997-09-30,6925.0
ID122,1997-12-31,8095.0
ID122,1998-03-31,6930.0
ID122,1998-06-30,7298.0
ID122,1998-09-30,7253.0
ID122,1998-12-31,8431.0
ID122,1999-03-31,7831.0
ID122,1999-06-30,8268.0
ID122,1999-09-30,9553.0
ID122,1999-12-31,8807.0
ID122,2000-03-31,9228.0
ID122,2000-06-30,9635.0
ID122,2000-09-30,8891.0
ID122,2000-12-31,12321.0
ID122,2001-03-31,10844.0
ID122,2001-06-30,9767.0
ID122,2001-09-30,8742.0
ID122,2001-12-31,8403.0
ID122,2002-03-31,8260.0
ID122,2002-06-30,8795.0
ID122,2002-09-30,7338.0
ID122,2002-12-31,8332.0
ID122,2003-03-31,8846.0
ID122,2003-06-30,7307.0
ID123,1980-03-31,317.0
ID123,1980-06-30,411.0
ID123,1980-09-30,356.0
ID123,1980-12-31,422.0
ID123,1981-03-31,413.0
ID123,1981-06-30,438.0
ID123,1981-09-30,601.0
ID123,1981-12-31,464.0
ID123,1982-03-31,423.0
ID123,1982-06-30,563.0
ID123,1982-09-30,434.0
ID123,1982-12-31,446.0
ID123,1983-03-31,436.0
ID123,1983-06-30,564.0
ID123,1983-09-30,480.0
ID123,1983-12-31,556.0
ID123,1984-03-31,456.0
ID123,1984-06-30,574.0
ID123,1984-09-30,783.0
ID123,1984-12-31,704.0
ID123,1985-03-31,543.0
ID123,1985-06-30,627.0
ID123,1985-09-30,660.0
ID123,1985-12-31,869.0
ID123,1986-03-31,677.0
ID123,1986-06-30,781.0
ID123,1986-09-30,766.0
ID123,1986-12-31,851.0
ID123,1987-03-31,740.0
ID123,1987-06-30,1028.0
ID123,1987-09-30,833.0
ID123,1987-12-31,867.0
ID123,1988-03-31,1029.0
ID123,1988-06-30,1119.0
ID123,1988-09-30,1302.0
ID123,1988-12-31,998.0
ID123,1989-03-31,860.0
ID123,1989-06-30,1092.0
ID123,1989-09-30,1010.0
ID123,1989-12-31,1008.0
ID123,1990-03-31,882.0
ID123,1990-06-30,852.0
ID123,1990-09-30,1031.0
ID123,1990-12-31,977.0
ID123,1991-03-31,859.0
ID123,1991-06-30,1322.0
ID123,1991-09-30,1098.0
ID123,1991-12-31,1959.0
ID123,1992-03-31,1180.0
ID123,1992-06-30,1436.0
ID123,1992-09-30,1622.0
ID123,1992-12-31,1347.0
ID123,1993-03-31,1175.0
ID123,1993-06-30,1834.0
ID123,1993-09-30,1810.0
ID123,1993-12-31,2268.0
ID123,1994-03-31,1735.0
ID123,1994-06-30,2198.0
ID123,1994-09-30,3135.0
ID123,1994-12-31,2326.0
ID123,1995-03-31,2626.0
ID123,1995-06-30,3015.0
ID123,1995-09-30,3296.0
ID123,1995-12-31,3043.0
ID123,1996-03-31,2560.0
ID123,1996-06-30,2927.0
ID123,1996-09-30,2870.0
ID123,1996-12-31,3324.0
ID123,1997-03-31,2694.0
ID123,1997-06-30,3904.0
ID123,1997-09-30,3640.0
ID123,1997-12-31,2986.0
ID123,1998-03-31,2095.0
ID123,1998-06-30,2670.0
ID123,1998-09-30,2530.0
ID123,1998-12-31,3569.0
ID123,1999-03-31,2857.0
ID123,1999-06-30,3102.0
ID123,1999-09-30,4088.0
ID123,1999-12-31,2471.0
ID123,2000-03-31,3446.0
ID123,2000-06-30,3440.0
ID123,2000-09-30,3646.0
ID123,2000-12-31,3340.0
ID123,2001-03-31,2939.0
ID123,2001-06-30,4286.0
ID123,2001-09-30,3129.0
ID123,2001-12-31,3058.0
ID123,2002-03-31,2628.0
ID123,2002-06-30,4408.0
ID123,2002-09-30,3942.0
ID123,2002-12-31,3270.0
ID123,2003-03-31,2568.0
ID123,2003-06-30,3132.0
ID124,1980-03-31,253.0
ID124,1980-06-30,326.0
ID124,1980-09-30,453.0
ID124,1980-12-31,403.0
ID124,1981-03-31,359.0
ID124,1981-06-30,301.0
ID124,1981-09-30,331.0
ID124,1981-12-31,626.0
ID124,1982-03-31,308.0
ID124,1982-06-30,295.0
ID124,1982-09-30,327.0
ID124,1982-12-31,422.0
ID124,1983-03-31,300.0
ID124,1983-06-30,341.0
ID124,1983-09-30,312.0
ID124,1983-12-31,295.0
ID124,1984-03-31,348.0
ID124,1984-06-30,323.0
ID124,1984-09-30,317.0
ID124,1984-12-31,387.0
ID124,1985-03-31,450.0
ID124,1985-06-30,326.0
ID124,1985-09-30,369.0
ID124,1985-12-31,445.0
ID124,1986-03-31,421.0
ID124,1986-06-30,406.0
ID124,1986-09-30,394.0
ID124,1986-12-31,447.0
ID124,1987-03-31,490.0
ID124,1987-06-30,337.0
ID124,1987-09-30,386.0
ID124,1987-12-31,460.0
ID124,1988-03-31,518.0
ID124,1988-06-30,883.0
ID124,1988-09-30,627.0
ID124,1988-12-31,673.0
ID124,1989-03-31,546.0
ID124,1989-06-30,743.0
ID124,1989-09-30,744.0
ID124,1989-12-31,785.0
ID124,1990-03-31,843.0
ID124,1990-06-30,723.0
ID124,1990-09-30,814.0
ID124,1990-12-31,775.0
ID124,1991-03-31,838.0
ID124,1991-06-30,960.0
ID124,1991-09-30,1053.0
ID124,1991-12-31,1287.0
ID124,1992-03-31,1053.0
ID124,1992-06-30,1071.0
ID124,1992-09-30,1099.0
ID124,1992-12-31,1423.0
ID124,1993-03-31,873.0
ID124,1993-06-30,1590.0
ID124,1993-09-30,1563.0
ID124,1993-12-31,2087.0
ID124,1994-03-31,2009.0
ID124,1994-06-30,2681.0
ID124,1994-09-30,2247.0
ID124,1994-12-31,2244.0
ID124,1995-03-31,2348.0
ID124,1995-06-30,2468.0
ID124,1995-09-30,3405.0
ID124,1995-12-31,3393.0
ID124,1996-03-31,2558.0
ID124,1996-06-30,3577.0
ID124,1996-09-30,3345.0
ID124,1996-12-31,3589.0
ID124,1997-03-31,2622.0
ID124,1997-06-30,4356.0
ID124,1997-09-30,3019.0
ID124,1997-12-31,3095.0
ID124,1998-03-31,1460.0
ID124,1998-06-30,2565.0
ID124,1998-09-30,2068.0
ID124,1998-12-31,2580.0
ID124,1999-03-31,2947.0
ID124,1999-06-30,2686.0
ID124,1999-09-30,2993.0
ID124,1999-12-31,2302.0
ID124,2000-03-31,2024.0
ID124,2000-06-30,2511.0
ID124,2000-09-30,2440.0
ID124,2000-12-31,3385.0
ID124,2001-03-31,2453.0
ID124,2001-06-30,2236.0
ID124,2001-09-30,2116.0
ID124,2001-12-31,2266.0
ID124,2002-03-31,2186.0
ID124,2002-06-30,2612.0
ID124,2002-09-30,2120.0
ID124,2002-12-31,2018.0
ID124,2003-03-31,1807.0
ID124,2003-06-30,1894.0
ID125,1980-03-31,104.0
ID125,1980-06-30,88.0
ID125,1980-09-30,171.0
ID125,1980-12-31,144.0
ID125,1981-03-31,130.0
ID125,1981-06-30,117.0
ID125,1981-09-30,183.0
ID125,1981-12-31,176.0
ID125,1982-03-31,136.0
ID125,1982-06-30,152.0
ID125,1982-09-30,226.0
ID125,1982-12-31,152.0
ID125,1983-03-31,81.0
ID125,1983-06-30,209.0
ID125,1983-09-30,220.0
ID125,1983-12-31,152.0
ID125,1984-03-31,175.0
ID125,1984-06-30,234.0
ID125,1984-09-30,173.0
ID125,1984-12-31,300.0
ID125,1985-03-31,147.0
ID125,1985-06-30,282.0
ID125,1985-09-30,296.0
ID125,1985-12-31,297.0
ID125,1986-03-31,396.0
ID125,1986-06-30,363.0
ID125,1986-09-30,308.0
ID125,1986-12-31,369.0
ID125,1987-03-31,507.0
ID125,1987-06-30,466.0
ID125,1987-09-30,477.0
ID125,1987-12-31,534.0
ID125,1988-03-31,481.0
ID125,1988-06-30,582.0
ID125,1988-09-30,539.0
ID125,1988-12-31,523.0
ID125,1989-03-31,547.0
ID125,1989-06-30,460.0
ID125,1989-09-30,494.0
ID125,1989-12-31,580.0
ID125,1990-03-31,567.0
ID125,1990-06-30,460.0
ID125,1990-09-30,574.0
ID125,1990-12-31,495.0
ID125,1991-03-31,421.0
ID125,1991-06-30,610.0
ID125,1991-09-30,567.0
ID125,1991-12-31,622.0
ID125,1992-03-31,852.0
ID125,1992-06-30,699.0
ID125,1992-09-30,535.0
ID125,1992-12-31,808.0
ID125,1993-03-31,813.0
ID125,1993-06-30,836.0
ID125,1993-09-30,948.0
ID125,1993-12-31,1016.0
ID125,1994-03-31,1237.0
ID125,1994-06-30,986.0
ID125,1994-09-30,1553.0
ID125,1994-12-31,2025.0
ID125,1995-03-31,1916.0
ID125,1995-06-30,1599.0
ID125,1995-09-30,2583.0
ID125,1995-12-31,1861.0
ID125,1996-03-31,2430.0
ID125,1996-06-30,2529.0
ID125,1996-09-30,2135.0
ID125,1996-12-31,2077.0
ID125,1997-03-31,2240.0
ID125,1997-06-30,2254.0
ID125,1997-09-30,1991.0
ID125,1997-12-31,2073.0
ID125,1998-03-31,1830.0
ID125,1998-06-30,2258.0
ID125,1998-09-30,1439.0
ID125,1998-12-31,1858.0
ID125,1999-03-31,1860.0
ID125,1999-06-30,1768.0
ID125,1999-09-30,1806.0
ID125,1999-12-31,1613.0
ID125,2000-03-31,1713.0
ID125,2000-06-30,1933.0
ID125,2000-09-30,1461.0
ID125,2000-12-31,1996.0
ID125,2001-03-31,1305.0
ID125,2001-06-30,1337.0
ID125,2001-09-30,1074.0
ID125,2001-12-31,1218.0
ID125,2002-03-31,1078.0
ID125,2002-06-30,1220.0
ID125,2002-09-30,1443.0
ID125,2002-12-31,1029.0
ID125,2003-03-31,1184.0
ID125,2003-06-30,751.0
ID126,1980-03-31,229.0
ID126,1980-06-30,278.0
ID126,1980-09-30,336.0
ID126,1980-12-31,314.0
ID126,1981-03-31,301.0
ID126,1981-06-30,290.0
ID126,1981-09-30,356.0
ID126,1981-12-31,297.0
ID126,1982-03-31,349.0
ID126,1982-06-30,265.0
ID126,1982-09-30,300.0
ID126,1982-12-31,219.0
ID126,1983-03-31,265.0
ID126,1983-06-30,252.0
ID126,1983-09-30,312.0
ID126,1983-12-31,310.0
ID126,1984-03-31,215.0
ID126,1984-06-30,345.0
ID126,1984-09-30,345.0
ID126,1984-12-31,300.0
ID126,1985-03-31,314.0
ID126,1985-06-30,346.0
ID126,1985-09-30,351.0
ID126,1985-12-31,310.0
ID126,1986-03-31,387.0
ID126,1986-06-30,388.0
ID126,1986-09-30,377.0
ID126,1986-12-31,445.0
ID126,1987-03-31,305.0
ID126,1987-06-30,433.0
ID126,1987-09-30,598.0
ID126,1987-12-31,435.0
ID126,1988-03-31,420.0
ID126,1988-06-30,713.0
ID126,1988-09-30,666.0
ID126,1988-12-31,624.0
ID126,1989-03-31,554.0
ID126,1989-06-30,604.0
ID126,1989-09-30,664.0
ID126,1989-12-31,653.0
ID126,1990-03-31,584.0
ID126,1990-06-30,671.0
ID126,1990-09-30,696.0
ID126,1990-12-31,692.0
ID126,1991-03-31,672.0
ID126,1991-06-30,1301.0
ID126,1991-09-30,873.0
ID126,1991-12-31,1282.0
ID126,1992-03-31,926.0
ID126,1992-06-30,883.0
ID126,1992-09-30,2019.0
ID126,1992-12-31,790.0
ID126,1993-03-31,889.0
ID126,1993-06-30,1214.0
ID126,1993-09-30,1176.0
ID126,1993-12-31,1318.0
ID126,1994-03-31,1226.0
ID126,1994-06-30,1232.0
ID126,1994-09-30,1822.0
ID126,1994-12-31,2781.0
ID126,1995-03-31,1996.0
ID126,1995-06-30,1804.0
ID126,1995-09-30,2445.0
ID126,1995-12-31,1858.0
ID126,1996-03-31,2374.0
ID126,1996-06-30,2627.0
ID126,1996-09-30,3453.0
ID126,1996-12-31,2144.0
ID126,1997-03-31,2071.0
ID126,1997-06-30,2259.0
ID126,1997-09-30,1369.0
ID126,1997-12-31,1548.0
ID126,1998-03-31,1332.0
ID126,1998-06-30,1204.0
ID126,1998-09-30,2585.0
ID126,1998-12-31,1496.0
ID126,1999-03-31,1174.0
ID126,1999-06-30,1986.0
ID126,1999-09-30,1479.0
ID126,1999-12-31,1728.0
ID126,2000-03-31,1578.0
ID126,2000-06-30,2223.0
ID126,2000-09-30,1889.0
ID126,2000-12-31,2894.0
ID126,2001-03-31,2151.0
ID126,2001-06-30,2494.0
ID126,2001-09-30,2162.0
ID126,2001-12-31,2438.0
ID126,2002-03-31,1860.0
ID126,2002-06-30,2650.0
ID126,2002-09-30,3429.0
ID126,2002-12-31,1826.0
ID126,2003-03-31,2569.0
ID126,2003-06-30,2782.0
ID127,1980-03-31,198.0
ID127,1980-06-30,218.0
ID127,1980-09-30,169.0
ID127,1980-12-31,224.0
ID127,1981-03-31,229.0
ID127,1981-06-30,142.0
ID127,1981-09-30,197.0
ID127,1981-12-31,425.0
ID127,1982-03-31,266.0
ID127,1982-06-30,339.0
ID127,1982-09-30,302.0
ID127,1982-12-31,397.0
ID127,1983-03-31,250.0
ID127,1983-06-30,181.0
ID127,1983-09-30,318.0
ID127,1983-12-31,271.0
ID127,1984-03-31,278.0
ID127,1984-06-30,333.0
ID127,1984-09-30,308.0
ID127,1984-12-31,330.0
ID127,1985-03-31,246.0
ID127,1985-06-30,372.0
ID127,1985-09-30,381.0
ID127,1985-12-31,325.0
ID127,1986-03-31,488.0
ID127,1986-06-30,420.0
ID127,1986-09-30,376.0
ID127,1986-12-31,523.0
ID127,1987-03-31,504.0
ID127,1987-06-30,469.0
ID127,1987-09-30,545.0
ID127,1987-12-31,650.0
ID127,1988-03-31,573.0
ID127,1988-06-30,847.0
ID127,1988-09-30,648.0
ID127,1988-12-31,900.0
ID127,1989-03-31,628.0
ID127,1989-06-30,703.0
ID127,1989-09-30,697.0
ID127,1989-12-31,686.0
ID127,1990-03-31,769.0
ID127,1990-06-30,1054.0
ID127,1990-09-30,885.0
ID127,1990-12-31,822.0
ID127,1991-03-31,711.0
ID127,1991-06-30,1577.0
ID127,1991-09-30,1126.0
ID127,1991-12-31,1120.0
ID127,1992-03-31,1078.0
ID127,1992-06-30,1098.0
ID127,1992-09-30,1020.0
ID127,1992-12-31,1131.0
ID127,1993-03-31,1072.0
ID127,1993-06-30,1579.0
ID127,1993-09-30,1752.0
ID127,1993-12-31,2159.0
ID127,1994-03-31,1987.0
ID127,1994-06-30,1737.0
ID127,1994-09-30,2219.0
ID127,1994-12-31,2706.0
ID127,1995-03-31,2600.0
ID127,1995-06-30,2361.0
ID127,1995-09-30,4187.0
ID127,1995-12-31,3592.0
ID127,1996-03-31,2959.0
ID127,1996-06-30,3332.0
ID127,1996-09-30,3846.0
ID127,1996-12-31,3476.0
ID127,1997-03-31,3648.0
ID127,1997-06-30,3673.0
ID127,1997-09-30,4138.0
ID127,1997-12-31,4277.0
ID127,1998-03-31,1881.0
ID127,1998-06-30,2144.0
ID127,1998-09-30,2802.0
ID127,1998-12-31,3078.0
ID127,1999-03-31,2221.0
ID127,1999-06-30,3017.0
ID127,1999-09-30,3024.0
ID127,1999-12-31,3410.0
ID127,2000-03-31,3678.0
ID127,2000-06-30,4677.0
ID127,2000-09-30,5480.0
ID127,2000-12-31,3839.0
ID127,2001-03-31,3017.0
ID127,2001-06-30,3171.0
ID127,2001-09-30,2967.0
ID127,2001-12-31,4645.0
ID127,2002-03-31,3563.0
ID127,2002-06-30,2932.0
ID127,2002-09-30,2378.0
ID127,2002-12-31,3136.0
ID127,2003-03-31,3490.0
ID127,2003-06-30,3236.0
ID128,1980-03-31,92.0
ID128,1980-06-30,126.0
ID128,1980-09-30,194.0
ID128,1980-12-31,168.0
ID128,1981-03-31,104.0
ID128,1981-06-30,89.0
ID128,1981-09-30,172.0
ID128,1981-12-31,163.0
ID128,1982-03-31,134.0
ID128,1982-06-30,158.0
ID128,1982-09-30,246.0
ID128,1982-12-31,166.0
ID128,1983-03-31,172.0
ID128,1983-06-30,300.0
ID128,1983-09-30,220.0
ID128,1983-12-31,322.0
ID128,1984-03-31,154.0
ID128,1984-06-30,351.0
ID128,1984-09-30,364.0
ID128,1984-12-31,533.0
ID128,1985-03-31,609.0
ID128,1985-06-30,626.0
ID128,1985-09-30,606.0
ID128,1985-12-31,702.0
ID128,1986-03-31,443.0
ID128,1986-06-30,541.0
ID128,1986-09-30,823.0
ID128,1986-12-31,644.0
ID128,1987-03-31,758.0
ID128,1987-06-30,784.0
ID128,1987-09-30,766.0
ID128,1987-12-31,936.0
ID128,1988-03-31,779.0
ID128,1988-06-30,1509.0
ID128,1988-09-30,1320.0
ID128,1988-12-31,1516.0
ID128,1989-03-31,926.0
ID128,1989-06-30,1189.0
ID128,1989-09-30,1005.0
ID128,1989-12-31,1252.0
ID128,1990-03-31,852.0
ID128,1990-06-30,1200.0
ID128,1990-09-30,1405.0
ID128,1990-12-31,1464.0
ID128,1991-03-31,1322.0
ID128,1991-06-30,1643.0
ID128,1991-09-30,1637.0
ID128,1991-12-31,1996.0
ID128,1992-03-31,1496.0
ID128,1992-06-30,2005.0
ID128,1992-09-30,2238.0
ID128,1992-12-31,2418.0
ID128,1993-03-31,1770.0
ID128,1993-06-30,2542.0
ID128,1993-09-30,2675.0
ID128,1993-12-31,3455.0
ID128,1994-03-31,2409.0
ID128,1994-06-30,3795.0
ID128,1994-09-30,3330.0
ID128,1994-12-31,4519.0
ID128,1995-03-31,3174.0
ID128,1995-06-30,4162.0
ID128,1995-09-30,4783.0
ID128,1995-12-31,5437.0
ID128,1996-03-31,3724.0
ID128,1996-06-30,6097.0
ID128,1996-09-30,5967.0
ID128,1996-12-31,7722.0
ID128,1997-03-31,6346.0
ID128,1997-06-30,8134.0
ID128,1997-09-30,7131.0
ID128,1997-12-31,8722.0
ID128,1998-03-31,6552.0
ID128,1998-06-30,7816.0
ID128,1998-09-30,6601.0
ID128,1998-12-31,7678.0
ID128,1999-03-31,5629.0
ID128,1999-06-30,7472.0
ID128,1999-09-30,6559.0
ID128,1999-12-31,9055.0
ID128,2000-03-31,6649.0
ID128,2000-06-30,8505.0
ID128,2000-09-30,8167.0
ID128,2000-12-31,12108.0
ID128,2001-03-31,8376.0
ID128,2001-06-30,9859.0
ID128,2001-09-30,8369.0
ID128,2001-12-31,10021.0
ID128,2002-03-31,8243.0
ID128,2002-06-30,9810.0
ID128,2002-09-30,9336.0
ID128,2002-12-31,14072.0
ID128,2003-03-31,10105.0
ID128,2003-06-30,4591.0
ID129,1980-03-31,647.0
ID129,1980-06-30,726.0
ID129,1980-09-30,634.0
ID129,1980-12-31,671.0
ID129,1981-03-31,724.0
ID129,1981-06-30,763.0
ID129,1981-09-30,756.0
ID129,1981-12-31,786.0
ID129,1982-03-31,661.0
ID129,1982-06-30,534.0
ID129,1982-09-30,809.0
ID129,1982-12-31,626.0
ID129,1983-03-31,528.0
ID129,1983-06-30,639.0
ID129,1983-09-30,784.0
ID129,1983-12-31,473.0
ID129,1984-03-31,620.0
ID129,1984-06-30,784.0
ID129,1984-09-30,684.0
ID129,1984-12-31,743.0
ID129,1985-03-31,724.0
ID129,1985-06-30,740.0
ID129,1985-09-30,923.0
ID129,1985-12-31,858.0
ID129,1986-03-31,864.0
ID129,1986-06-30,829.0
ID129,1986-09-30,968.0
ID129,1986-12-31,1223.0
ID129,1987-03-31,962.0
ID129,1987-06-30,967.0
ID129,1987-09-30,1212.0
ID129,1987-12-31,1010.0
ID129,1988-03-31,1303.0
ID129,1988-06-30,1647.0
ID129,1988-09-30,1839.0
ID129,1988-12-31,1524.0
ID129,1989-03-31,1252.0
ID129,1989-06-30,1403.0
ID129,1989-09-30,1376.0
ID129,1989-12-31,1132.0
ID129,1990-03-31,1278.0
ID129,1990-06-30,1550.0
ID129,1990-09-30,1654.0
ID129,1990-12-31,1325.0
ID129,1991-03-31,1188.0
ID129,1991-06-30,2304.0
ID129,1991-09-30,1494.0
ID129,1991-12-31,1364.0
ID129,1992-03-31,1386.0
ID129,1992-06-30,1788.0
ID129,1992-09-30,1185.0
ID129,1992-12-31,1605.0
ID129,1993-03-31,1305.0
ID129,1993-06-30,2392.0
ID129,1993-09-30,1795.0
ID129,1993-12-31,1919.0
ID129,1994-03-31,2124.0
ID129,1994-06-30,2923.0
ID129,1994-09-30,2635.0
ID129,1994-12-31,2707.0
ID129,1995-03-31,2296.0
ID129,1995-06-30,2522.0
ID129,1995-09-30,3846.0
ID129,1995-12-31,3161.0
ID129,1996-03-31,3300.0
ID129,1996-06-30,3574.0
ID129,1996-09-30,4251.0
ID129,1996-12-31,4085.0
ID129,1997-03-31,3731.0
ID129,1997-06-30,4632.0
ID129,1997-09-30,4674.0
ID129,1997-12-31,4751.0
ID129,1998-03-31,4567.0
ID129,1998-06-30,3762.0
ID129,1998-09-30,3721.0
ID129,1998-12-31,4957.0
ID129,1999-03-31,3926.0
ID129,1999-06-30,4908.0
ID129,1999-09-30,4827.0
ID129,1999-12-31,4590.0
ID129,2000-03-31,5087.0
ID129,2000-06-30,5276.0
ID129,2000-09-30,6501.0
ID129,2000-12-31,5692.0
ID129,2001-03-31,5358.0
ID129,2001-06-30,5736.0
ID129,2001-09-30,5181.0
ID129,2001-12-31,5435.0
ID129,2002-03-31,4216.0
ID129,2002-06-30,4843.0
ID129,2002-09-30,4396.0
ID129,2002-12-31,4999.0
ID129,2003-03-31,4078.0
ID129,2003-06-30,4764.0
ID13,1985-03-31,69048.0
ID13,1985-06-30,79962.0
ID13,1985-09-30,78496.0
ID13,1985-12-31,81472.0
ID13,1986-03-31,73551.0
ID13,1986-06-30,85056.0
ID13,1986-09-30,97417.0
ID13,1986-12-31,107455.0
ID13,1987-03-31,104297.0
ID13,1987-06-30,118418.0
ID13,1987-09-30,126381.0
ID13,1987-12-31,135496.0
ID13,1988-03-31,139005.0
ID13,1988-06-30,162183.0
ID13,1988-09-30,182954.0
ID13,1988-12-31,199462.0
ID13,1989-03-31,182300.0
ID13,1989-06-30,189583.0
ID13,1989-09-30,174270.0
ID13,1989-12-31,184255.0
ID13,1990-03-31,166363.0
ID13,1990-06-30,180570.0
ID13,1990-09-30,194295.0
ID13,1990-12-31,213148.0
ID13,1991-03-31,200869.0
ID13,1991-06-30,215709.0
ID13,1991-09-30,220829.0
ID13,1991-12-31,237655.0
ID13,1992-03-31,238284.0
ID13,1992-06-30,254997.0
ID13,1992-09-30,290209.0
ID13,1992-12-31,365512.0
ID13,1993-03-31,359894.0
ID13,1993-06-30,469655.0
ID13,1993-09-30,460391.0
ID13,1993-12-31,443038.0
ID13,1994-03-31,380916.0
ID13,1994-06-30,467617.0
ID13,1994-09-30,505232.0
ID13,1994-12-31,589913.0
ID13,1995-03-31,497252.0
ID13,1995-06-30,537527.0
ID13,1995-09-30,587070.0
ID13,1995-12-31,621396.0
ID13,1996-03-31,558507.0
ID13,1996-06-30,601964.0
ID13,1996-09-30,610564.0
ID13,1996-12-31,618306.0
ID13,1997-03-31,648122.0
ID13,1997-06-30,611348.0
ID13,1997-09-30,483096.0
ID13,1997-12-31,621657.0
ID13,1998-03-31,612452.0
ID13,1998-06-30,606817.0
ID13,1998-09-30,732414.0
ID13,1998-12-31,719945.0
ID13,1999-03-31,800846.0
ID13,1999-06-30,743968.0
ID13,1999-09-30,817060.0
ID13,1999-12-31,844578.0
ID13,2000-03-31,891527.0
ID13,2000-06-30,918789.0
ID13,2000-09-30,999322.0
ID13,2000-12-31,976207.0
ID13,2001-03-31,977382.0
ID13,2001-06-30,1037025.0
ID13,2001-09-30,1172229.0
ID13,2001-12-31,1261947.0
ID13,2002-03-31,1391575.0
ID13,2002-06-30,1493424.0
ID13,2002-09-30,1818557.0
ID13,2002-12-31,2121643.0
ID130,1980-03-31,7637.0
ID130,1980-06-30,5777.0
ID130,1980-09-30,6513.0
ID130,1980-12-31,6491.0
ID130,1981-03-31,7151.0
ID130,1981-06-30,7086.0
ID130,1981-09-30,7439.0
ID130,1981-12-31,6822.0
ID130,1982-03-31,8326.0
ID130,1982-06-30,6741.0
ID130,1982-09-30,8507.0
ID130,1982-12-31,7166.0
ID130,1983-03-31,7955.0
ID130,1983-06-30,7177.0
ID130,1983-09-30,8813.0
ID130,1983-12-31,6848.0
ID130,1984-03-31,9191.0
ID130,1984-06-30,9133.0
ID130,1984-09-30,8220.0
ID130,1984-12-31,8262.0
ID130,1985-03-31,8870.0
ID130,1985-06-30,8540.0
ID130,1985-09-30,8619.0
ID130,1985-12-31,9693.0
ID130,1986-03-31,9812.0
ID130,1986-06-30,9004.0
ID130,1986-09-30,9629.0
ID130,1986-12-31,9281.0
ID130,1987-03-31,11385.0
ID130,1987-06-30,11312.0
ID130,1987-09-30,12411.0
ID130,1987-12-31,11900.0
ID130,1988-03-31,13595.0
ID130,1988-06-30,13176.0
ID130,1988-09-30,16041.0
ID130,1988-12-31,13092.0
ID130,1989-03-31,12675.0
ID130,1989-06-30,12230.0
ID130,1989-09-30,13513.0
ID130,1989-12-31,11335.0
ID130,1990-03-31,13424.0
ID130,1990-06-30,12883.0
ID130,1990-09-30,12941.0
ID130,1990-12-31,10883.0
ID130,1991-03-31,11504.0
ID130,1991-06-30,15091.0
ID130,1991-09-30,12254.0
ID130,1991-12-31,12105.0
ID130,1992-03-31,12364.0
ID130,1992-06-30,11903.0
ID130,1992-09-30,11914.0
ID130,1992-12-31,11259.0
ID130,1993-03-31,14008.0
ID130,1993-06-30,16284.0
ID130,1993-09-30,13808.0
ID130,1993-12-31,13788.0
ID130,1994-03-31,16475.0
ID130,1994-06-30,16450.0
ID130,1994-09-30,14164.0
ID130,1994-12-31,16563.0
ID130,1995-03-31,19949.0
ID130,1995-06-30,18810.0
ID130,1995-09-30,20723.0
ID130,1995-12-31,19955.0
ID130,1996-03-31,22849.0
ID130,1996-06-30,20686.0
ID130,1996-09-30,20194.0
ID130,1996-12-31,20698.0
ID130,1997-03-31,23114.0
ID130,1997-06-30,22811.0
ID130,1997-09-30,23990.0
ID130,1997-12-31,22041.0
ID130,1998-03-31,27180.0
ID130,1998-06-30,23373.0
ID130,1998-09-30,19966.0
ID130,1998-12-31,23497.0
ID130,1999-03-31,23259.0
ID130,1999-06-30,21798.0
ID130,1999-09-30,23114.0
ID130,1999-12-31,21116.0
ID130,2000-03-31,25043.0
ID130,2000-06-30,22450.0
ID130,2000-09-30,24478.0
ID130,2000-12-31,19956.0
ID130,2001-03-31,19647.0
ID130,2001-06-30,16280.0
ID130,2001-09-30,22105.0
ID130,2001-12-31,16037.0
ID130,2002-03-31,21075.0
ID130,2002-06-30,20532.0
ID130,2002-09-30,20933.0
ID130,2002-12-31,21810.0
ID130,2003-03-31,22653.0
ID130,2003-06-30,18832.0
ID131,1980-03-31,1541.0
ID131,1980-06-30,811.0
ID131,1980-09-30,759.0
ID131,1980-12-31,863.0
ID131,1981-03-31,1095.0
ID131,1981-06-30,794.0
ID131,1981-09-30,866.0
ID131,1981-12-31,1078.0
ID131,1982-03-31,939.0
ID131,1982-06-30,785.0
ID131,1982-09-30,971.0
ID131,1982-12-31,766.0
ID131,1983-03-31,940.0
ID131,1983-06-30,688.0
ID131,1983-09-30,1060.0
ID131,1983-12-31,752.0
ID131,1984-03-31,1116.0
ID131,1984-06-30,761.0
ID131,1984-09-30,716.0
ID131,1984-12-31,1100.0
ID131,1985-03-31,1049.0
ID131,1985-06-30,1271.0
ID131,1985-09-30,954.0
ID131,1985-12-31,1010.0
ID131,1986-03-31,904.0
ID131,1986-06-30,1023.0
ID131,1986-09-30,1037.0
ID131,1986-12-31,1177.0
ID131,1987-03-31,1112.0
ID131,1987-06-30,1318.0
ID131,1987-09-30,1278.0
ID131,1987-12-31,1179.0
ID131,1988-03-31,1544.0
ID131,1988-06-30,1784.0
ID131,1988-09-30,2012.0
ID131,1988-12-31,1778.0
ID131,1989-03-31,1374.0
ID131,1989-06-30,1178.0
ID131,1989-09-30,1269.0
ID131,1989-12-31,1174.0
ID131,1990-03-31,1414.0
ID131,1990-06-30,1300.0
ID131,1990-09-30,1235.0
ID131,1990-12-31,1158.0
ID131,1991-03-31,1416.0
ID131,1991-06-30,1694.0
ID131,1991-09-30,1145.0
ID131,1991-12-31,1542.0
ID131,1992-03-31,933.0
ID131,1992-06-30,1200.0
ID131,1992-09-30,1264.0
ID131,1992-12-31,1314.0
ID131,1993-03-31,1549.0
ID131,1993-06-30,1403.0
ID131,1993-09-30,1473.0
ID131,1993-12-31,1792.0
ID131,1994-03-31,1823.0
ID131,1994-06-30,1300.0
ID131,1994-09-30,1678.0
ID131,1994-12-31,1875.0
ID131,1995-03-31,1884.0
ID131,1995-06-30,2018.0
ID131,1995-09-30,1921.0
ID131,1995-12-31,2213.0
ID131,1996-03-31,2355.0
ID131,1996-06-30,2475.0
ID131,1996-09-30,2146.0
ID131,1996-12-31,2089.0
ID131,1997-03-31,2196.0
ID131,1997-06-30,2583.0
ID131,1997-09-30,2314.0
ID131,1997-12-31,2240.0
ID131,1998-03-31,2693.0
ID131,1998-06-30,2434.0
ID131,1998-09-30,2524.0
ID131,1998-12-31,2545.0
ID131,1999-03-31,2721.0
ID131,1999-06-30,2584.0
ID131,1999-09-30,2516.0
ID131,1999-12-31,2561.0
ID131,2000-03-31,3071.0
ID131,2000-06-30,2649.0
ID131,2000-09-30,3191.0
ID131,2000-12-31,3137.0
ID131,2001-03-31,2806.0
ID131,2001-06-30,2621.0
ID131,2001-09-30,2396.0
ID131,2001-12-31,2900.0
ID131,2002-03-31,2519.0
ID131,2002-06-30,2781.0
ID131,2002-09-30,2322.0
ID131,2002-12-31,2521.0
ID131,2003-03-31,2834.0
ID131,2003-06-30,2286.0
ID132,1980-03-31,4973.0
ID132,1980-06-30,3164.0
ID132,1980-09-30,2909.0
ID132,1980-12-31,3392.0
ID132,1981-03-31,4979.0
ID132,1981-06-30,3298.0
ID132,1981-09-30,3610.0
ID132,1981-12-31,3826.0
ID132,1982-03-31,5181.0
ID132,1982-06-30,3855.0
ID132,1982-09-30,3849.0
ID132,1982-12-31,4887.0
ID132,1983-03-31,4456.0
ID132,1983-06-30,3627.0
ID132,1983-09-30,4002.0
ID132,1983-12-31,3864.0
ID132,1984-03-31,5275.0
ID132,1984-06-30,3570.0
ID132,1984-09-30,3693.0
ID132,1984-12-31,4949.0
ID132,1985-03-31,5576.0
ID132,1985-06-30,4654.0
ID132,1985-09-30,4055.0
ID132,1985-12-31,5189.0
ID132,1986-03-31,5450.0
ID132,1986-06-30,5254.0
ID132,1986-09-30,4440.0
ID132,1986-12-31,8775.0
ID132,1987-03-31,5802.0
ID132,1987-06-30,5351.0
ID132,1987-09-30,5992.0
ID132,1987-12-31,6042.0
ID132,1988-03-31,7588.0
ID132,1988-06-30,6324.0
ID132,1988-09-30,7419.0
ID132,1988-12-31,7666.0
ID132,1989-03-31,6784.0
ID132,1989-06-30,5493.0
ID132,1989-09-30,4955.0
ID132,1989-12-31,6261.0
ID132,1990-03-31,7821.0
ID132,1990-06-30,5048.0
ID132,1990-09-30,5586.0
ID132,1990-12-31,5597.0
ID132,1991-03-31,4757.0
ID132,1991-06-30,5590.0
ID132,1991-09-30,4073.0
ID132,1991-12-31,5964.0
ID132,1992-03-31,7833.0
ID132,1992-06-30,4975.0
ID132,1992-09-30,4650.0
ID132,1992-12-31,6202.0
ID132,1993-03-31,6497.0
ID132,1993-06-30,5736.0
ID132,1993-09-30,6126.0
ID132,1993-12-31,7521.0
ID132,1994-03-31,8234.0
ID132,1994-06-30,7314.0
ID132,1994-09-30,7303.0
ID132,1994-12-31,7045.0
ID132,1995-03-31,8995.0
ID132,1995-06-30,6413.0
ID132,1995-09-30,8321.0
ID132,1995-12-31,8059.0
ID132,1996-03-31,9722.0
ID132,1996-06-30,7021.0
ID132,1996-09-30,8341.0
ID132,1996-12-31,10341.0
ID132,1997-03-31,11092.0
ID132,1997-06-30,9276.0
ID132,1997-09-30,9509.0
ID132,1997-12-31,12481.0
ID132,1998-03-31,12517.0
ID132,1998-06-30,9586.0
ID132,1998-09-30,7863.0
ID132,1998-12-31,10354.0
ID132,1999-03-31,11595.0
ID132,1999-06-30,9737.0
ID132,1999-09-30,9780.0
ID132,1999-12-31,10866.0
ID132,2000-03-31,10633.0
ID132,2000-06-30,11175.0
ID132,2000-09-30,10723.0
ID132,2000-12-31,12214.0
ID132,2001-03-31,13238.0
ID132,2001-06-30,9818.0
ID132,2001-09-30,10380.0
ID132,2001-12-31,9747.0
ID132,2002-03-31,10981.0
ID132,2002-06-30,9951.0
ID132,2002-09-30,9668.0
ID132,2002-12-31,12181.0
ID132,2003-03-31,13156.0
ID132,2003-06-30,8860.0
ID133,1980-03-31,1337.0
ID133,1980-06-30,1040.0
ID133,1980-09-30,927.0
ID133,1980-12-31,1409.0
ID133,1981-03-31,1273.0
ID133,1981-06-30,1091.0
ID133,1981-09-30,1082.0
ID133,1981-12-31,1602.0
ID133,1982-03-31,1565.0
ID133,1982-06-30,1077.0
ID133,1982-09-30,1183.0
ID133,1982-12-31,1204.0
ID133,1983-03-31,1359.0
ID133,1983-06-30,1064.0
ID133,1983-09-30,1356.0
ID133,1983-12-31,1327.0
ID133,1984-03-31,1486.0
ID133,1984-06-30,1229.0
ID133,1984-09-30,1009.0
ID133,1984-12-31,1644.0
ID133,1985-03-31,1545.0
ID133,1985-06-30,1363.0
ID133,1985-09-30,1525.0
ID133,1985-12-31,2006.0
ID133,1986-03-31,1702.0
ID133,1986-06-30,1508.0
ID133,1986-09-30,1258.0
ID133,1986-12-31,1524.0
ID133,1987-03-31,1746.0
ID133,1987-06-30,1357.0
ID133,1987-09-30,1715.0
ID133,1987-12-31,1881.0
ID133,1988-03-31,1931.0
ID133,1988-06-30,1603.0
ID133,1988-09-30,2060.0
ID133,1988-12-31,2256.0
ID133,1989-03-31,1968.0
ID133,1989-06-30,1630.0
ID133,1989-09-30,1502.0
ID133,1989-12-31,2009.0
ID133,1990-03-31,2031.0
ID133,1990-06-30,1404.0
ID133,1990-09-30,1777.0
ID133,1990-12-31,1675.0
ID133,1991-03-31,1247.0
ID133,1991-06-30,1234.0
ID133,1991-09-30,1128.0
ID133,1991-12-31,1740.0
ID133,1992-03-31,1587.0
ID133,1992-06-30,1321.0
ID133,1992-09-30,1422.0
ID133,1992-12-31,1511.0
ID133,1993-03-31,1844.0
ID133,1993-06-30,1403.0
ID133,1993-09-30,1482.0
ID133,1993-12-31,1891.0
ID133,1994-03-31,2259.0
ID133,1994-06-30,1633.0
ID133,1994-09-30,1641.0
ID133,1994-12-31,2308.0
ID133,1995-03-31,2412.0
ID133,1995-06-30,2256.0
ID133,1995-09-30,2897.0
ID133,1995-12-31,2347.0
ID133,1996-03-31,2795.0
ID133,1996-06-30,2379.0
ID133,1996-09-30,2252.0
ID133,1996-12-31,3054.0
ID133,1997-03-31,2659.0
ID133,1997-06-30,3057.0
ID133,1997-09-30,2509.0
ID133,1997-12-31,3126.0
ID133,1998-03-31,3060.0
ID133,1998-06-30,2682.0
ID133,1998-09-30,2519.0
ID133,1998-12-31,3277.0
ID133,1999-03-31,3297.0
ID133,1999-06-30,2917.0
ID133,1999-09-30,2674.0
ID133,1999-12-31,3660.0
ID133,2000-03-31,3840.0
ID133,2000-06-30,2971.0
ID133,2000-09-30,4123.0
ID133,2000-12-31,3662.0
ID133,2001-03-31,4293.0
ID133,2001-06-30,2617.0
ID133,2001-09-30,2930.0
ID133,2001-12-31,2697.0
ID133,2002-03-31,2982.0
ID133,2002-06-30,2732.0
ID133,2002-09-30,2719.0
ID133,2002-12-31,2734.0
ID133,2003-03-31,2948.0
ID133,2003-06-30,2336.0
ID134,1980-03-31,2636.0
ID134,1980-06-30,2355.0
ID134,1980-09-30,2101.0
ID134,1980-12-31,2946.0
ID134,1981-03-31,2890.0
ID134,1981-06-30,2329.0
ID134,1981-09-30,2440.0
ID134,1981-12-31,3420.0
ID134,1982-03-31,3329.0
ID134,1982-06-30,2724.0
ID134,1982-09-30,2851.0
ID134,1982-12-31,3330.0
ID134,1983-03-31,3162.0
ID134,1983-06-30,2890.0
ID134,1983-09-30,3044.0
ID134,1983-12-31,3936.0
ID134,1984-03-31,3778.0
ID134,1984-06-30,3088.0
ID134,1984-09-30,3245.0
ID134,1984-12-31,4516.0
ID134,1985-03-31,3941.0
ID134,1985-06-30,4085.0
ID134,1985-09-30,3409.0
ID134,1985-12-31,4998.0
ID134,1986-03-31,4597.0
ID134,1986-06-30,4586.0
ID134,1986-09-30,3885.0
ID134,1986-12-31,4812.0
ID134,1987-03-31,5190.0
ID134,1987-06-30,4055.0
ID134,1987-09-30,5100.0
ID134,1987-12-31,5492.0
ID134,1988-03-31,6195.0
ID134,1988-06-30,6127.0
ID134,1988-09-30,7397.0
ID134,1988-12-31,9169.0
ID134,1989-03-31,5617.0
ID134,1989-06-30,5177.0
ID134,1989-09-30,4816.0
ID134,1989-12-31,5879.0
ID134,1990-03-31,6159.0
ID134,1990-06-30,4350.0
ID134,1990-09-30,6031.0
ID134,1990-12-31,6035.0
ID134,1991-03-31,4998.0
ID134,1991-06-30,6303.0
ID134,1991-09-30,4012.0
ID134,1991-12-31,6017.0
ID134,1992-03-31,5449.0
ID134,1992-06-30,4422.0
ID134,1992-09-30,4338.0
ID134,1992-12-31,5500.0
ID134,1993-03-31,5856.0
ID134,1993-06-30,5301.0
ID134,1993-09-30,5787.0
ID134,1993-12-31,7103.0
ID134,1994-03-31,10500.0
ID134,1994-06-30,6859.0
ID134,1994-09-30,8028.0
ID134,1994-12-31,9243.0
ID134,1995-03-31,9039.0
ID134,1995-06-30,6708.0
ID134,1995-09-30,8576.0
ID134,1995-12-31,9621.0
ID134,1996-03-31,10079.0
ID134,1996-06-30,10784.0
ID134,1996-09-30,8262.0
ID134,1996-12-31,11710.0
ID134,1997-03-31,11176.0
ID134,1997-06-30,12305.0
ID134,1997-09-30,9582.0
ID134,1997-12-31,12082.0
ID134,1998-03-31,12227.0
ID134,1998-06-30,10063.0
ID134,1998-09-30,8908.0
ID134,1998-12-31,13443.0
ID134,1999-03-31,11541.0
ID134,1999-06-30,12328.0
ID134,1999-09-30,10342.0
ID134,1999-12-31,13241.0
ID134,2000-03-31,12881.0
ID134,2000-06-30,12231.0
ID134,2000-09-30,14781.0
ID134,2000-12-31,18090.0
ID134,2001-03-31,12478.0
ID134,2001-06-30,10268.0
ID134,2001-09-30,9458.0
ID134,2001-12-31,11227.0
ID134,2002-03-31,10213.0
ID134,2002-06-30,12055.0
ID134,2002-09-30,9721.0
ID134,2002-12-31,11019.0
ID134,2003-03-31,10597.0
ID134,2003-06-30,7177.0
ID135,1980-03-31,2578.0
ID135,1980-06-30,2809.0
ID135,1980-09-30,2716.0
ID135,1980-12-31,2536.0
ID135,1981-03-31,2328.0
ID135,1981-06-30,2356.0
ID135,1981-09-30,3398.0
ID135,1981-12-31,2428.0
ID135,1982-03-31,2602.0
ID135,1982-06-30,2567.0
ID135,1982-09-30,2626.0
ID135,1982-12-31,2207.0
ID135,1983-03-31,2316.0
ID135,1983-06-30,2582.0
ID135,1983-09-30,2669.0
ID135,1983-12-31,2305.0
ID135,1984-03-31,2258.0
ID135,1984-06-30,2721.0
ID135,1984-09-30,2915.0
ID135,1984-12-31,2805.0
ID135,1985-03-31,2962.0
ID135,1985-06-30,3087.0
ID135,1985-09-30,3064.0
ID135,1985-12-31,3029.0
ID135,1986-03-31,2895.0
ID135,1986-06-30,3476.0
ID135,1986-09-30,3194.0
ID135,1986-12-31,3118.0
ID135,1987-03-31,2704.0
ID135,1987-06-30,3225.0
ID135,1987-09-30,4003.0
ID135,1987-12-31,3728.0
ID135,1988-03-31,3416.0
ID135,1988-06-30,4756.0
ID135,1988-09-30,5529.0
ID135,1988-12-31,5457.0
ID135,1989-03-31,3274.0
ID135,1989-06-30,3687.0
ID135,1989-09-30,3629.0
ID135,1989-12-31,3641.0
ID135,1990-03-31,3543.0
ID135,1990-06-30,3812.0
ID135,1990-09-30,4196.0
ID135,1990-12-31,3614.0
ID135,1991-03-31,3819.0
ID135,1991-06-30,4017.0
ID135,1991-09-30,4139.0
ID135,1991-12-31,4041.0
ID135,1992-03-31,4357.0
ID135,1992-06-30,4159.0
ID135,1992-09-30,4647.0
ID135,1992-12-31,4732.0
ID135,1993-03-31,4001.0
ID135,1993-06-30,5716.0
ID135,1993-09-30,5335.0
ID135,1993-12-31,6176.0
ID135,1994-03-31,6473.0
ID135,1994-06-30,7584.0
ID135,1994-09-30,6873.0
ID135,1994-12-31,6291.0
ID135,1995-03-31,5875.0
ID135,1995-06-30,6902.0
ID135,1995-09-30,7325.0
ID135,1995-12-31,7292.0
ID135,1996-03-31,7210.0
ID135,1996-06-30,8582.0
ID135,1996-09-30,8522.0
ID135,1996-12-31,8217.0
ID135,1997-03-31,6989.0
ID135,1997-06-30,9749.0
ID135,1997-09-30,9053.0
ID135,1997-12-31,8635.0
ID135,1998-03-31,8160.0
ID135,1998-06-30,8593.0
ID135,1998-09-30,8105.0
ID135,1998-12-31,10282.0
ID135,1999-03-31,9277.0
ID135,1999-06-30,9723.0
ID135,1999-09-30,8934.0
ID135,1999-12-31,9760.0
ID135,2000-03-31,9359.0
ID135,2000-06-30,10468.0
ID135,2000-09-30,11987.0
ID135,2000-12-31,12796.0
ID135,2001-03-31,10557.0
ID135,2001-06-30,10413.0
ID135,2001-09-30,9839.0
ID135,2001-12-31,8795.0
ID135,2002-03-31,7360.0
ID135,2002-06-30,10296.0
ID135,2002-09-30,8792.0
ID135,2002-12-31,8342.0
ID135,2003-03-31,7488.0
ID135,2003-06-30,7855.0
ID136,1980-03-31,34752.0
ID136,1980-06-30,31243.0
ID136,1980-09-30,32053.0
ID136,1980-12-31,32288.0
ID136,1981-03-31,33362.0
ID136,1981-06-30,31887.0
ID136,1981-09-30,36024.0
ID136,1981-12-31,36148.0
ID136,1982-03-31,36971.0
ID136,1982-06-30,34056.0
ID136,1982-09-30,36978.0
ID136,1982-12-31,34648.0
ID136,1983-03-31,34541.0
ID136,1983-06-30,32931.0
ID136,1983-09-30,38439.0
ID136,1983-12-31,34623.0
ID136,1984-03-31,38884.0
ID136,1984-06-30,39765.0
ID136,1984-09-30,39274.0
ID136,1984-12-31,41699.0
ID136,1985-03-31,42517.0
ID136,1985-06-30,43748.0
ID136,1985-09-30,43859.0
ID136,1985-12-31,48121.0
ID136,1986-03-31,46710.0
ID136,1986-06-30,50105.0
ID136,1986-09-30,46144.0
ID136,1986-12-31,53311.0
ID136,1987-03-31,51953.0
ID136,1987-06-30,53386.0
ID136,1987-09-30,59846.0
ID136,1987-12-31,61453.0
ID136,1988-03-31,63999.0
ID136,1988-06-30,70896.0
ID136,1988-09-30,79489.0
ID136,1988-12-31,76841.0
ID136,1989-03-31,63852.0
ID136,1989-06-30,63452.0
ID136,1989-09-30,64010.0
ID136,1989-12-31,64999.0
ID136,1990-03-31,68787.0
ID136,1990-06-30,61755.0
ID136,1990-09-30,68148.0
ID136,1990-12-31,64940.0
ID136,1991-03-31,57906.0
ID136,1991-06-30,72741.0
ID136,1991-09-30,64258.0
ID136,1991-12-31,69639.0
ID136,1992-03-31,67363.0
ID136,1992-06-30,65395.0
ID136,1992-09-30,67673.0
ID136,1992-12-31,68173.0
ID136,1993-03-31,72371.0
ID136,1993-06-30,80663.0
ID136,1993-09-30,79379.0
ID136,1993-12-31,86168.0
ID136,1994-03-31,91404.0
ID136,1994-06-30,93838.0
ID136,1994-09-30,99042.0
ID136,1994-12-31,102574.0
ID136,1995-03-31,103090.0
ID136,1995-06-30,101036.0
ID136,1995-09-30,129768.0
ID136,1995-12-31,116882.0
ID136,1996-03-31,118173.0
ID136,1996-06-30,126297.0
ID136,1996-09-30,128913.0
ID136,1996-12-31,131518.0
ID136,1997-03-31,126957.0
ID136,1997-06-30,142178.0
ID136,1997-09-30,140952.0
ID136,1997-12-31,138679.0
ID136,1998-03-31,135544.0
ID136,1998-06-30,130933.0
ID136,1998-09-30,124534.0
ID136,1998-12-31,141023.0
ID136,1999-03-31,131412.0
ID136,1999-06-30,138753.0
ID136,1999-09-30,141621.0
ID136,1999-12-31,136263.0
ID136,2000-03-31,142020.0
ID136,2000-06-30,155240.0
ID136,2000-09-30,158865.0
ID136,2000-12-31,164438.0
ID136,2001-03-31,145607.0
ID136,2001-06-30,142234.0
ID136,2001-09-30,146390.0
ID136,2001-12-31,135919.0
ID136,2002-03-31,130674.0
ID136,2002-06-30,150841.0
ID136,2002-09-30,143669.0
ID136,2002-12-31,147180.0
ID136,2003-03-31,139848.0
ID136,2003-06-30,124991.0
ID137,1980-03-31,11602.0
ID137,1980-06-30,11864.0
ID137,1980-09-30,12767.0
ID137,1980-12-31,10309.0
ID137,1981-03-31,10417.0
ID137,1981-06-30,11993.0
ID137,1981-09-30,11192.0
ID137,1981-12-31,9101.0
ID137,1982-03-31,9809.0
ID137,1982-06-30,9796.0
ID137,1982-09-30,10542.0
ID137,1982-12-31,6625.0
ID137,1983-03-31,7787.0
ID137,1983-06-30,7523.0
ID137,1983-09-30,9426.0
ID137,1983-12-31,6561.0
ID137,1984-03-31,7084.0
ID137,1984-06-30,7926.0
ID137,1984-09-30,9043.0
ID137,1984-12-31,7715.0
ID137,1985-03-31,9277.0
ID137,1985-06-30,9927.0
ID137,1985-09-30,10132.0
ID137,1985-12-31,9990.0
ID137,1986-03-31,11560.0
ID137,1986-06-30,14451.0
ID137,1986-09-30,16366.0
ID137,1986-12-31,12343.0
ID137,1987-03-31,15682.0
ID137,1987-06-30,19300.0
ID137,1987-09-30,14692.0
ID137,1987-12-31,12565.0
ID137,1988-03-31,12717.0
ID137,1988-06-30,12707.0
ID137,1988-09-30,16585.0
ID137,1988-12-31,11068.0
ID137,1989-03-31,12025.0
ID137,1989-06-30,12951.0
ID137,1989-09-30,12867.0
ID137,1989-12-31,10229.0
ID137,1990-03-31,10764.0
ID137,1990-06-30,11082.0
ID137,1990-09-30,11119.0
ID137,1990-12-31,8417.0
ID137,1991-03-31,8455.0
ID137,1991-06-30,9277.0
ID137,1991-09-30,9430.0
ID137,1991-12-31,7787.0
ID137,1992-03-31,7693.0
ID137,1992-06-30,12387.0
ID137,1992-09-30,12931.0
ID137,1992-12-31,11404.0
ID137,1993-03-31,10370.0
ID137,1993-06-30,12832.0
ID137,1993-09-30,15480.0
ID137,1993-12-31,11051.0
ID137,1994-03-31,9978.0
ID137,1994-06-30,10757.0
ID137,1994-09-30,12052.0
ID137,1994-12-31,7507.0
ID137,1995-03-31,8943.0
ID137,1995-06-30,10085.0
ID137,1995-09-30,10837.0
ID137,1995-12-31,8508.0
ID137,1996-03-31,10076.0
ID137,1996-06-30,11210.0
ID137,1996-09-30,12468.0
ID137,1996-12-31,9984.0
ID137,1997-03-31,11808.0
ID137,1997-06-30,12507.0
ID137,1997-09-30,14792.0
ID137,1997-12-31,11246.0
ID137,1998-03-31,10037.0
ID137,1998-06-30,13338.0
ID137,1998-09-30,35244.0
ID137,1998-12-31,14731.0
ID137,1999-03-31,15323.0
ID137,1999-06-30,17724.0
ID137,1999-09-30,18739.0
ID137,1999-12-31,16388.0
ID137,2000-03-31,16505.0
ID137,2000-06-30,18613.0
ID137,2000-09-30,23740.0
ID137,2000-12-31,19855.0
ID137,2001-03-31,18444.0
ID137,2001-06-30,18039.0
ID137,2001-09-30,30945.0
ID137,2001-12-31,29727.0
ID137,2002-03-31,28636.0
ID137,2002-06-30,32665.0
ID137,2002-09-30,38644.0
ID137,2002-12-31,25960.0
ID137,2003-03-31,24547.0
ID137,2003-06-30,26127.0
ID138,1980-03-31,2693.0
ID138,1980-06-30,1651.0
ID138,1980-09-30,1585.0
ID138,1980-12-31,1746.0
ID138,1981-03-31,2080.0
ID138,1981-06-30,1149.0
ID138,1981-09-30,1182.0
ID138,1981-12-31,2240.0
ID138,1982-03-31,2149.0
ID138,1982-06-30,1178.0
ID138,1982-09-30,1286.0
ID138,1982-12-31,2126.0
ID138,1983-03-31,2257.0
ID138,1983-06-30,1186.0
ID138,1983-09-30,1049.0
ID138,1983-12-31,2004.0
ID138,1984-03-31,2376.0
ID138,1984-06-30,1106.0
ID138,1984-09-30,1256.0
ID138,1984-12-31,1953.0
ID138,1985-03-31,2385.0
ID138,1985-06-30,1435.0
ID138,1985-09-30,1994.0
ID138,1985-12-31,2599.0
ID138,1986-03-31,2916.0
ID138,1986-06-30,1952.0
ID138,1986-09-30,2447.0
ID138,1986-12-31,2840.0
ID138,1987-03-31,3854.0
ID138,1987-06-30,2693.0
ID138,1987-09-30,3632.0
ID138,1987-12-31,4060.0
ID138,1988-03-31,5120.0
ID138,1988-06-30,4490.0
ID138,1988-09-30,6627.0
ID138,1988-12-31,6118.0
ID138,1989-03-31,6835.0
ID138,1989-06-30,4623.0
ID138,1989-09-30,5435.0
ID138,1989-12-31,5169.0
ID138,1990-03-31,6410.0
ID138,1990-06-30,6667.0
ID138,1990-09-30,7908.0
ID138,1990-12-31,6414.0
ID138,1991-03-31,5370.0
ID138,1991-06-30,4677.0
ID138,1991-09-30,3933.0
ID138,1991-12-31,3010.0
ID138,1992-03-31,4544.0
ID138,1992-06-30,4554.0
ID138,1992-09-30,5069.0
ID138,1992-12-31,4853.0
ID138,1993-03-31,6397.0
ID138,1993-06-30,4660.0
ID138,1993-09-30,6283.0
ID138,1993-12-31,2605.0
ID138,1994-03-31,5150.0
ID138,1994-06-30,3861.0
ID138,1994-09-30,4620.0
ID138,1994-12-31,7640.0
ID138,1995-03-31,10841.0
ID138,1995-06-30,7669.0
ID138,1995-09-30,10106.0
ID138,1995-12-31,7930.0
ID138,1996-03-31,12360.0
ID138,1996-06-30,8496.0
ID138,1996-09-30,11270.0
ID138,1996-12-31,7297.0
ID138,1997-03-31,11672.0
ID138,1997-06-30,8832.0
ID138,1997-09-30,10807.0
ID138,1997-12-31,6840.0
ID138,1998-03-31,10954.0
ID138,1998-06-30,7223.0
ID138,1998-09-30,43847.0
ID138,1998-12-31,12362.0
ID138,1999-03-31,14299.0
ID138,1999-06-30,12253.0
ID138,1999-09-30,12754.0
ID138,1999-12-31,11758.0
ID138,2000-03-31,15359.0
ID138,2000-06-30,11388.0
ID138,2000-09-30,16786.0
ID138,2000-12-31,14970.0
ID138,2001-03-31,18806.0
ID138,2001-06-30,13971.0
ID138,2001-09-30,59603.0
ID138,2001-12-31,38998.0
ID138,2002-03-31,63292.0
ID138,2002-06-30,27306.0
ID138,2002-09-30,39378.0
ID138,2002-12-31,18158.0
ID138,2003-03-31,20818.0
ID138,2003-06-30,11404.0
ID139,1980-03-31,779.0
ID139,1980-06-30,464.0
ID139,1980-09-30,296.0
ID139,1980-12-31,412.0
ID139,1981-03-31,588.0
ID139,1981-06-30,371.0
ID139,1981-09-30,682.0
ID139,1981-12-31,496.0
ID139,1982-03-31,1058.0
ID139,1982-06-30,609.0
ID139,1982-09-30,852.0
ID139,1982-12-31,383.0
ID139,1983-03-31,1174.0
ID139,1983-06-30,648.0
ID139,1983-09-30,623.0
ID139,1983-12-31,370.0
ID139,1984-03-31,974.0
ID139,1984-06-30,507.0
ID139,1984-09-30,510.0
ID139,1984-12-31,442.0
ID139,1985-03-31,1244.0
ID139,1985-06-30,581.0
ID139,1985-09-30,843.0
ID139,1985-12-31,713.0
ID139,1986-03-31,1617.0
ID139,1986-06-30,505.0
ID139,1986-09-30,945.0
ID139,1986-12-31,831.0
ID139,1987-03-31,1876.0
ID139,1987-06-30,988.0
ID139,1987-09-30,1332.0
ID139,1987-12-31,910.0
ID139,1988-03-31,2224.0
ID139,1988-06-30,999.0
ID139,1988-09-30,1399.0
ID139,1988-12-31,959.0
ID139,1989-03-31,2708.0
ID139,1989-06-30,703.0
ID139,1989-09-30,1790.0
ID139,1989-12-31,1358.0
ID139,1990-03-31,3684.0
ID139,1990-06-30,1204.0
ID139,1990-09-30,1301.0
ID139,1990-12-31,1208.0
ID139,1991-03-31,4050.0
ID139,1991-06-30,888.0
ID139,1991-09-30,1722.0
ID139,1991-12-31,814.0
ID139,1992-03-31,3868.0
ID139,1992-06-30,1128.0
ID139,1992-09-30,1873.0
ID139,1992-12-31,1275.0
ID139,1993-03-31,4457.0
ID139,1993-06-30,1303.0
ID139,1993-09-30,2141.0
ID139,1993-12-31,1488.0
ID139,1994-03-31,4231.0
ID139,1994-06-30,1229.0
ID139,1994-09-30,1938.0
ID139,1994-12-31,2015.0
ID139,1995-03-31,4709.0
ID139,1995-06-30,1404.0
ID139,1995-09-30,4448.0
ID139,1995-12-31,2014.0
ID139,1996-03-31,8213.0
ID139,1996-06-30,2321.0
ID139,1996-09-30,4432.0
ID139,1996-12-31,2854.0
ID139,1997-03-31,8949.0
ID139,1997-06-30,2833.0
ID139,1997-09-30,5421.0
ID139,1997-12-31,2292.0
ID139,1998-03-31,6838.0
ID139,1998-06-30,2213.0
ID139,1998-09-30,7496.0
ID139,1998-12-31,2930.0
ID139,1999-03-31,6969.0
ID139,1999-06-30,2679.0
ID139,1999-09-30,4747.0
ID139,1999-12-31,3206.0
ID139,2000-03-31,8354.0
ID139,2000-06-30,3410.0
ID139,2000-09-30,5396.0
ID139,2000-12-31,4396.0
ID139,2001-03-31,7726.0
ID139,2001-06-30,2964.0
ID139,2001-09-30,8512.0
ID139,2001-12-31,5064.0
ID139,2002-03-31,11264.0
ID139,2002-06-30,6230.0
ID139,2002-09-30,12783.0
ID139,2002-12-31,5657.0
ID139,2003-03-31,9615.0
ID139,2003-06-30,3248.0
ID14,1986-03-31,12010.0
ID14,1986-06-30,12985.0
ID14,1986-09-30,11586.0
ID14,1986-12-31,13271.0
ID14,1987-03-31,12749.0
ID14,1987-06-30,14379.0
ID14,1987-09-30,13164.0
ID14,1987-12-31,14700.0
ID14,1988-03-31,13663.0
ID14,1988-06-30,14916.0
ID14,1988-09-30,13996.0
ID14,1988-12-31,15655.0
ID14,1989-03-31,16065.0
ID14,1989-06-30,17375.0
ID14,1989-09-30,14864.0
ID14,1989-12-31,17728.0
ID14,1990-03-31,18098.0
ID14,1990-06-30,18838.0
ID14,1990-09-30,17794.0
ID14,1990-12-31,21691.0
ID14,1991-03-31,17131.0
ID14,1991-06-30,20393.0
ID14,1991-09-30,19860.0
ID14,1991-12-31,23349.0
ID14,1992-03-31,21374.0
ID14,1992-06-30,22713.0
ID14,1992-09-30,19948.0
ID14,1992-12-31,24228.0
ID14,1993-03-31,22085.0
ID14,1993-06-30,22637.0
ID14,1993-09-30,22158.0
ID14,1993-12-31,26477.0
ID14,1994-03-31,25838.0
ID14,1994-06-30,26117.0
ID14,1994-09-30,24519.0
ID14,1994-12-31,28309.0
ID14,1995-03-31,24922.0
ID14,1995-06-30,23655.0
ID14,1995-09-30,23057.0
ID14,1995-12-31,26186.0
ID14,1996-03-31,24674.0
ID14,1996-06-30,24500.0
ID14,1996-09-30,24117.0
ID14,1996-12-31,26788.0
ID14,1997-03-31,24435.0
ID14,1997-06-30,22880.0
ID14,1997-09-30,17724.0
ID14,1997-12-31,20595.0
ID14,1998-03-31,18365.0
ID14,1998-06-30,19375.0
ID14,1998-09-30,15371.0
ID14,1998-12-31,21861.0
ID14,1999-03-31,20574.0
ID14,1999-06-30,20548.0
ID14,1999-09-30,20264.0
ID14,1999-12-31,24190.0
ID14,2000-03-31,23389.0
ID14,2000-06-30,23282.0
ID14,2000-09-30,22773.0
ID14,2000-12-31,25244.0
ID14,2001-03-31,22294.0
ID14,2001-06-30,21618.0
ID14,2001-09-30,19048.0
ID14,2001-12-31,20166.0
ID14,2002-03-31,21598.439453125
ID14,2002-06-30,22072.08984375
ID14,2002-09-30,21882.630859375
ID14,2002-12-31,24724.529296875
ID140,1980-03-31,830.0
ID140,1980-06-30,414.0
ID140,1980-09-30,720.0
ID140,1980-12-31,520.0
ID140,1981-03-31,677.0
ID140,1981-06-30,424.0
ID140,1981-09-30,612.0
ID140,1981-12-31,476.0
ID140,1982-03-31,1087.0
ID140,1982-06-30,622.0
ID140,1982-09-30,724.0
ID140,1982-12-31,818.0
ID140,1983-03-31,838.0
ID140,1983-06-30,605.0
ID140,1983-09-30,735.0
ID140,1983-12-31,551.0
ID140,1984-03-31,1143.0
ID140,1984-06-30,807.0
ID140,1984-09-30,1048.0
ID140,1984-12-31,1615.0
ID140,1985-03-31,1410.0
ID140,1985-06-30,853.0
ID140,1985-09-30,950.0
ID140,1985-12-31,958.0
ID140,1986-03-31,1157.0
ID140,1986-06-30,817.0
ID140,1986-09-30,861.0
ID140,1986-12-31,1047.0
ID140,1987-03-31,1630.0
ID140,1987-06-30,1087.0
ID140,1987-09-30,1036.0
ID140,1987-12-31,1099.0
ID140,1988-03-31,1714.0
ID140,1988-06-30,1234.0
ID140,1988-09-30,1202.0
ID140,1988-12-31,1019.0
ID140,1989-03-31,2038.0
ID140,1989-06-30,808.0
ID140,1989-09-30,1333.0
ID140,1989-12-31,989.0
ID140,1990-03-31,2670.0
ID140,1990-06-30,1073.0
ID140,1990-09-30,1900.0
ID140,1990-12-31,2270.0
ID140,1991-03-31,2802.0
ID140,1991-06-30,1306.0
ID140,1991-09-30,1303.0
ID140,1991-12-31,973.0
ID140,1992-03-31,2705.0
ID140,1992-06-30,1081.0
ID140,1992-09-30,2129.0
ID140,1992-12-31,1854.0
ID140,1993-03-31,3651.0
ID140,1993-06-30,1496.0
ID140,1993-09-30,2450.0
ID140,1993-12-31,2011.0
ID140,1994-03-31,4293.0
ID140,1994-06-30,1696.0
ID140,1994-09-30,3550.0
ID140,1994-12-31,4287.0
ID140,1995-03-31,5408.0
ID140,1995-06-30,2574.0
ID140,1995-09-30,3516.0
ID140,1995-12-31,2808.0
ID140,1996-03-31,5966.0
ID140,1996-06-30,2844.0
ID140,1996-09-30,4315.0
ID140,1996-12-31,2905.0
ID140,1997-03-31,6336.0
ID140,1997-06-30,2744.0
ID140,1997-09-30,4821.0
ID140,1997-12-31,3625.0
ID140,1998-03-31,7643.0
ID140,1998-06-30,3465.0
ID140,1998-09-30,12820.0
ID140,1998-12-31,5025.0
ID140,1999-03-31,8586.0
ID140,1999-06-30,4947.0
ID140,1999-09-30,6253.0
ID140,1999-12-31,5141.0
ID140,2000-03-31,9594.0
ID140,2000-06-30,5012.0
ID140,2000-09-30,6920.0
ID140,2000-12-31,7263.0
ID140,2001-03-31,11170.0
ID140,2001-06-30,5487.0
ID140,2001-09-30,17124.0
ID140,2001-12-31,21608.0
ID140,2002-03-31,19945.0
ID140,2002-06-30,16444.0
ID140,2002-09-30,19114.0
ID140,2002-12-31,15099.0
ID140,2003-03-31,17505.0
ID140,2003-06-30,7117.0
ID141,1980-03-31,1453.0
ID141,1980-06-30,685.0
ID141,1980-09-30,573.0
ID141,1980-12-31,721.0
ID141,1981-03-31,1990.0
ID141,1981-06-30,628.0
ID141,1981-09-30,939.0
ID141,1981-12-31,872.0
ID141,1982-03-31,2199.0
ID141,1982-06-30,836.0
ID141,1982-09-30,695.0
ID141,1982-12-31,706.0
ID141,1983-03-31,3091.0
ID141,1983-06-30,846.0
ID141,1983-09-30,860.0
ID141,1983-12-31,746.0
ID141,1984-03-31,3155.0
ID141,1984-06-30,887.0
ID141,1984-09-30,869.0
ID141,1984-12-31,950.0
ID141,1985-03-31,3451.0
ID141,1985-06-30,1011.0
ID141,1985-09-30,879.0
ID141,1985-12-31,861.0
ID141,1986-03-31,3593.0
ID141,1986-06-30,893.0
ID141,1986-09-30,1109.0
ID141,1986-12-31,968.0
ID141,1987-03-31,3932.0
ID141,1987-06-30,1180.0
ID141,1987-09-30,1161.0
ID141,1987-12-31,1797.0
ID141,1988-03-31,4155.0
ID141,1988-06-30,1304.0
ID141,1988-09-30,1554.0
ID141,1988-12-31,1258.0
ID141,1989-03-31,4269.0
ID141,1989-06-30,1000.0
ID141,1989-09-30,1688.0
ID141,1989-12-31,1272.0
ID141,1990-03-31,4397.0
ID141,1990-06-30,1025.0
ID141,1990-09-30,1645.0
ID141,1990-12-31,1191.0
ID141,1991-03-31,4433.0
ID141,1991-06-30,970.0
ID141,1991-09-30,1480.0
ID141,1991-12-31,680.0
ID141,1992-03-31,4767.0
ID141,1992-06-30,1054.0
ID141,1992-09-30,1566.0
ID141,1992-12-31,1615.0
ID141,1993-03-31,4576.0
ID141,1993-06-30,1255.0
ID141,1993-09-30,1961.0
ID141,1993-12-31,1287.0
ID141,1994-03-31,4804.0
ID141,1994-06-30,1328.0
ID141,1994-09-30,2402.0
ID141,1994-12-31,1678.0
ID141,1995-03-31,5864.0
ID141,1995-06-30,1794.0
ID141,1995-09-30,2569.0
ID141,1995-12-31,1862.0
ID141,1996-03-31,6667.0
ID141,1996-06-30,1877.0
ID141,1996-09-30,3201.0
ID141,1996-12-31,2509.0
ID141,1997-03-31,7913.0
ID141,1997-06-30,2987.0
ID141,1997-09-30,4239.0
ID141,1997-12-31,2440.0
ID141,1998-03-31,7861.0
ID141,1998-06-30,2224.0
ID141,1998-09-30,9978.0
ID141,1998-12-31,2793.0
ID141,1999-03-31,8166.0
ID141,1999-06-30,3353.0
ID141,1999-09-30,4456.0
ID141,1999-12-31,3575.0
ID141,2000-03-31,8683.0
ID141,2000-06-30,3144.0
ID141,2000-09-30,5475.0
ID141,2000-12-31,3403.0
ID141,2001-03-31,8754.0
ID141,2001-06-30,3083.0
ID141,2001-09-30,9211.0
ID141,2001-12-31,7437.0
ID141,2002-03-31,11185.0
ID141,2002-06-30,6363.0
ID141,2002-09-30,8556.0
ID141,2002-12-31,5387.0
ID141,2003-03-31,11470.0
ID141,2003-06-30,4193.0
ID142,1980-03-31,989.0
ID142,1980-06-30,1016.0
ID142,1980-09-30,1405.0
ID142,1980-12-31,1045.0
ID142,1981-03-31,1353.0
ID142,1981-06-30,1270.0
ID142,1981-09-30,1388.0
ID142,1981-12-31,1065.0
ID142,1982-03-31,1268.0
ID142,1982-06-30,979.0
ID142,1982-09-30,1653.0
ID142,1982-12-31,998.0
ID142,1983-03-31,1033.0
ID142,1983-06-30,848.0
ID142,1983-09-30,1071.0
ID142,1983-12-31,1124.0
ID142,1984-03-31,1188.0
ID142,1984-06-30,807.0
ID142,1984-09-30,991.0
ID142,1984-12-31,936.0
ID142,1985-03-31,1290.0
ID142,1985-06-30,985.0
ID142,1985-09-30,1121.0
ID142,1985-12-31,1118.0
ID142,1986-03-31,1573.0
ID142,1986-06-30,1139.0
ID142,1986-09-30,1311.0
ID142,1986-12-31,1040.0
ID142,1987-03-31,1676.0
ID142,1987-06-30,978.0
ID142,1987-09-30,1547.0
ID142,1987-12-31,1358.0
ID142,1988-03-31,1770.0
ID142,1988-06-30,1397.0
ID142,1988-09-30,1851.0
ID142,1988-12-31,1452.0
ID142,1989-03-31,2046.0
ID142,1989-06-30,1304.0
ID142,1989-09-30,1928.0
ID142,1989-12-31,1291.0
ID142,1990-03-31,2356.0
ID142,1990-06-30,1492.0
ID142,1990-09-30,2374.0
ID142,1990-12-31,1423.0
ID142,1991-03-31,2804.0
ID142,1991-06-30,1303.0
ID142,1991-09-30,2205.0
ID142,1991-12-31,1557.0
ID142,1992-03-31,3019.0
ID142,1992-06-30,1908.0
ID142,1992-09-30,3151.0
ID142,1992-12-31,2377.0
ID142,1993-03-31,4660.0
ID142,1993-06-30,2713.0
ID142,1993-09-30,4162.0
ID142,1993-12-31,2409.0
ID142,1994-03-31,5316.0
ID142,1994-06-30,2924.0
ID142,1994-09-30,4764.0
ID142,1994-12-31,3762.0
ID142,1995-03-31,6970.0
ID142,1995-06-30,4245.0
ID142,1995-09-30,6216.0
ID142,1995-12-31,4353.0
ID142,1996-03-31,8547.0
ID142,1996-06-30,5238.0
ID142,1996-09-30,8108.0
ID142,1996-12-31,5673.0
ID142,1997-03-31,11158.0
ID142,1997-06-30,6778.0
ID142,1997-09-30,10485.0
ID142,1997-12-31,5295.0
ID142,1998-03-31,10196.0
ID142,1998-06-30,4856.0
ID142,1998-09-30,10564.0
ID142,1998-12-31,5201.0
ID142,1999-03-31,9999.0
ID142,1999-06-30,4799.0
ID142,1999-09-30,6944.0
ID142,1999-12-31,3870.0
ID142,2000-03-31,10807.0
ID142,2000-06-30,4688.0
ID142,2000-09-30,7376.0
ID142,2000-12-31,5641.0
ID142,2001-03-31,10125.0
ID142,2001-06-30,4716.0
ID142,2001-09-30,8866.0
ID142,2001-12-31,7232.0
ID142,2002-03-31,11062.0
ID142,2002-06-30,6090.0
ID142,2002-09-30,9655.0
ID142,2002-12-31,5506.0
ID142,2003-03-31,9468.0
ID142,2003-06-30,4779.0
ID143,1980-03-31,107.0
ID143,1980-06-30,75.0
ID143,1980-09-30,92.0
ID143,1980-12-31,193.0
ID143,1981-03-31,78.0
ID143,1981-06-30,32.0
ID143,1981-09-30,87.0
ID143,1981-12-31,160.0
ID143,1982-03-31,65.0
ID143,1982-06-30,62.0
ID143,1982-09-30,134.0
ID143,1982-12-31,68.0
ID143,1983-03-31,107.0
ID143,1983-06-30,43.0
ID143,1983-09-30,48.0
ID143,1983-12-31,91.0
ID143,1984-03-31,96.0
ID143,1984-06-30,55.0
ID143,1984-09-30,61.0
ID143,1984-12-31,119.0
ID143,1985-03-31,140.0
ID143,1985-06-30,89.0
ID143,1985-09-30,156.0
ID143,1985-12-31,115.0
ID143,1986-03-31,179.0
ID143,1986-06-30,172.0
ID143,1986-09-30,120.0
ID143,1986-12-31,192.0
ID143,1987-03-31,344.0
ID143,1987-06-30,140.0
ID143,1987-09-30,219.0
ID143,1987-12-31,404.0
ID143,1988-03-31,430.0
ID143,1988-06-30,380.0
ID143,1988-09-30,434.0
ID143,1988-12-31,398.0
ID143,1989-03-31,539.0
ID143,1989-06-30,359.0
ID143,1989-09-30,700.0
ID143,1989-12-31,662.0
ID143,1990-03-31,1072.0
ID143,1990-06-30,610.0
ID143,1990-09-30,661.0
ID143,1990-12-31,574.0
ID143,1991-03-31,1089.0
ID143,1991-06-30,549.0
ID143,1991-09-30,726.0
ID143,1991-12-31,770.0
ID143,1992-03-31,1349.0
ID143,1992-06-30,713.0
ID143,1992-09-30,1381.0
ID143,1992-12-31,1435.0
ID143,1993-03-31,2874.0
ID143,1993-06-30,1697.0
ID143,1993-09-30,2387.0
ID143,1993-12-31,1389.0
ID143,1994-03-31,3004.0
ID143,1994-06-30,1451.0
ID143,1994-09-30,2244.0
ID143,1994-12-31,2073.0
ID143,1995-03-31,4222.0
ID143,1995-06-30,2581.0
ID143,1995-09-30,3304.0
ID143,1995-12-31,2766.0
ID143,1996-03-31,6033.0
ID143,1996-06-30,3250.0
ID143,1996-09-30,5118.0
ID143,1996-12-31,3311.0
ID143,1997-03-31,6209.0
ID143,1997-06-30,4623.0
ID143,1997-09-30,6183.0
ID143,1997-12-31,4046.0
ID143,1998-03-31,6749.0
ID143,1998-06-30,4561.0
ID143,1998-09-30,9370.0
ID143,1998-12-31,3793.0
ID143,1999-03-31,6458.0
ID143,1999-06-30,5468.0
ID143,1999-09-30,7797.0
ID143,1999-12-31,3662.0
ID143,2000-03-31,5788.0
ID143,2000-06-30,4558.0
ID143,2000-09-30,7225.0
ID143,2000-12-31,4791.0
ID143,2001-03-31,6701.0
ID143,2001-06-30,4940.0
ID143,2001-09-30,5563.0
ID143,2001-12-31,3505.0
ID143,2002-03-31,8402.0
ID143,2002-06-30,5897.0
ID143,2002-09-30,7331.0
ID143,2002-12-31,3888.0
ID143,2003-03-31,5981.0
ID143,2003-06-30,1641.0
ID144,1980-03-31,336.0
ID144,1980-06-30,203.0
ID144,1980-09-30,198.0
ID144,1980-12-31,216.0
ID144,1981-03-31,422.0
ID144,1981-06-30,176.0
ID144,1981-09-30,270.0
ID144,1981-12-31,247.0
ID144,1982-03-31,334.0
ID144,1982-06-30,247.0
ID144,1982-09-30,222.0
ID144,1982-12-31,171.0
ID144,1983-03-31,446.0
ID144,1983-06-30,425.0
ID144,1983-09-30,174.0
ID144,1983-12-31,322.0
ID144,1984-03-31,456.0
ID144,1984-06-30,321.0
ID144,1984-09-30,263.0
ID144,1984-12-31,336.0
ID144,1985-03-31,415.0
ID144,1985-06-30,294.0
ID144,1985-09-30,537.0
ID144,1985-12-31,255.0
ID144,1986-03-31,521.0
ID144,1986-06-30,746.0
ID144,1986-09-30,367.0
ID144,1986-12-31,367.0
ID144,1987-03-31,749.0
ID144,1987-06-30,473.0
ID144,1987-09-30,780.0
ID144,1987-12-31,564.0
ID144,1988-03-31,938.0
ID144,1988-06-30,990.0
ID144,1988-09-30,1078.0
ID144,1988-12-31,773.0
ID144,1989-03-31,1446.0
ID144,1989-06-30,1029.0
ID144,1989-09-30,1089.0
ID144,1989-12-31,813.0
ID144,1990-03-31,1644.0
ID144,1990-06-30,937.0
ID144,1990-09-30,871.0
ID144,1990-12-31,505.0
ID144,1991-03-31,1453.0
ID144,1991-06-30,799.0
ID144,1991-09-30,745.0
ID144,1991-12-31,637.0
ID144,1992-03-31,1351.0
ID144,1992-06-30,1080.0
ID144,1992-09-30,1093.0
ID144,1992-12-31,675.0
ID144,1993-03-31,1652.0
ID144,1993-06-30,1291.0
ID144,1993-09-30,1415.0
ID144,1993-12-31,849.0
ID144,1994-03-31,2071.0
ID144,1994-06-30,1709.0
ID144,1994-09-30,1713.0
ID144,1994-12-31,1826.0
ID144,1995-03-31,3054.0
ID144,1995-06-30,3221.0
ID144,1995-09-30,2558.0
ID144,1995-12-31,1912.0
ID144,1996-03-31,4021.0
ID144,1996-06-30,3229.0
ID144,1996-09-30,3370.0
ID144,1996-12-31,2126.0
ID144,1997-03-31,4702.0
ID144,1997-06-30,3559.0
ID144,1997-09-30,2802.0
ID144,1997-12-31,1983.0
ID144,1998-03-31,3378.0
ID144,1998-06-30,1979.0
ID144,1998-09-30,3813.0
ID144,1998-12-31,2050.0
ID144,1999-03-31,3714.0
ID144,1999-06-30,2837.0
ID144,1999-09-30,3318.0
ID144,1999-12-31,2869.0
ID144,2000-03-31,4983.0
ID144,2000-06-30,4220.0
ID144,2000-09-30,3769.0
ID144,2000-12-31,3341.0
ID144,2001-03-31,5528.0
ID144,2001-06-30,4824.0
ID144,2001-09-30,6584.0
ID144,2001-12-31,4646.0
ID144,2002-03-31,8267.0
ID144,2002-06-30,6373.0
ID144,2002-09-30,7466.0
ID144,2002-12-31,4497.0
ID144,2003-03-31,8133.0
ID144,2003-06-30,4442.0
ID145,1980-03-31,183.0
ID145,1980-06-30,179.0
ID145,1980-09-30,134.0
ID145,1980-12-31,91.0
ID145,1981-03-31,238.0
ID145,1981-06-30,127.0
ID145,1981-09-30,193.0
ID145,1981-12-31,205.0
ID145,1982-03-31,173.0
ID145,1982-06-30,136.0
ID145,1982-09-30,214.0
ID145,1982-12-31,151.0
ID145,1983-03-31,207.0
ID145,1983-06-30,94.0
ID145,1983-09-30,132.0
ID145,1983-12-31,218.0
ID145,1984-03-31,168.0
ID145,1984-06-30,140.0
ID145,1984-09-30,186.0
ID145,1984-12-31,229.0
ID145,1985-03-31,271.0
ID145,1985-06-30,227.0
ID145,1985-09-30,244.0
ID145,1985-12-31,341.0
ID145,1986-03-31,289.0
ID145,1986-06-30,420.0
ID145,1986-09-30,228.0
ID145,1986-12-31,369.0
ID145,1987-03-31,391.0
ID145,1987-06-30,596.0
ID145,1987-09-30,497.0
ID145,1987-12-31,829.0
ID145,1988-03-31,853.0
ID145,1988-06-30,549.0
ID145,1988-09-30,727.0
ID145,1988-12-31,854.0
ID145,1989-03-31,656.0
ID145,1989-06-30,779.0
ID145,1989-09-30,884.0
ID145,1989-12-31,784.0
ID145,1990-03-31,849.0
ID145,1990-06-30,839.0
ID145,1990-09-30,890.0
ID145,1990-12-31,779.0
ID145,1991-03-31,1173.0
ID145,1991-06-30,1006.0
ID145,1991-09-30,928.0
ID145,1991-12-31,806.0
ID145,1992-03-31,1548.0
ID145,1992-06-30,854.0
ID145,1992-09-30,1129.0
ID145,1992-12-31,1224.0
ID145,1993-03-31,2421.0
ID145,1993-06-30,1428.0
ID145,1993-09-30,2051.0
ID145,1993-12-31,1589.0
ID145,1994-03-31,2356.0
ID145,1994-06-30,1370.0
ID145,1994-09-30,2185.0
ID145,1994-12-31,2818.0
ID145,1995-03-31,4481.0
ID145,1995-06-30,3014.0
ID145,1995-09-30,4098.0
ID145,1995-12-31,4200.0
ID145,1996-03-31,6936.0
ID145,1996-06-30,4588.0
ID145,1996-09-30,5666.0
ID145,1996-12-31,5658.0
ID145,1997-03-31,9011.0
ID145,1997-06-30,5229.0
ID145,1997-09-30,6141.0
ID145,1997-12-31,5722.0
ID145,1998-03-31,3841.0
ID145,1998-06-30,2029.0
ID145,1998-09-30,4308.0
ID145,1998-12-31,3777.0
ID145,1999-03-31,5641.0
ID145,1999-06-30,3593.0
ID145,1999-09-30,4765.0
ID145,1999-12-31,5939.0
ID145,2000-03-31,8362.0
ID145,2000-06-30,4984.0
ID145,2000-09-30,7940.0
ID145,2000-12-31,6297.0
ID145,2001-03-31,9067.0
ID145,2001-06-30,5476.0
ID145,2001-09-30,9449.0
ID145,2001-12-31,12757.0
ID145,2002-03-31,15225.0
ID145,2002-06-30,9195.0
ID145,2002-09-30,11633.0
ID145,2002-12-31,9630.0
ID145,2003-03-31,14774.0
ID145,2003-06-30,7126.0
ID146,1980-03-31,76.0
ID146,1980-06-30,96.0
ID146,1980-09-30,78.0
ID146,1980-12-31,120.0
ID146,1981-03-31,139.0
ID146,1981-06-30,192.0
ID146,1981-09-30,106.0
ID146,1981-12-31,152.0
ID146,1982-03-31,224.0
ID146,1982-06-30,199.0
ID146,1982-09-30,173.0
ID146,1982-12-31,151.0
ID146,1983-03-31,176.0
ID146,1983-06-30,165.0
ID146,1983-09-30,174.0
ID146,1983-12-31,127.0
ID146,1984-03-31,153.0
ID146,1984-06-30,127.0
ID146,1984-09-30,164.0
ID146,1984-12-31,264.0
ID146,1985-03-31,467.0
ID146,1985-06-30,347.0
ID146,1985-09-30,304.0
ID146,1985-12-31,345.0
ID146,1986-03-31,418.0
ID146,1986-06-30,397.0
ID146,1986-09-30,427.0
ID146,1986-12-31,572.0
ID146,1987-03-31,658.0
ID146,1987-06-30,808.0
ID146,1987-09-30,1748.0
ID146,1987-12-31,2220.0
ID146,1988-03-31,1490.0
ID146,1988-06-30,1979.0
ID146,1988-09-30,2894.0
ID146,1988-12-31,2857.0
ID146,1989-03-31,3704.0
ID146,1989-06-30,2813.0
ID146,1989-09-30,756.0
ID146,1989-12-31,9259.0
ID146,1990-03-31,5194.0
ID146,1990-06-30,5942.0
ID146,1990-09-30,961.0
ID146,1990-12-31,913.0
ID146,1991-03-31,1062.0
ID146,1991-06-30,841.0
ID146,1991-09-30,927.0
ID146,1991-12-31,926.0
ID146,1992-03-31,1155.0
ID146,1992-06-30,815.0
ID146,1992-09-30,808.0
ID146,1992-12-31,983.0
ID146,1993-03-31,1285.0
ID146,1993-06-30,1002.0
ID146,1993-09-30,1247.0
ID146,1993-12-31,943.0
ID146,1994-03-31,1093.0
ID146,1994-06-30,813.0
ID146,1994-09-30,1005.0
ID146,1994-12-31,1634.0
ID146,1995-03-31,2293.0
ID146,1995-06-30,1230.0
ID146,1995-09-30,1214.0
ID146,1995-12-31,1798.0
ID146,1996-03-31,1695.0
ID146,1996-06-30,1330.0
ID146,1996-09-30,1912.0
ID146,1996-12-31,1854.0
ID146,1997-03-31,2117.0
ID146,1997-06-30,2452.0
ID146,1997-09-30,2246.0
ID146,1997-12-31,2499.0
ID146,1998-03-31,3712.0
ID146,1998-06-30,2771.0
ID146,1998-09-30,5711.0
ID146,1998-12-31,4119.0
ID146,1999-03-31,5749.0
ID146,1999-06-30,4389.0
ID146,1999-09-30,5997.0
ID146,1999-12-31,4763.0
ID146,2000-03-31,7449.0
ID146,2000-06-30,5558.0
ID146,2000-09-30,7698.0
ID146,2000-12-31,6298.0
ID146,2001-03-31,9808.0
ID146,2001-06-30,5436.0
ID146,2001-09-30,11785.0
ID146,2001-12-31,9142.0
ID146,2002-03-31,16753.0
ID146,2002-06-30,8471.0
ID146,2002-09-30,16031.0
ID146,2002-12-31,8863.0
ID146,2003-03-31,17619.0
ID146,2003-06-30,3792.0
ID147,1980-03-31,1110.0
ID147,1980-06-30,923.0
ID147,1980-09-30,881.0
ID147,1980-12-31,734.0
ID147,1981-03-31,1234.0
ID147,1981-06-30,956.0
ID147,1981-09-30,1173.0
ID147,1981-12-31,942.0
ID147,1982-03-31,1100.0
ID147,1982-06-30,1178.0
ID147,1982-09-30,1314.0
ID147,1982-12-31,1344.0
ID147,1983-03-31,1438.0
ID147,1983-06-30,1085.0
ID147,1983-09-30,1242.0
ID147,1983-12-31,920.0
ID147,1984-03-31,1473.0
ID147,1984-06-30,1267.0
ID147,1984-09-30,1143.0
ID147,1984-12-31,1498.0
ID147,1985-03-31,1901.0
ID147,1985-06-30,1595.0
ID147,1985-09-30,1557.0
ID147,1985-12-31,1429.0
ID147,1986-03-31,1397.0
ID147,1986-06-30,1329.0
ID147,1986-09-30,1283.0
ID147,1986-12-31,1796.0
ID147,1987-03-31,1621.0
ID147,1987-06-30,1590.0
ID147,1987-09-30,1504.0
ID147,1987-12-31,1481.0
ID147,1988-03-31,2006.0
ID147,1988-06-30,1705.0
ID147,1988-09-30,1479.0
ID147,1988-12-31,1436.0
ID147,1989-03-31,2036.0
ID147,1989-06-30,1728.0
ID147,1989-09-30,1958.0
ID147,1989-12-31,1885.0
ID147,1990-03-31,2809.0
ID147,1990-06-30,1917.0
ID147,1990-09-30,1836.0
ID147,1990-12-31,1605.0
ID147,1991-03-31,2565.0
ID147,1991-06-30,1784.0
ID147,1991-09-30,2044.0
ID147,1991-12-31,1762.0
ID147,1992-03-31,3144.0
ID147,1992-06-30,1809.0
ID147,1992-09-30,2271.0
ID147,1992-12-31,2065.0
ID147,1993-03-31,3113.0
ID147,1993-06-30,2714.0
ID147,1993-09-30,1974.0
ID147,1993-12-31,1854.0
ID147,1994-03-31,3082.0
ID147,1994-06-30,2628.0
ID147,1994-09-30,2711.0
ID147,1994-12-31,2781.0
ID147,1995-03-31,4499.0
ID147,1995-06-30,4008.0
ID147,1995-09-30,3230.0
ID147,1995-12-31,3578.0
ID147,1996-03-31,5047.0
ID147,1996-06-30,3816.0
ID147,1996-09-30,3824.0
ID147,1996-12-31,4023.0
ID147,1997-03-31,6481.0
ID147,1997-06-30,4713.0
ID147,1997-09-30,5344.0
ID147,1997-12-31,5018.0
ID147,1998-03-31,7657.0
ID147,1998-06-30,4773.0
ID147,1998-09-30,8565.0
ID147,1998-12-31,6058.0
ID147,1999-03-31,8372.0
ID147,1999-06-30,6376.0
ID147,1999-09-30,6630.0
ID147,1999-12-31,5815.0
ID147,2000-03-31,10057.0
ID147,2000-06-30,8147.0
ID147,2000-09-30,10192.0
ID147,2000-12-31,7291.0
ID147,2001-03-31,11997.0
ID147,2001-06-30,7410.0
ID147,2001-09-30,10418.0
ID147,2001-12-31,9398.0
ID147,2002-03-31,12720.0
ID147,2002-06-30,10782.0
ID147,2002-09-30,10910.0
ID147,2002-12-31,8498.0
ID147,2003-03-31,11141.0
ID147,2003-06-30,8015.0
ID148,1980-03-31,3745.0
ID148,1980-06-30,3220.0
ID148,1980-09-30,2221.0
ID148,1980-12-31,3258.0
ID148,1981-03-31,4030.0
ID148,1981-06-30,2564.0
ID148,1981-09-30,3129.0
ID148,1981-12-31,3893.0
ID148,1982-03-31,4341.0
ID148,1982-06-30,3106.0
ID148,1982-09-30,3973.0
ID148,1982-12-31,3068.0
ID148,1983-03-31,3797.0
ID148,1983-06-30,3803.0
ID148,1983-09-30,3786.0
ID148,1983-12-31,3471.0
ID148,1984-03-31,4900.0
ID148,1984-06-30,4792.0
ID148,1984-09-30,4163.0
ID148,1984-12-31,3944.0
ID148,1985-03-31,6494.0
ID148,1985-06-30,4542.0
ID148,1985-09-30,5505.0
ID148,1985-12-31,6366.0
ID148,1986-03-31,7823.0
ID148,1986-06-30,7338.0
ID148,1986-09-30,6741.0
ID148,1986-12-31,7246.0
ID148,1987-03-31,9450.0
ID148,1987-06-30,6866.0
ID148,1987-09-30,8219.0
ID148,1987-12-31,9909.0
ID148,1988-03-31,9046.0
ID148,1988-06-30,6940.0
ID148,1988-09-30,9337.0
ID148,1988-12-31,9085.0
ID148,1989-03-31,8815.0
ID148,1989-06-30,5550.0
ID148,1989-09-30,7026.0
ID148,1989-12-31,5062.0
ID148,1990-03-31,7455.0
ID148,1990-06-30,6051.0
ID148,1990-09-30,6392.0
ID148,1990-12-31,5591.0
ID148,1991-03-31,6327.0
ID148,1991-06-30,3548.0
ID148,1991-09-30,5865.0
ID148,1991-12-31,4658.0
ID148,1992-03-31,5880.0
ID148,1992-06-30,5928.0
ID148,1992-09-30,6419.0
ID148,1992-12-31,5511.0
ID148,1993-03-31,8219.0
ID148,1993-06-30,5784.0
ID148,1993-09-30,7499.0
ID148,1993-12-31,4225.0
ID148,1994-03-31,6644.0
ID148,1994-06-30,5398.0
ID148,1994-09-30,6687.0
ID148,1994-12-31,3743.0
ID148,1995-03-31,7093.0
ID148,1995-06-30,6626.0
ID148,1995-09-30,7889.0
ID148,1995-12-31,4586.0
ID148,1996-03-31,7535.0
ID148,1996-06-30,7479.0
ID148,1996-09-30,7887.0
ID148,1996-12-31,4695.0
ID148,1997-03-31,7208.0
ID148,1997-06-30,7451.0
ID148,1997-09-30,11044.0
ID148,1997-12-31,6414.0
ID148,1998-03-31,9678.0
ID148,1998-06-30,10824.0
ID148,1998-09-30,17329.0
ID148,1998-12-31,8294.0
ID148,1999-03-31,13464.0
ID148,1999-06-30,14272.0
ID148,1999-09-30,15823.0
ID148,1999-12-31,9970.0
ID148,2000-03-31,13609.0
ID148,2000-06-30,17563.0
ID148,2000-09-30,32784.0
ID148,2000-12-31,13878.0
ID148,2001-03-31,20102.0
ID148,2001-06-30,23660.0
ID148,2001-09-30,25212.0
ID148,2001-12-31,15196.0
ID148,2002-03-31,25079.0
ID148,2002-06-30,25615.0
ID148,2002-09-30,32384.0
ID148,2002-12-31,15545.0
ID148,2003-03-31,22158.0
ID148,2003-06-30,19834.0
ID149,1980-03-31,918.0
ID149,1980-06-30,418.0
ID149,1980-09-30,532.0
ID149,1980-12-31,639.0
ID149,1981-03-31,1021.0
ID149,1981-06-30,656.0
ID149,1981-09-30,897.0
ID149,1981-12-31,795.0
ID149,1982-03-31,1284.0
ID149,1982-06-30,904.0
ID149,1982-09-30,1103.0
ID149,1982-12-31,857.0
ID149,1983-03-31,927.0
ID149,1983-06-30,617.0
ID149,1983-09-30,770.0
ID149,1983-12-31,713.0
ID149,1984-03-31,1023.0
ID149,1984-06-30,522.0
ID149,1984-09-30,854.0
ID149,1984-12-31,974.0
ID149,1985-03-31,1323.0
ID149,1985-06-30,827.0
ID149,1985-09-30,923.0
ID149,1985-12-31,1133.0
ID149,1986-03-31,1688.0
ID149,1986-06-30,1022.0
ID149,1986-09-30,1408.0
ID149,1986-12-31,1376.0
ID149,1987-03-31,1560.0
ID149,1987-06-30,1092.0
ID149,1987-09-30,1204.0
ID149,1987-12-31,1593.0
ID149,1988-03-31,1958.0
ID149,1988-06-30,1149.0
ID149,1988-09-30,1960.0
ID149,1988-12-31,1851.0
ID149,1989-03-31,2140.0
ID149,1989-06-30,1104.0
ID149,1989-09-30,1154.0
ID149,1989-12-31,1139.0
ID149,1990-03-31,1560.0
ID149,1990-06-30,1079.0
ID149,1990-09-30,1205.0
ID149,1990-12-31,1034.0
ID149,1991-03-31,1281.0
ID149,1991-06-30,732.0
ID149,1991-09-30,844.0
ID149,1991-12-31,745.0
ID149,1992-03-31,1180.0
ID149,1992-06-30,554.0
ID149,1992-09-30,827.0
ID149,1992-12-31,738.0
ID149,1993-03-31,1313.0
ID149,1993-06-30,645.0
ID149,1993-09-30,1030.0
ID149,1993-12-31,727.0
ID149,1994-03-31,1283.0
ID149,1994-06-30,831.0
ID149,1994-09-30,1254.0
ID149,1994-12-31,766.0
ID149,1995-03-31,1598.0
ID149,1995-06-30,664.0
ID149,1995-09-30,1105.0
ID149,1995-12-31,976.0
ID149,1996-03-31,1787.0
ID149,1996-06-30,880.0
ID149,1996-09-30,1221.0
ID149,1996-12-31,905.0
ID149,1997-03-31,1808.0
ID149,1997-06-30,1038.0
ID149,1997-09-30,1687.0
ID149,1997-12-31,1295.0
ID149,1998-03-31,1971.0
ID149,1998-06-30,1096.0
ID149,1998-09-30,3325.0
ID149,1998-12-31,2030.0
ID149,1999-03-31,2403.0
ID149,1999-06-30,1388.0
ID149,1999-09-30,2313.0
ID149,1999-12-31,2198.0
ID149,2000-03-31,2846.0
ID149,2000-06-30,1322.0
ID149,2000-09-30,3389.0
ID149,2000-12-31,2420.0
ID149,2001-03-31,3692.0
ID149,2001-06-30,1456.0
ID149,2001-09-30,3347.0
ID149,2001-12-31,3609.0
ID149,2002-03-31,5749.0
ID149,2002-06-30,2936.0
ID149,2002-09-30,3682.0
ID149,2002-12-31,3082.0
ID149,2003-03-31,4378.0
ID149,2003-06-30,1945.0
ID15,1986-03-31,24174.0
ID15,1986-06-30,27551.0
ID15,1986-09-30,29787.0
ID15,1986-12-31,32323.0
ID15,1987-03-31,27619.0
ID15,1987-06-30,30460.0
ID15,1987-09-30,31526.0
ID15,1987-12-31,32767.0
ID15,1988-03-31,29778.0
ID15,1988-06-30,31011.0
ID15,1988-09-30,32068.0
ID15,1988-12-31,33206.0
ID15,1989-03-31,29795.0
ID15,1989-06-30,30137.0
ID15,1989-09-30,26954.0
ID15,1989-12-31,30430.0
ID15,1990-03-31,29626.0
ID15,1990-06-30,30148.0
ID15,1990-09-30,29941.0
ID15,1990-12-31,33188.0
ID15,1991-03-31,25800.0
ID15,1991-06-30,30164.0
ID15,1991-09-30,29961.0
ID15,1991-12-31,34696.0
ID15,1992-03-31,31420.0
ID15,1992-06-30,34351.0
ID15,1992-09-30,33611.0
ID15,1992-12-31,35831.0
ID15,1993-03-31,32684.0
ID15,1993-06-30,35021.0
ID15,1993-09-30,33799.0
ID15,1993-12-31,34662.0
ID15,1994-03-31,30417.0
ID15,1994-06-30,29993.0
ID15,1994-09-30,29724.0
ID15,1994-12-31,31970.0
ID15,1995-03-31,29102.0
ID15,1995-06-30,30376.0
ID15,1995-09-30,31217.0
ID15,1995-12-31,33589.0
ID15,1996-03-31,31898.0
ID15,1996-06-30,32449.0
ID15,1996-09-30,33181.0
ID15,1996-12-31,34592.0
ID15,1997-03-31,32717.0
ID15,1997-06-30,30642.0
ID15,1997-09-30,25410.0
ID15,1997-12-31,28741.0
ID15,1998-03-31,28161.0
ID15,1998-06-30,30567.0
ID15,1998-09-30,31121.0
ID15,1998-12-31,33337.0
ID15,1999-03-31,31649.0
ID15,1999-06-30,31838.0
ID15,1999-09-30,33013.0
ID15,1999-12-31,34660.0
ID15,2000-03-31,33591.0
ID15,2000-06-30,33827.0
ID15,2000-09-30,34336.0
ID15,2000-12-31,35933.0
ID15,2001-03-31,33576.0
ID15,2001-06-30,34405.0
ID15,2001-09-30,35016.0
ID15,2001-12-31,36348.0
ID15,2002-03-31,39035.51953125
ID15,2002-06-30,40514.73046875
ID15,2002-09-30,40967.8203125
ID15,2002-12-31,42572.28125
ID150,1980-03-31,3984.0
ID150,1980-06-30,2122.0
ID150,1980-09-30,2653.0
ID150,1980-12-31,3023.0
ID150,1981-03-31,4207.0
ID150,1981-06-30,2114.0
ID150,1981-09-30,3201.0
ID150,1981-12-31,4055.0
ID150,1982-03-31,5120.0
ID150,1982-06-30,3576.0
ID150,1982-09-30,4032.0
ID150,1982-12-31,3862.0
ID150,1983-03-31,4327.0
ID150,1983-06-30,2674.0
ID150,1983-09-30,2968.0
ID150,1983-12-31,3428.0
ID150,1984-03-31,4715.0
ID150,1984-06-30,2359.0
ID150,1984-09-30,2932.0
ID150,1984-12-31,3480.0
ID150,1985-03-31,5481.0
ID150,1985-06-30,2385.0
ID150,1985-09-30,3272.0
ID150,1985-12-31,3453.0
ID150,1986-03-31,4780.0
ID150,1986-06-30,3093.0
ID150,1986-09-30,3695.0
ID150,1986-12-31,3948.0
ID150,1987-03-31,4280.0
ID150,1987-06-30,3366.0
ID150,1987-09-30,4006.0
ID150,1987-12-31,4235.0
ID150,1988-03-31,5603.0
ID150,1988-06-30,3765.0
ID150,1988-09-30,3701.0
ID150,1988-12-31,4802.0
ID150,1989-03-31,5269.0
ID150,1989-06-30,3821.0
ID150,1989-09-30,4844.0
ID150,1989-12-31,6003.0
ID150,1990-03-31,6365.0
ID150,1990-06-30,4836.0
ID150,1990-09-30,4508.0
ID150,1990-12-31,5023.0
ID150,1991-03-31,5816.0
ID150,1991-06-30,2920.0
ID150,1991-09-30,2399.0
ID150,1991-12-31,4181.0
ID150,1992-03-31,5186.0
ID150,1992-06-30,2742.0
ID150,1992-09-30,3958.0
ID150,1992-12-31,4229.0
ID150,1993-03-31,5413.0
ID150,1993-06-30,2947.0
ID150,1993-09-30,3747.0
ID150,1993-12-31,3914.0
ID150,1994-03-31,5468.0
ID150,1994-06-30,3140.0
ID150,1994-09-30,3838.0
ID150,1994-12-31,4790.0
ID150,1995-03-31,6060.0
ID150,1995-06-30,4159.0
ID150,1995-09-30,4208.0
ID150,1995-12-31,4872.0
ID150,1996-03-31,5776.0
ID150,1996-06-30,3643.0
ID150,1996-09-30,4656.0
ID150,1996-12-31,4447.0
ID150,1997-03-31,7363.0
ID150,1997-06-30,4269.0
ID150,1997-09-30,6757.0
ID150,1997-12-31,7794.0
ID150,1998-03-31,8228.0
ID150,1998-06-30,6007.0
ID150,1998-09-30,15402.0
ID150,1998-12-31,10836.0
ID150,1999-03-31,11019.0
ID150,1999-06-30,7260.0
ID150,1999-09-30,11900.0
ID150,1999-12-31,12160.0
ID150,2000-03-31,13475.0
ID150,2000-06-30,9976.0
ID150,2000-09-30,13597.0
ID150,2000-12-31,11986.0
ID150,2001-03-31,13322.0
ID150,2001-06-30,8120.0
ID150,2001-09-30,18414.0
ID150,2001-12-31,28605.0
ID150,2002-03-31,28545.0
ID150,2002-06-30,14763.0
ID150,2002-09-30,26803.0
ID150,2002-12-31,20057.0
ID150,2003-03-31,20283.0
ID150,2003-06-30,10877.0
ID151,1980-03-31,1498.0
ID151,1980-06-30,673.0
ID151,1980-09-30,805.0
ID151,1980-12-31,1436.0
ID151,1981-03-31,1365.0
ID151,1981-06-30,795.0
ID151,1981-09-30,858.0
ID151,1981-12-31,1084.0
ID151,1982-03-31,1350.0
ID151,1982-06-30,598.0
ID151,1982-09-30,640.0
ID151,1982-12-31,916.0
ID151,1983-03-31,1148.0
ID151,1983-06-30,454.0
ID151,1983-09-30,582.0
ID151,1983-12-31,746.0
ID151,1984-03-31,916.0
ID151,1984-06-30,528.0
ID151,1984-09-30,713.0
ID151,1984-12-31,859.0
ID151,1985-03-31,1631.0
ID151,1985-06-30,540.0
ID151,1985-09-30,719.0
ID151,1985-12-31,1048.0
ID151,1986-03-31,1545.0
ID151,1986-06-30,655.0
ID151,1986-09-30,912.0
ID151,1986-12-31,1208.0
ID151,1987-03-31,1640.0
ID151,1987-06-30,898.0
ID151,1987-09-30,889.0
ID151,1987-12-31,1262.0
ID151,1988-03-31,2330.0
ID151,1988-06-30,897.0
ID151,1988-09-30,1198.0
ID151,1988-12-31,1218.0
ID151,1989-03-31,1970.0
ID151,1989-06-30,637.0
ID151,1989-09-30,1153.0
ID151,1989-12-31,1127.0
ID151,1990-03-31,1653.0
ID151,1990-06-30,773.0
ID151,1990-09-30,1124.0
ID151,1990-12-31,1256.0
ID151,1991-03-31,1896.0
ID151,1991-06-30,1163.0
ID151,1991-09-30,1274.0
ID151,1991-12-31,1293.0
ID151,1992-03-31,1567.0
ID151,1992-06-30,903.0
ID151,1992-09-30,1186.0
ID151,1992-12-31,1508.0
ID151,1993-03-31,2615.0
ID151,1993-06-30,1030.0
ID151,1993-09-30,1243.0
ID151,1993-12-31,1132.0
ID151,1994-03-31,2684.0
ID151,1994-06-30,927.0
ID151,1994-09-30,1519.0
ID151,1994-12-31,1454.0
ID151,1995-03-31,1989.0
ID151,1995-06-30,1030.0
ID151,1995-09-30,1951.0
ID151,1995-12-31,1222.0
ID151,1996-03-31,2416.0
ID151,1996-06-30,1031.0
ID151,1996-09-30,1789.0
ID151,1996-12-31,1380.0
ID151,1997-03-31,2389.0
ID151,1997-06-30,1060.0
ID151,1997-09-30,2016.0
ID151,1997-12-31,1714.0
ID151,1998-03-31,3145.0
ID151,1998-06-30,1244.0
ID151,1998-09-30,4507.0
ID151,1998-12-31,2517.0
ID151,1999-03-31,4496.0
ID151,1999-06-30,1896.0
ID151,1999-09-30,2848.0
ID151,1999-12-31,3052.0
ID151,2000-03-31,3929.0
ID151,2000-06-30,2123.0
ID151,2000-09-30,4096.0
ID151,2000-12-31,3662.0
ID151,2001-03-31,4091.0
ID151,2001-06-30,2798.0
ID151,2001-09-30,5509.0
ID151,2001-12-31,6509.0
ID151,2002-03-31,7016.0
ID151,2002-06-30,3583.0
ID151,2002-09-30,7270.0
ID151,2002-12-31,4309.0
ID151,2003-03-31,6290.0
ID151,2003-06-30,2918.0
ID152,1980-03-31,3013.0
ID152,1980-06-30,1778.0
ID152,1980-09-30,2350.0
ID152,1980-12-31,3336.0
ID152,1981-03-31,3021.0
ID152,1981-06-30,1855.0
ID152,1981-09-30,2390.0
ID152,1981-12-31,2993.0
ID152,1982-03-31,3003.0
ID152,1982-06-30,2179.0
ID152,1982-09-30,2600.0
ID152,1982-12-31,2839.0
ID152,1983-03-31,2697.0
ID152,1983-06-30,1870.0
ID152,1983-09-30,2607.0
ID152,1983-12-31,2863.0
ID152,1984-03-31,2852.0
ID152,1984-06-30,2255.0
ID152,1984-09-30,2361.0
ID152,1984-12-31,3293.0
ID152,1985-03-31,3565.0
ID152,1985-06-30,2385.0
ID152,1985-09-30,3071.0
ID152,1985-12-31,3556.0
ID152,1986-03-31,3611.0
ID152,1986-06-30,2564.0
ID152,1986-09-30,3585.0
ID152,1986-12-31,4055.0
ID152,1987-03-31,4781.0
ID152,1987-06-30,2983.0
ID152,1987-09-30,4110.0
ID152,1987-12-31,4637.0
ID152,1988-03-31,6119.0
ID152,1988-06-30,3460.0
ID152,1988-09-30,5123.0
ID152,1988-12-31,5551.0
ID152,1989-03-31,5138.0
ID152,1989-06-30,3074.0
ID152,1989-09-30,4531.0
ID152,1989-12-31,4098.0
ID152,1990-03-31,4987.0
ID152,1990-06-30,3282.0
ID152,1990-09-30,4634.0
ID152,1990-12-31,5307.0
ID152,1991-03-31,5048.0
ID152,1991-06-30,2584.0
ID152,1991-09-30,4398.0
ID152,1991-12-31,3884.0
ID152,1992-03-31,5557.0
ID152,1992-06-30,2675.0
ID152,1992-09-30,5220.0
ID152,1992-12-31,4515.0
ID152,1993-03-31,5869.0
ID152,1993-06-30,3386.0
ID152,1993-09-30,6065.0
ID152,1993-12-31,3956.0
ID152,1994-03-31,5413.0
ID152,1994-06-30,2825.0
ID152,1994-09-30,6121.0
ID152,1994-12-31,5726.0
ID152,1995-03-31,7467.0
ID152,1995-06-30,3324.0
ID152,1995-09-30,5894.0
ID152,1995-12-31,6095.0
ID152,1996-03-31,6581.0
ID152,1996-06-30,4054.0
ID152,1996-09-30,8650.0
ID152,1996-12-31,6586.0
ID152,1997-03-31,8873.0
ID152,1997-06-30,5177.0
ID152,1997-09-30,10018.0
ID152,1997-12-31,8367.0
ID152,1998-03-31,11011.0
ID152,1998-06-30,5627.0
ID152,1998-09-30,28918.0
ID152,1998-12-31,13655.0
ID152,1999-03-31,14358.0
ID152,1999-06-30,7450.0
ID152,1999-09-30,15549.0
ID152,1999-12-31,15298.0
ID152,2000-03-31,17866.0
ID152,2000-06-30,10828.0
ID152,2000-09-30,30544.0
ID152,2000-12-31,18974.0
ID152,2001-03-31,17588.0
ID152,2001-06-30,10244.0
ID152,2001-09-30,22269.0
ID152,2001-12-31,22168.0
ID152,2002-03-31,23925.0
ID152,2002-06-30,15114.0
ID152,2002-09-30,25152.0
ID152,2002-12-31,20364.0
ID152,2003-03-31,22966.0
ID152,2003-06-30,9970.0
ID153,1980-03-31,7786.0
ID153,1980-06-30,5582.0
ID153,1980-09-30,5617.0
ID153,1980-12-31,5800.0
ID153,1981-03-31,7158.0
ID153,1981-06-30,4872.0
ID153,1981-09-30,5787.0
ID153,1981-12-31,5685.0
ID153,1982-03-31,7964.0
ID153,1982-06-30,5320.0
ID153,1982-09-30,5989.0
ID153,1982-12-31,5836.0
ID153,1983-03-31,7094.0
ID153,1983-06-30,4875.0
ID153,1983-09-30,5112.0
ID153,1983-12-31,5136.0
ID153,1984-03-31,7059.0
ID153,1984-06-30,4723.0
ID153,1984-09-30,5406.0
ID153,1984-12-31,6281.0
ID153,1985-03-31,8201.0
ID153,1985-06-30,6000.0
ID153,1985-09-30,7229.0
ID153,1985-12-31,7119.0
ID153,1986-03-31,9271.0
ID153,1986-06-30,7506.0
ID153,1986-09-30,8260.0
ID153,1986-12-31,8546.0
ID153,1987-03-31,11333.0
ID153,1987-06-30,8758.0
ID153,1987-09-30,7686.0
ID153,1987-12-31,8790.0
ID153,1988-03-31,10090.0
ID153,1988-06-30,7054.0
ID153,1988-09-30,11146.0
ID153,1988-12-31,11455.0
ID153,1989-03-31,10224.0
ID153,1989-06-30,7190.0
ID153,1989-09-30,8705.0
ID153,1989-12-31,7638.0
ID153,1990-03-31,9888.0
ID153,1990-06-30,7862.0
ID153,1990-09-30,8038.0
ID153,1990-12-31,8310.0
ID153,1991-03-31,9818.0
ID153,1991-06-30,6029.0
ID153,1991-09-30,7905.0
ID153,1991-12-31,7803.0
ID153,1992-03-31,10171.0
ID153,1992-06-30,7848.0
ID153,1992-09-30,10152.0
ID153,1992-12-31,9303.0
ID153,1993-03-31,11915.0
ID153,1993-06-30,8659.0
ID153,1993-09-30,10463.0
ID153,1993-12-31,8194.0
ID153,1994-03-31,10569.0
ID153,1994-06-30,7411.0
ID153,1994-09-30,10829.0
ID153,1994-12-31,9270.0
ID153,1995-03-31,12802.0
ID153,1995-06-30,9451.0
ID153,1995-09-30,10449.0
ID153,1995-12-31,9102.0
ID153,1996-03-31,11820.0
ID153,1996-06-30,8055.0
ID153,1996-09-30,11017.0
ID153,1996-12-31,10427.0
ID153,1997-03-31,12414.0
ID153,1997-06-30,9440.0
ID153,1997-09-30,11940.0
ID153,1997-12-31,11530.0
ID153,1998-03-31,14099.0
ID153,1998-06-30,9735.0
ID153,1998-09-30,26972.0
ID153,1998-12-31,14902.0
ID153,1999-03-31,16990.0
ID153,1999-06-30,13072.0
ID153,1999-09-30,17335.0
ID153,1999-12-31,16712.0
ID153,2000-03-31,18860.0
ID153,2000-06-30,15366.0
ID153,2000-09-30,26251.0
ID153,2000-12-31,20800.0
ID153,2001-03-31,21999.0
ID153,2001-06-30,17146.0
ID153,2001-09-30,21992.0
ID153,2001-12-31,19561.0
ID153,2002-03-31,21690.0
ID153,2002-06-30,15996.0
ID153,2002-09-30,18922.0
ID153,2002-12-31,16559.0
ID153,2003-03-31,19587.0
ID153,2003-06-30,13084.0
ID154,1980-03-31,41102.0
ID154,1980-06-30,31363.0
ID154,1980-09-30,32907.0
ID154,1980-12-31,33599.0
ID154,1981-03-31,40018.0
ID154,1981-06-30,30174.0
ID154,1981-09-30,34086.0
ID154,1981-12-31,34461.0
ID154,1982-03-31,42528.0
ID154,1982-06-30,31525.0
ID154,1982-09-30,36146.0
ID154,1982-12-31,30919.0
ID154,1983-03-31,38544.0
ID154,1983-06-30,27761.0
ID154,1983-09-30,31359.0
ID154,1983-12-31,29391.0
ID154,1984-03-31,39731.0
ID154,1984-06-30,29129.0
ID154,1984-09-30,31963.0
ID154,1984-12-31,34888.0
ID154,1985-03-31,48946.0
ID154,1985-06-30,34023.0
ID154,1985-09-30,39436.0
ID154,1985-12-31,41399.0
ID154,1986-03-31,53938.0
ID154,1986-06-30,44999.0
ID154,1986-09-30,50065.0
ID154,1986-12-31,48744.0
ID154,1987-03-31,65457.0
ID154,1987-06-30,53796.0
ID154,1987-09-30,54262.0
ID154,1987-12-31,57713.0
ID154,1988-03-31,68563.0
ID154,1988-06-30,50999.0
ID154,1988-09-30,68295.0
ID154,1988-12-31,62154.0
ID154,1989-03-31,71858.0
ID154,1989-06-30,49473.0
ID154,1989-09-30,57841.0
ID154,1989-12-31,58778.0
ID154,1990-03-31,73757.0
ID154,1990-06-30,56671.0
ID154,1990-09-30,57367.0
ID154,1990-12-31,51820.0
ID154,1991-03-31,65442.0
ID154,1991-06-30,40376.0
ID154,1991-09-30,48128.0
ID154,1991-12-31,42286.0
ID154,1992-03-31,64684.0
ID154,1992-06-30,48033.0
ID154,1992-09-30,61163.0
ID154,1992-12-31,55564.0
ID154,1993-03-31,80800.0
ID154,1993-06-30,54842.0
ID154,1993-09-30,71598.0
ID154,1993-12-31,49623.0
ID154,1994-03-31,77439.0
ID154,1994-06-30,50298.0
ID154,1994-09-30,69432.0
ID154,1994-12-31,63770.0
ID154,1995-03-31,98293.0
ID154,1995-06-30,67079.0
ID154,1995-09-30,83592.0
ID154,1995-12-31,68582.0
ID154,1996-03-31,111476.0
ID154,1996-06-30,73341.0
ID154,1996-09-30,98904.0
ID154,1996-12-31,76634.0
ID154,1997-03-31,126411.0
ID154,1997-06-30,85692.0
ID154,1997-09-30,116743.0
ID154,1997-12-31,88120.0
ID154,1998-03-31,126998.0
ID154,1998-06-30,83965.0
ID154,1998-09-30,248169.0
ID154,1998-12-31,115073.0
ID154,1999-03-31,156006.0
ID154,1999-06-30,113756.0
ID154,1999-09-30,148168.0
ID154,1999-12-31,126376.0
ID154,2000-03-31,176526.0
ID154,2000-06-30,130900.0
ID154,2000-09-30,213178.0
ID154,2000-12-31,155266.0
ID154,2001-03-31,198920.0
ID154,2001-06-30,139770.0
ID154,2001-09-30,274803.0
ID154,2001-12-31,245162.0
ID154,2002-03-31,318755.0
ID154,2002-06-30,213823.0
ID154,2002-09-30,295714.0
ID154,2002-12-31,191059.0
ID154,2003-03-31,246733.0
ID154,2003-06-30,140512.0
ID155,1991-03-31,700.0
ID155,1991-06-30,800.0
ID155,1991-09-30,1300.0
ID155,1991-12-31,1300.0
ID155,1992-03-31,600.0
ID155,1992-06-30,1800.0
ID155,1992-09-30,1700.0
ID155,1992-12-31,1500.0
ID155,1993-03-31,500.0
ID155,1993-06-30,800.0
ID155,1993-09-30,1500.0
ID155,1993-12-31,1700.0
ID155,1994-03-31,600.0
ID155,1994-06-30,1000.0
ID155,1994-09-30,700.0
ID155,1994-12-31,1500.0
ID155,1995-03-31,400.0
ID155,1995-06-30,600.0
ID155,1995-09-30,1500.0
ID155,1995-12-31,1300.0
ID155,1996-03-31,500.0
ID155,1996-06-30,600.0
ID155,1996-09-30,1700.0
ID155,1996-12-31,2000.0
ID155,1997-03-31,600.0
ID155,1997-06-30,600.0
ID155,1997-09-30,1200.0
ID155,1997-12-31,1600.0
ID155,1998-03-31,500.0
ID155,1998-06-30,600.0
ID155,1998-09-30,700.0
ID155,1998-12-31,2800.0
ID155,1999-03-31,700.0
ID155,1999-06-30,1300.0
ID155,1999-09-30,1600.0
ID155,1999-12-31,4500.0
ID155,2000-03-31,2000.0
ID155,2000-06-30,2700.0
ID155,2000-09-30,2500.0
ID155,2000-12-31,4900.0
ID155,2001-03-31,2900.0
ID155,2001-06-30,2100.0
ID155,2001-09-30,2500.0
ID155,2001-12-31,2500.0
ID155,2002-03-31,1900.0
ID155,2002-06-30,1300.0
ID155,2002-09-30,2300.0
ID155,2002-12-31,2500.0
ID155,2003-03-31,1600.0
ID155,2003-06-30,2500.0
ID156,1991-03-31,21300.0
ID156,1991-06-30,18200.0
ID156,1991-09-30,25400.0
ID156,1991-12-31,25200.0
ID156,1992-03-31,16100.0
ID156,1992-06-30,18300.0
ID156,1992-09-30,26500.0
ID156,1992-12-31,25800.0
ID156,1993-03-31,16200.0
ID156,1993-06-30,19600.0
ID156,1993-09-30,21800.0
ID156,1993-12-31,20800.0
ID156,1994-03-31,15300.0
ID156,1994-06-30,21700.0
ID156,1994-09-30,24100.0
ID156,1994-12-31,21900.0
ID156,1995-03-31,12400.0
ID156,1995-06-30,20100.0
ID156,1995-09-30,21600.0
ID156,1995-12-31,20400.0
ID156,1996-03-31,14800.0
ID156,1996-06-30,16600.0
ID156,1996-09-30,19800.0
ID156,1996-12-31,20700.0
ID156,1997-03-31,16300.0
ID156,1997-06-30,18000.0
ID156,1997-09-30,19800.0
ID156,1997-12-31,21800.0
ID156,1998-03-31,18600.0
ID156,1998-06-30,28200.0
ID156,1998-09-30,26300.0
ID156,1998-12-31,26000.0
ID156,1999-03-31,20200.0
ID156,1999-06-30,31700.0
ID156,1999-09-30,37100.0
ID156,1999-12-31,26300.0
ID156,2000-03-31,22400.0
ID156,2000-06-30,21400.0
ID156,2000-09-30,9500.0
ID156,2000-12-31,21800.0
ID156,2001-03-31,18000.0
ID156,2001-06-30,20600.0
ID156,2001-09-30,27200.0
ID156,2001-12-31,28400.0
ID156,2002-03-31,27100.0
ID156,2002-06-30,30700.0
ID156,2002-09-30,34800.0
ID156,2002-12-31,35600.0
ID156,2003-03-31,25000.0
ID156,2003-06-30,33700.0
ID157,1991-03-31,600.0
ID157,1991-06-30,1100.0
ID157,1991-09-30,900.0
ID157,1991-12-31,1100.0
ID157,1992-03-31,800.0
ID157,1992-06-30,1200.0
ID157,1992-09-30,1200.0
ID157,1992-12-31,1200.0
ID157,1993-03-31,900.0
ID157,1993-06-30,1300.0
ID157,1993-09-30,1600.0
ID157,1993-12-31,1200.0
ID157,1994-03-31,1100.0
ID157,1994-06-30,1000.0
ID157,1994-09-30,1600.0
ID157,1994-12-31,1000.0
ID157,1995-03-31,700.0
ID157,1995-06-30,1300.0
ID157,1995-09-30,800.0
ID157,1995-12-31,200.0
ID157,1996-03-31,400.0
ID157,1996-06-30,1200.0
ID157,1996-09-30,1800.0
ID157,1996-12-31,1200.0
ID157,1997-03-31,1400.0
ID157,1997-06-30,1100.0
ID157,1997-09-30,1500.0
ID157,1997-12-31,2400.0
ID157,1998-03-31,1700.0
ID157,1998-06-30,1300.0
ID157,1998-09-30,1200.0
ID157,1998-12-31,800.0
ID157,1999-03-31,1600.0
ID157,1999-06-30,900.0
ID157,1999-09-30,1500.0
ID157,1999-12-31,1200.0
ID157,2000-03-31,1100.0
ID157,2000-06-30,1900.0
ID157,2000-09-30,500.0
ID157,2000-12-31,1300.0
ID157,2001-03-31,500.0
ID157,2001-06-30,1600.0
ID157,2001-09-30,900.0
ID157,2001-12-31,1400.0
ID157,2002-03-31,900.0
ID157,2002-06-30,1300.0
ID157,2002-09-30,600.0
ID157,2002-12-31,1000.0
ID157,2003-03-31,600.0
ID157,2003-06-30,1600.0
ID158,1991-03-31,3500.0
ID158,1991-06-30,3600.0
ID158,1991-09-30,5600.0
ID158,1991-12-31,4800.0
ID158,1992-03-31,3100.0
ID158,1992-06-30,3800.0
ID158,1992-09-30,4600.0
ID158,1992-12-31,3900.0
ID158,1993-03-31,3100.0
ID158,1993-06-30,3900.0
ID158,1993-09-30,4500.0
ID158,1993-12-31,4800.0
ID158,1994-03-31,3500.0
ID158,1994-06-30,3500.0
ID158,1994-09-30,4200.0
ID158,1994-12-31,3500.0
ID158,1995-03-31,3000.0
ID158,1995-06-30,3300.0
ID158,1995-09-30,3300.0
ID158,1995-12-31,3700.0
ID158,1996-03-31,2500.0
ID158,1996-06-30,2600.0
ID158,1996-09-30,3900.0
ID158,1996-12-31,5000.0
ID158,1997-03-31,2200.0
ID158,1997-06-30,3000.0
ID158,1997-09-30,4500.0
ID158,1997-12-31,4600.0
ID158,1998-03-31,1500.0
ID158,1998-06-30,3100.0
ID158,1998-09-30,3300.0
ID158,1998-12-31,4500.0
ID158,1999-03-31,1800.0
ID158,1999-06-30,3000.0
ID158,1999-09-30,3500.0
ID158,1999-12-31,3600.0
ID158,2000-03-31,2600.0
ID158,2000-06-30,4400.0
ID158,2000-09-30,5900.0
ID158,2000-12-31,4700.0
ID158,2001-03-31,2400.0
ID158,2001-06-30,7000.0
ID158,2001-09-30,5900.0
ID158,2001-12-31,4700.0
ID158,2002-03-31,2800.0
ID158,2002-06-30,5100.0
ID158,2002-09-30,4900.0
ID158,2002-12-31,4500.0
ID158,2003-03-31,2900.0
ID158,2003-06-30,3700.0
ID159,1991-03-31,81100.0
ID159,1991-06-30,63200.0
ID159,1991-09-30,79700.0
ID159,1991-12-31,94400.0
ID159,1992-03-31,85900.0
ID159,1992-06-30,70000.0
ID159,1992-09-30,88200.0
ID159,1992-12-31,96600.0
ID159,1993-03-31,86400.0
ID159,1993-06-30,74400.0
ID159,1993-09-30,85800.0
ID159,1993-12-31,100800.0
ID159,1994-03-31,93200.0
ID159,1994-06-30,71100.0
ID159,1994-09-30,88800.0
ID159,1994-12-31,100300.0
ID159,1995-03-31,92700.0
ID159,1995-06-30,79300.0
ID159,1995-09-30,94300.0
ID159,1995-12-31,105100.0
ID159,1996-03-31,106200.0
ID159,1996-06-30,91300.0
ID159,1996-09-30,95900.0
ID159,1996-12-31,121500.0
ID159,1997-03-31,106100.0
ID159,1997-06-30,86100.0
ID159,1997-09-30,98400.0
ID159,1997-12-31,116200.0
ID159,1998-03-31,112000.0
ID159,1998-06-30,102500.0
ID159,1998-09-30,119500.0
ID159,1998-12-31,136200.0
ID159,1999-03-31,121600.0
ID159,1999-06-30,100300.0
ID159,1999-09-30,123900.0
ID159,1999-12-31,143200.0
ID159,2000-03-31,131000.0
ID159,2000-06-30,108400.0
ID159,2000-09-30,131300.0
ID159,2000-12-31,156900.0
ID159,2001-03-31,151100.0
ID159,2001-06-30,135300.0
ID159,2001-09-30,153600.0
ID159,2001-12-31,159600.0
ID159,2002-03-31,154600.0
ID159,2002-06-30,124600.0
ID159,2002-09-30,146500.0
ID159,2002-12-31,171700.0
ID159,2003-03-31,162900.0
ID159,2003-06-30,134300.0
ID16,1986-03-31,3891.0
ID16,1986-06-30,4454.0
ID16,1986-09-30,4809.0
ID16,1986-12-31,5313.0
ID16,1987-03-31,4814.0
ID16,1987-06-30,5821.0
ID16,1987-09-30,5976.0
ID16,1987-12-31,7561.0
ID16,1988-03-31,7881.0
ID16,1988-06-30,9027.0
ID16,1988-09-30,9306.0
ID16,1988-12-31,9308.0
ID16,1989-03-31,9363.0
ID16,1989-06-30,9800.0
ID16,1989-09-30,8331.0
ID16,1989-12-31,9329.0
ID16,1990-03-31,8427.0
ID16,1990-06-30,8880.0
ID16,1990-09-30,9338.0
ID16,1990-12-31,10467.0
ID16,1991-03-31,8996.0
ID16,1991-06-30,11563.0
ID16,1991-09-30,12079.0
ID16,1991-12-31,15332.0
ID16,1992-03-31,14431.0
ID16,1992-06-30,18904.0
ID16,1992-09-30,20662.0
ID16,1992-12-31,24035.0
ID16,1993-03-31,22324.0
ID16,1993-06-30,25181.0
ID16,1993-09-30,24976.0
ID16,1993-12-31,24183.0
ID16,1994-03-31,21712.0
ID16,1994-06-30,22743.0
ID16,1994-09-30,22258.0
ID16,1994-12-31,24379.0
ID16,1995-03-31,21367.0
ID16,1995-06-30,22094.0
ID16,1995-09-30,22707.0
ID16,1995-12-31,24938.0
ID16,1996-03-31,23225.0
ID16,1996-06-30,23182.0
ID16,1996-09-30,24180.0
ID16,1996-12-31,25550.0
ID16,1997-03-31,23453.0
ID16,1997-06-30,21213.0
ID16,1997-09-30,14233.0
ID16,1997-12-31,17477.0
ID16,1998-03-31,17355.0
ID16,1998-06-30,18860.0
ID16,1998-09-30,20784.0
ID16,1998-12-31,21520.0
ID16,1999-03-31,20856.0
ID16,1999-06-30,20672.0
ID16,1999-09-30,22620.0
ID16,1999-12-31,24386.0
ID16,2000-03-31,23532.0
ID16,2000-06-30,23854.0
ID16,2000-09-30,24370.0
ID16,2000-12-31,25359.0
ID16,2001-03-31,23137.0
ID16,2001-06-30,24164.0
ID16,2001-09-30,24375.0
ID16,2001-12-31,24705.0
ID16,2002-03-31,28595.0390625
ID16,2002-06-30,28985.0390625
ID16,2002-09-30,29227.58984375
ID16,2002-12-31,30522.51953125
ID160,1991-03-31,3800.0
ID160,1991-06-30,4500.0
ID160,1991-09-30,3400.0
ID160,1991-12-31,5100.0
ID160,1992-03-31,4300.0
ID160,1992-06-30,4100.0
ID160,1992-09-30,4200.0
ID160,1992-12-31,5400.0
ID160,1993-03-31,4100.0
ID160,1993-06-30,3900.0
ID160,1993-09-30,3400.0
ID160,1993-12-31,4100.0
ID160,1994-03-31,4700.0
ID160,1994-06-30,5600.0
ID160,1994-09-30,5100.0
ID160,1994-12-31,4500.0
ID160,1995-03-31,4300.0
ID160,1995-06-30,4600.0
ID160,1995-09-30,3500.0
ID160,1995-12-31,5300.0
ID160,1996-03-31,3800.0
ID160,1996-06-30,5700.0
ID160,1996-09-30,4700.0
ID160,1996-12-31,4900.0
ID160,1997-03-31,5500.0
ID160,1997-06-30,5100.0
ID160,1997-09-30,4900.0
ID160,1997-12-31,7200.0
ID160,1998-03-31,5800.0
ID160,1998-06-30,6300.0
ID160,1998-09-30,7400.0
ID160,1998-12-31,8200.0
ID160,1999-03-31,7100.0
ID160,1999-06-30,6200.0
ID160,1999-09-30,6500.0
ID160,1999-12-31,8100.0
ID160,2000-03-31,5600.0
ID160,2000-06-30,7700.0
ID160,2000-09-30,7100.0
ID160,2000-12-31,8500.0
ID160,2001-03-31,7500.0
ID160,2001-06-30,8500.0
ID160,2001-09-30,5600.0
ID160,2001-12-31,6400.0
ID160,2002-03-31,7100.0
ID160,2002-06-30,5900.0
ID160,2002-09-30,6200.0
ID160,2002-12-31,8200.0
ID160,2003-03-31,9000.0
ID160,2003-06-30,7200.0
ID161,1991-03-31,9000.0
ID161,1991-06-30,9800.0
ID161,1991-09-30,9400.0
ID161,1991-12-31,9000.0
ID161,1992-03-31,9000.0
ID161,1992-06-30,10700.0
ID161,1992-09-30,9000.0
ID161,1992-12-31,9200.0
ID161,1993-03-31,7500.0
ID161,1993-06-30,9800.0
ID161,1993-09-30,9000.0
ID161,1993-12-31,9300.0
ID161,1994-03-31,8500.0
ID161,1994-06-30,8600.0
ID161,1994-09-30,8900.0
ID161,1994-12-31,9100.0
ID161,1995-03-31,7300.0
ID161,1995-06-30,9800.0
ID161,1995-09-30,8500.0
ID161,1995-12-31,10100.0
ID161,1996-03-31,9000.0
ID161,1996-06-30,9400.0
ID161,1996-09-30,9600.0
ID161,1996-12-31,9300.0
ID161,1997-03-31,10400.0
ID161,1997-06-30,10000.0
ID161,1997-09-30,11400.0
ID161,1997-12-31,10500.0
ID161,1998-03-31,9700.0
ID161,1998-06-30,9600.0
ID161,1998-09-30,10300.0
ID161,1998-12-31,10100.0
ID161,1999-03-31,7500.0
ID161,1999-06-30,10800.0
ID161,1999-09-30,11600.0
ID161,1999-12-31,11200.0
ID161,2000-03-31,10000.0
ID161,2000-06-30,10900.0
ID161,2000-09-30,8400.0
ID161,2000-12-31,9200.0
ID161,2001-03-31,9000.0
ID161,2001-06-30,9600.0
ID161,2001-09-30,8400.0
ID161,2001-12-31,6500.0
ID161,2002-03-31,8200.0
ID161,2002-06-30,7600.0
ID161,2002-09-30,8800.0
ID161,2002-12-31,8800.0
ID161,2003-03-31,8100.0
ID161,2003-06-30,8700.0
ID162,1991-03-31,700.0
ID162,1991-06-30,1300.0
ID162,1991-09-30,1000.0
ID162,1991-12-31,1000.0
ID162,1992-03-31,600.0
ID162,1992-06-30,700.0
ID162,1992-09-30,700.0
ID162,1992-12-31,1100.0
ID162,1993-03-31,1000.0
ID162,1993-06-30,1100.0
ID162,1993-09-30,800.0
ID162,1993-12-31,1400.0
ID162,1994-03-31,700.0
ID162,1994-06-30,900.0
ID162,1994-09-30,1300.0
ID162,1994-12-31,1400.0
ID162,1995-03-31,900.0
ID162,1995-06-30,1100.0
ID162,1995-09-30,1600.0
ID162,1995-12-31,1500.0
ID162,1996-03-31,1000.0
ID162,1996-06-30,1300.0
ID162,1996-09-30,1600.0
ID162,1996-12-31,1900.0
ID162,1997-03-31,900.0
ID162,1997-06-30,1400.0
ID162,1997-09-30,1500.0
ID162,1997-12-31,2200.0
ID162,1998-03-31,900.0
ID162,1998-06-30,1900.0
ID162,1998-09-30,2200.0
ID162,1998-12-31,2700.0
ID162,1999-03-31,1300.0
ID162,1999-06-30,2000.0
ID162,1999-09-30,2000.0
ID162,1999-12-31,2800.0
ID162,2000-03-31,1500.0
ID162,2000-06-30,2200.0
ID162,2000-09-30,2300.0
ID162,2000-12-31,2800.0
ID162,2001-03-31,2600.0
ID162,2001-06-30,2100.0
ID162,2001-09-30,2200.0
ID162,2001-12-31,2000.0
ID162,2002-03-31,1400.0
ID162,2002-06-30,1900.0
ID162,2002-09-30,1700.0
ID162,2002-12-31,3000.0
ID162,2003-03-31,1500.0
ID162,2003-06-30,2700.0
ID163,1991-03-31,500.0
ID163,1991-06-30,700.0
ID163,1991-09-30,800.0
ID163,1991-12-31,1100.0
ID163,1992-03-31,300.0
ID163,1992-06-30,700.0
ID163,1992-09-30,800.0
ID163,1992-12-31,1400.0
ID163,1993-03-31,300.0
ID163,1993-06-30,600.0
ID163,1993-09-30,800.0
ID163,1993-12-31,1400.0
ID163,1994-03-31,300.0
ID163,1994-06-30,900.0
ID163,1994-09-30,1000.0
ID163,1994-12-31,1900.0
ID163,1995-03-31,700.0
ID163,1995-06-30,1300.0
ID163,1995-09-30,600.0
ID163,1995-12-31,1800.0
ID163,1996-03-31,600.0
ID163,1996-06-30,800.0
ID163,1996-09-30,700.0
ID163,1996-12-31,1800.0
ID163,1997-03-31,600.0
ID163,1997-06-30,700.0
ID163,1997-09-30,700.0
ID163,1997-12-31,1300.0
ID163,1998-03-31,500.0
ID163,1998-06-30,1000.0
ID163,1998-09-30,800.0
ID163,1998-12-31,1400.0
ID163,1999-03-31,700.0
ID163,1999-06-30,900.0
ID163,1999-09-30,1500.0
ID163,1999-12-31,2300.0
ID163,2000-03-31,700.0
ID163,2000-06-30,1000.0
ID163,2000-09-30,1500.0
ID163,2000-12-31,2100.0
ID163,2001-03-31,1100.0
ID163,2001-06-30,1800.0
ID163,2001-09-30,900.0
ID163,2001-12-31,1700.0
ID163,2002-03-31,800.0
ID163,2002-06-30,1200.0
ID163,2002-09-30,900.0
ID163,2002-12-31,1600.0
ID163,2003-03-31,1100.0
ID163,2003-06-30,1500.0
ID164,1991-03-31,4100.0
ID164,1991-06-30,4200.0
ID164,1991-09-30,4700.0
ID164,1991-12-31,5500.0
ID164,1992-03-31,3900.0
ID164,1992-06-30,5400.0
ID164,1992-09-30,6800.0
ID164,1992-12-31,6200.0
ID164,1993-03-31,4900.0
ID164,1993-06-30,4900.0
ID164,1993-09-30,5600.0
ID164,1993-12-31,6400.0
ID164,1994-03-31,5400.0
ID164,1994-06-30,5200.0
ID164,1994-09-30,5200.0
ID164,1994-12-31,4600.0
ID164,1995-03-31,3400.0
ID164,1995-06-30,5500.0
ID164,1995-09-30,5000.0
ID164,1995-12-31,4400.0
ID164,1996-03-31,4900.0
ID164,1996-06-30,4800.0
ID164,1996-09-30,4600.0
ID164,1996-12-31,3700.0
ID164,1997-03-31,3800.0
ID164,1997-06-30,8000.0
ID164,1997-09-30,6300.0
ID164,1997-12-31,6300.0
ID164,1998-03-31,6000.0
ID164,1998-06-30,6400.0
ID164,1998-09-30,9600.0
ID164,1998-12-31,10300.0
ID164,1999-03-31,5700.0
ID164,1999-06-30,6800.0
ID164,1999-09-30,10400.0
ID164,1999-12-31,9300.0
ID164,2000-03-31,8300.0
ID164,2000-06-30,8800.0
ID164,2000-09-30,9200.0
ID164,2000-12-31,9800.0
ID164,2001-03-31,9200.0
ID164,2001-06-30,10100.0
ID164,2001-09-30,9700.0
ID164,2001-12-31,8200.0
ID164,2002-03-31,6000.0
ID164,2002-06-30,6900.0
ID164,2002-09-30,8500.0
ID164,2002-12-31,7400.0
ID164,2003-03-31,5400.0
ID164,2003-06-30,6100.0
ID165,1991-03-31,2200.0
ID165,1991-06-30,2500.0
ID165,1991-09-30,2400.0
ID165,1991-12-31,2400.0
ID165,1992-03-31,1800.0
ID165,1992-06-30,2200.0
ID165,1992-09-30,3300.0
ID165,1992-12-31,1800.0
ID165,1993-03-31,2000.0
ID165,1993-06-30,2400.0
ID165,1993-09-30,2800.0
ID165,1993-12-31,2100.0
ID165,1994-03-31,1900.0
ID165,1994-06-30,2000.0
ID165,1994-09-30,2300.0
ID165,1994-12-31,2100.0
ID165,1995-03-31,1800.0
ID165,1995-06-30,2100.0
ID165,1995-09-30,3100.0
ID165,1995-12-31,2500.0
ID165,1996-03-31,2000.0
ID165,1996-06-30,2400.0
ID165,1996-09-30,2200.0
ID165,1996-12-31,2100.0
ID165,1997-03-31,1500.0
ID165,1997-06-30,1700.0
ID165,1997-09-30,2700.0
ID165,1997-12-31,2800.0
ID165,1998-03-31,2300.0
ID165,1998-06-30,2700.0
ID165,1998-09-30,2300.0
ID165,1998-12-31,3400.0
ID165,1999-03-31,1900.0
ID165,1999-06-30,1900.0
ID165,1999-09-30,3000.0
ID165,1999-12-31,1900.0
ID165,2000-03-31,2600.0
ID165,2000-06-30,2500.0
ID165,2000-09-30,1700.0
ID165,2000-12-31,1600.0
ID165,2001-03-31,1900.0
ID165,2001-06-30,2500.0
ID165,2001-09-30,1400.0
ID165,2001-12-31,2500.0
ID165,2002-03-31,2400.0
ID165,2002-06-30,2200.0
ID165,2002-09-30,2600.0
ID165,2002-12-31,2400.0
ID165,2003-03-31,1900.0
ID165,2003-06-30,2000.0
ID166,1991-03-31,127500.0
ID166,1991-06-30,109700.0
ID166,1991-09-30,134400.0
ID166,1991-12-31,150700.0
ID166,1992-03-31,126400.0
ID166,1992-06-30,118900.0
ID166,1992-09-30,146900.0
ID166,1992-12-31,154400.0
ID166,1993-03-31,126700.0
ID166,1993-06-30,122600.0
ID166,1993-09-30,137700.0
ID166,1993-12-31,154200.0
ID166,1994-03-31,135500.0
ID166,1994-06-30,121300.0
ID166,1994-09-30,143100.0
ID166,1994-12-31,151500.0
ID166,1995-03-31,127400.0
ID166,1995-06-30,128900.0
ID166,1995-09-30,143800.0
ID166,1995-12-31,156100.0
ID166,1996-03-31,145700.0
ID166,1996-06-30,136700.0
ID166,1996-09-30,146300.0
ID166,1996-12-31,174100.0
ID166,1997-03-31,149600.0
ID166,1997-06-30,135900.0
ID166,1997-09-30,152900.0
ID166,1997-12-31,176800.0
ID166,1998-03-31,159500.0
ID166,1998-06-30,163700.0
ID166,1998-09-30,183600.0
ID166,1998-12-31,206700.0
ID166,1999-03-31,170000.0
ID166,1999-06-30,165600.0
ID166,1999-09-30,202500.0
ID166,1999-12-31,214300.0
ID166,2000-03-31,187900.0
ID166,2000-06-30,172200.0
ID166,2000-09-30,179900.0
ID166,2000-12-31,223400.0
ID166,2001-03-31,206100.0
ID166,2001-06-30,201100.0
ID166,2001-09-30,218400.0
ID166,2001-12-31,223500.0
ID166,2002-03-31,213300.0
ID166,2002-06-30,188400.0
ID166,2002-09-30,217500.0
ID166,2002-12-31,246700.0
ID166,2003-03-31,219900.0
ID166,2003-06-30,204100.0
ID167,1991-03-31,1400.0
ID167,1991-06-30,1800.0
ID167,1991-09-30,1900.0
ID167,1991-12-31,1600.0
ID167,1992-03-31,1300.0
ID167,1992-06-30,1900.0
ID167,1992-09-30,1900.0
ID167,1992-12-31,2100.0
ID167,1993-03-31,1100.0
ID167,1993-06-30,1900.0
ID167,1993-09-30,1700.0
ID167,1993-12-31,1600.0
ID167,1994-03-31,1200.0
ID167,1994-06-30,1500.0
ID167,1994-09-30,1700.0
ID167,1994-12-31,1700.0
ID167,1995-03-31,1300.0
ID167,1995-06-30,1900.0
ID167,1995-09-30,1800.0
ID167,1995-12-31,2300.0
ID167,1996-03-31,1800.0
ID167,1996-06-30,2200.0
ID167,1996-09-30,2600.0
ID167,1996-12-31,1800.0
ID167,1997-03-31,1300.0
ID167,1997-06-30,1800.0
ID167,1997-09-30,1800.0
ID167,1997-12-31,1500.0
ID167,1998-03-31,1300.0
ID167,1998-06-30,2100.0
ID167,1998-09-30,2800.0
ID167,1998-12-31,2200.0
ID167,1999-03-31,1900.0
ID167,1999-06-30,2300.0
ID167,1999-09-30,4000.0
ID167,1999-12-31,2300.0
ID167,2000-03-31,1800.0
ID167,2000-06-30,3700.0
ID167,2000-09-30,2900.0
ID167,2000-12-31,2400.0
ID167,2001-03-31,2500.0
ID167,2001-06-30,2900.0
ID167,2001-09-30,2700.0
ID167,2001-12-31,2100.0
ID167,2002-03-31,2400.0
ID167,2002-06-30,2500.0
ID167,2002-09-30,2400.0
ID167,2002-12-31,2900.0
ID167,2003-03-31,1600.0
ID167,2003-06-30,2600.0
ID168,1991-03-31,3900.0
ID168,1991-06-30,6300.0
ID168,1991-09-30,6600.0
ID168,1991-12-31,5500.0
ID168,1992-03-31,3800.0
ID168,1992-06-30,8600.0
ID168,1992-09-30,7900.0
ID168,1992-12-31,5000.0
ID168,1993-03-31,3700.0
ID168,1993-06-30,8700.0
ID168,1993-09-30,9600.0
ID168,1993-12-31,5400.0
ID168,1994-03-31,4300.0
ID168,1994-06-30,9500.0
ID168,1994-09-30,7400.0
ID168,1994-12-31,6700.0
ID168,1995-03-31,4800.0
ID168,1995-06-30,10700.0
ID168,1995-09-30,6800.0
ID168,1995-12-31,5500.0
ID168,1996-03-31,5200.0
ID168,1996-06-30,8100.0
ID168,1996-09-30,7800.0
ID168,1996-12-31,6900.0
ID168,1997-03-31,5700.0
ID168,1997-06-30,10500.0
ID168,1997-09-30,9700.0
ID168,1997-12-31,8700.0
ID168,1998-03-31,6500.0
ID168,1998-06-30,12300.0
ID168,1998-09-30,11600.0
ID168,1998-12-31,9200.0
ID168,1999-03-31,8200.0
ID168,1999-06-30,12500.0
ID168,1999-09-30,12900.0
ID168,1999-12-31,9300.0
ID168,2000-03-31,7200.0
ID168,2000-06-30,14900.0
ID168,2000-09-30,15400.0
ID168,2000-12-31,13100.0
ID168,2001-03-31,7500.0
ID168,2001-06-30,16800.0
ID168,2001-09-30,12900.0
ID168,2001-12-31,8800.0
ID168,2002-03-31,7500.0
ID168,2002-06-30,16000.0
ID168,2002-09-30,16200.0
ID168,2002-12-31,11300.0
ID168,2003-03-31,7500.0
ID168,2003-06-30,16300.0
ID169,1991-03-31,5800.0
ID169,1991-06-30,10000.0
ID169,1991-09-30,8900.0
ID169,1991-12-31,6900.0
ID169,1992-03-31,6300.0
ID169,1992-06-30,8800.0
ID169,1992-09-30,9500.0
ID169,1992-12-31,7300.0
ID169,1993-03-31,6400.0
ID169,1993-06-30,10800.0
ID169,1993-09-30,9800.0
ID169,1993-12-31,6800.0
ID169,1994-03-31,5500.0
ID169,1994-06-30,10200.0
ID169,1994-09-30,8800.0
ID169,1994-12-31,7800.0
ID169,1995-03-31,6500.0
ID169,1995-06-30,12100.0
ID169,1995-09-30,8200.0
ID169,1995-12-31,7600.0
ID169,1996-03-31,5500.0
ID169,1996-06-30,10700.0
ID169,1996-09-30,9200.0
ID169,1996-12-31,7400.0
ID169,1997-03-31,6800.0
ID169,1997-06-30,10400.0
ID169,1997-09-30,10100.0
ID169,1997-12-31,8700.0
ID169,1998-03-31,7600.0
ID169,1998-06-30,11700.0
ID169,1998-09-30,11000.0
ID169,1998-12-31,8900.0
ID169,1999-03-31,7600.0
ID169,1999-06-30,11700.0
ID169,1999-09-30,10900.0
ID169,1999-12-31,8000.0
ID169,2000-03-31,7500.0
ID169,2000-06-30,13100.0
ID169,2000-09-30,13500.0
ID169,2000-12-31,10300.0
ID169,2001-03-31,8000.0
ID169,2001-06-30,11700.0
ID169,2001-09-30,13900.0
ID169,2001-12-31,9300.0
ID169,2002-03-31,7400.0
ID169,2002-06-30,13100.0
ID169,2002-09-30,13400.0
ID169,2002-12-31,10600.0
ID169,2003-03-31,6400.0
ID169,2003-06-30,11600.0
ID17,1986-03-31,2088.0
ID17,1986-06-30,2536.0
ID17,1986-09-30,2957.0
ID17,1986-12-31,3513.0
ID17,1987-03-31,2279.0
ID17,1987-06-30,2472.0
ID17,1987-09-30,2745.0
ID17,1987-12-31,2778.0
ID17,1988-03-31,2486.0
ID17,1988-06-30,2572.0
ID17,1988-09-30,2628.0
ID17,1988-12-31,2647.0
ID17,1989-03-31,2347.0
ID17,1989-06-30,2455.0
ID17,1989-09-30,2347.0
ID17,1989-12-31,2401.0
ID17,1990-03-31,2272.0
ID17,1990-06-30,2313.0
ID17,1990-09-30,2391.0
ID17,1990-12-31,2549.0
ID17,1991-03-31,2158.0
ID17,1991-06-30,2103.0
ID17,1991-09-30,2209.0
ID17,1991-12-31,2662.0
ID17,1992-03-31,2321.0
ID17,1992-06-30,2683.0
ID17,1992-09-30,2971.0
ID17,1992-12-31,3571.0
ID17,1993-03-31,3073.0
ID17,1993-06-30,3313.0
ID17,1993-09-30,3401.0
ID17,1993-12-31,3511.0
ID17,1994-03-31,3062.0
ID17,1994-06-30,3274.0
ID17,1994-09-30,3316.0
ID17,1994-12-31,3536.0
ID17,1995-03-31,3074.0
ID17,1995-06-30,3186.0
ID17,1995-09-30,3136.0
ID17,1995-12-31,3624.0
ID17,1996-03-31,3201.0
ID17,1996-06-30,3506.0
ID17,1996-09-30,3830.0
ID17,1996-12-31,4740.0
ID17,1997-03-31,4135.0
ID17,1997-06-30,4154.0
ID17,1997-09-30,3446.0
ID17,1997-12-31,3689.0
ID17,1998-03-31,3042.0
ID17,1998-06-30,3539.0
ID17,1998-09-30,3739.0
ID17,1998-12-31,3960.0
ID17,1999-03-31,3403.0
ID17,1999-06-30,3547.0
ID17,1999-09-30,3716.0
ID17,1999-12-31,4263.0
ID17,2000-03-31,4076.0
ID17,2000-06-30,4331.0
ID17,2000-09-30,4207.0
ID17,2000-12-31,4443.0
ID17,2001-03-31,3800.0
ID17,2001-06-30,4055.0
ID17,2001-09-30,4023.0
ID17,2001-12-31,3920.0
ID17,2002-03-31,10256.6796875
ID17,2002-06-30,10744.650390625
ID17,2002-09-30,10910.3603515625
ID17,2002-12-31,12073.9501953125
ID170,1991-03-31,1700.0
ID170,1991-06-30,3200.0
ID170,1991-09-30,3200.0
ID170,1991-12-31,2400.0
ID170,1992-03-31,1500.0
ID170,1992-06-30,3800.0
ID170,1992-09-30,4700.0
ID170,1992-12-31,3300.0
ID170,1993-03-31,1200.0
ID170,1993-06-30,3200.0
ID170,1993-09-30,4400.0
ID170,1993-12-31,2800.0
ID170,1994-03-31,1900.0
ID170,1994-06-30,3900.0
ID170,1994-09-30,4700.0
ID170,1994-12-31,3000.0
ID170,1995-03-31,1900.0
ID170,1995-06-30,4300.0
ID170,1995-09-30,5800.0
ID170,1995-12-31,3400.0
ID170,1996-03-31,1900.0
ID170,1996-06-30,4900.0
ID170,1996-09-30,8000.0
ID170,1996-12-31,3800.0
ID170,1997-03-31,2200.0
ID170,1997-06-30,6200.0
ID170,1997-09-30,7100.0
ID170,1997-12-31,5600.0
ID170,1998-03-31,2800.0
ID170,1998-06-30,5900.0
ID170,1998-09-30,6700.0
ID170,1998-12-31,5400.0
ID170,1999-03-31,3900.0
ID170,1999-06-30,6500.0
ID170,1999-09-30,8000.0
ID170,1999-12-31,6300.0
ID170,2000-03-31,3200.0
ID170,2000-06-30,8300.0
ID170,2000-09-30,9400.0
ID170,2000-12-31,5800.0
ID170,2001-03-31,3500.0
ID170,2001-06-30,9200.0
ID170,2001-09-30,9200.0
ID170,2001-12-31,4800.0
ID170,2002-03-31,4100.0
ID170,2002-06-30,8000.0
ID170,2002-09-30,8400.0
ID170,2002-12-31,5100.0
ID170,2003-03-31,4200.0
ID170,2003-06-30,6600.0
ID171,1991-03-31,1800.0
ID171,1991-06-30,4900.0
ID171,1991-09-30,4200.0
ID171,1991-12-31,2900.0
ID171,1992-03-31,2200.0
ID171,1992-06-30,6500.0
ID171,1992-09-30,4900.0
ID171,1992-12-31,3100.0
ID171,1993-03-31,2300.0
ID171,1993-06-30,4900.0
ID171,1993-09-30,4200.0
ID171,1993-12-31,2400.0
ID171,1994-03-31,2400.0
ID171,1994-06-30,4700.0
ID171,1994-09-30,4800.0
ID171,1994-12-31,2500.0
ID171,1995-03-31,2600.0
ID171,1995-06-30,5700.0
ID171,1995-09-30,4400.0
ID171,1995-12-31,3300.0
ID171,1996-03-31,3200.0
ID171,1996-06-30,4800.0
ID171,1996-09-30,5800.0
ID171,1996-12-31,2900.0
ID171,1997-03-31,2100.0
ID171,1997-06-30,4700.0
ID171,1997-09-30,4200.0
ID171,1997-12-31,3500.0
ID171,1998-03-31,2800.0
ID171,1998-06-30,7100.0
ID171,1998-09-30,4900.0
ID171,1998-12-31,4000.0
ID171,1999-03-31,2500.0
ID171,1999-06-30,5600.0
ID171,1999-09-30,5400.0
ID171,1999-12-31,4300.0
ID171,2000-03-31,2700.0
ID171,2000-06-30,7200.0
ID171,2000-09-30,5400.0
ID171,2000-12-31,3900.0
ID171,2001-03-31,3100.0
ID171,2001-06-30,5500.0
ID171,2001-09-30,4600.0
ID171,2001-12-31,1600.0
ID171,2002-03-31,2000.0
ID171,2002-06-30,5000.0
ID171,2002-09-30,5700.0
ID171,2002-12-31,3200.0
ID171,2003-03-31,3400.0
ID171,2003-06-30,5300.0
ID172,1991-03-31,700.0
ID172,1991-06-30,1800.0
ID172,1991-09-30,1300.0
ID172,1991-12-31,900.0
ID172,1992-03-31,700.0
ID172,1992-06-30,1500.0
ID172,1992-09-30,1500.0
ID172,1992-12-31,900.0
ID172,1993-03-31,800.0
ID172,1993-06-30,1500.0
ID172,1993-09-30,1000.0
ID172,1993-12-31,700.0
ID172,1994-03-31,700.0
ID172,1994-06-30,1700.0
ID172,1994-09-30,1100.0
ID172,1994-12-31,1000.0
ID172,1995-03-31,700.0
ID172,1995-06-30,2000.0
ID172,1995-09-30,1500.0
ID172,1995-12-31,1100.0
ID172,1996-03-31,800.0
ID172,1996-06-30,2100.0
ID172,1996-09-30,1300.0
ID172,1996-12-31,1100.0
ID172,1997-03-31,600.0
ID172,1997-06-30,2100.0
ID172,1997-09-30,1700.0
ID172,1997-12-31,1500.0
ID172,1998-03-31,1400.0
ID172,1998-06-30,2800.0
ID172,1998-09-30,2200.0
ID172,1998-12-31,1600.0
ID172,1999-03-31,1200.0
ID172,1999-06-30,2600.0
ID172,1999-09-30,2100.0
ID172,1999-12-31,800.0
ID172,2000-03-31,1800.0
ID172,2000-06-30,2300.0
ID172,2000-09-30,2400.0
ID172,2000-12-31,1400.0
ID172,2001-03-31,1400.0
ID172,2001-06-30,2100.0
ID172,2001-09-30,1700.0
ID172,2001-12-31,900.0
ID172,2002-03-31,1100.0
ID172,2002-06-30,2700.0
ID172,2002-09-30,2800.0
ID172,2002-12-31,1900.0
ID172,2003-03-31,1300.0
ID172,2003-06-30,2300.0
ID173,1991-03-31,1900.0
ID173,1991-06-30,2900.0
ID173,1991-09-30,2200.0
ID173,1991-12-31,1700.0
ID173,1992-03-31,1900.0
ID173,1992-06-30,3000.0
ID173,1992-09-30,2800.0
ID173,1992-12-31,2300.0
ID173,1993-03-31,2000.0
ID173,1993-06-30,2000.0
ID173,1993-09-30,2500.0
ID173,1993-12-31,1900.0
ID173,1994-03-31,2200.0
ID173,1994-06-30,2400.0
ID173,1994-09-30,3100.0
ID173,1994-12-31,2700.0
ID173,1995-03-31,2000.0
ID173,1995-06-30,2800.0
ID173,1995-09-30,2600.0
ID173,1995-12-31,2100.0
ID173,1996-03-31,2500.0
ID173,1996-06-30,3100.0
ID173,1996-09-30,2900.0
ID173,1996-12-31,2400.0
ID173,1997-03-31,1900.0
ID173,1997-06-30,2200.0
ID173,1997-09-30,3300.0
ID173,1997-12-31,2400.0
ID173,1998-03-31,1900.0
ID173,1998-06-30,3200.0
ID173,1998-09-30,3800.0
ID173,1998-12-31,2800.0
ID173,1999-03-31,2700.0
ID173,1999-06-30,3200.0
ID173,1999-09-30,3500.0
ID173,1999-12-31,2900.0
ID173,2000-03-31,2700.0
ID173,2000-06-30,3400.0
ID173,2000-09-30,4300.0
ID173,2000-12-31,2700.0
ID173,2001-03-31,2200.0
ID173,2001-06-30,3400.0
ID173,2001-09-30,3900.0
ID173,2001-12-31,2100.0
ID173,2002-03-31,2100.0
ID173,2002-06-30,3400.0
ID173,2002-09-30,3500.0
ID173,2002-12-31,4200.0
ID173,2003-03-31,3100.0
ID173,2003-06-30,3700.0
ID174,1991-03-31,39000.0
ID174,1991-06-30,69700.0
ID174,1991-09-30,61500.0
ID174,1991-12-31,50500.0
ID174,1992-03-31,40600.0
ID174,1992-06-30,74700.0
ID174,1992-09-30,75000.0
ID174,1992-12-31,50000.0
ID174,1993-03-31,37300.0
ID174,1993-06-30,78000.0
ID174,1993-09-30,76200.0
ID174,1993-12-31,49600.0
ID174,1994-03-31,39200.0
ID174,1994-06-30,83000.0
ID174,1994-09-30,80000.0
ID174,1994-12-31,52200.0
ID174,1995-03-31,43600.0
ID174,1995-06-30,84100.0
ID174,1995-09-30,81600.0
ID174,1995-12-31,56100.0
ID174,1996-03-31,46700.0
ID174,1996-06-30,93100.0
ID174,1996-09-30,91800.0
ID174,1996-12-31,57600.0
ID174,1997-03-31,49600.0
ID174,1997-06-30,105300.0
ID174,1997-09-30,100400.0
ID174,1997-12-31,67100.0
ID174,1998-03-31,51000.0
ID174,1998-06-30,109000.0
ID174,1998-09-30,96800.0
ID174,1998-12-31,65600.0
ID174,1999-03-31,51400.0
ID174,1999-06-30,92300.0
ID174,1999-09-30,98700.0
ID174,1999-12-31,70300.0
ID174,2000-03-31,54900.0
ID174,2000-06-30,106200.0
ID174,2000-09-30,110000.0
ID174,2000-12-31,67700.0
ID174,2001-03-31,49100.0
ID174,2001-06-30,96500.0
ID174,2001-09-30,95400.0
ID174,2001-12-31,59800.0
ID174,2002-03-31,54100.0
ID174,2002-06-30,98800.0
ID174,2002-09-30,98700.0
ID174,2002-12-31,66800.0
ID174,2003-03-31,51300.0
ID174,2003-06-30,92000.0
ID175,1991-03-31,1400.0
ID175,1991-06-30,2800.0
ID175,1991-09-30,1900.0
ID175,1991-12-31,1500.0
ID175,1992-03-31,1300.0
ID175,1992-06-30,3100.0
ID175,1992-09-30,2800.0
ID175,1992-12-31,1500.0
ID175,1993-03-31,1400.0
ID175,1993-06-30,3200.0
ID175,1993-09-30,2000.0
ID175,1993-12-31,2500.0
ID175,1994-03-31,1600.0
ID175,1994-06-30,3600.0
ID175,1994-09-30,3000.0
ID175,1994-12-31,1700.0
ID175,1995-03-31,1800.0
ID175,1995-06-30,3700.0
ID175,1995-09-30,3900.0
ID175,1995-12-31,2800.0
ID175,1996-03-31,1900.0
ID175,1996-06-30,4500.0
ID175,1996-09-30,3400.0
ID175,1996-12-31,2700.0
ID175,1997-03-31,2000.0
ID175,1997-06-30,4700.0
ID175,1997-09-30,4800.0
ID175,1997-12-31,2100.0
ID175,1998-03-31,2100.0
ID175,1998-06-30,4900.0
ID175,1998-09-30,4100.0
ID175,1998-12-31,3100.0
ID175,1999-03-31,1900.0
ID175,1999-06-30,5200.0
ID175,1999-09-30,4600.0
ID175,1999-12-31,2600.0
ID175,2000-03-31,1700.0
ID175,2000-06-30,4900.0
ID175,2000-09-30,4500.0
ID175,2000-12-31,2300.0
ID175,2001-03-31,2700.0
ID175,2001-06-30,5400.0
ID175,2001-09-30,5400.0
ID175,2001-12-31,2600.0
ID175,2002-03-31,1600.0
ID175,2002-06-30,4800.0
ID175,2002-09-30,5000.0
ID175,2002-12-31,3400.0
ID175,2003-03-31,2400.0
ID175,2003-06-30,5100.0
ID176,1991-03-31,57800.0
ID176,1991-06-30,103500.0
ID176,1991-09-30,91600.0
ID176,1991-12-31,74200.0
ID176,1992-03-31,59800.0
ID176,1992-06-30,111900.0
ID176,1992-09-30,110900.0
ID176,1992-12-31,75600.0
ID176,1993-03-31,56700.0
ID176,1993-06-30,114200.0
ID176,1993-09-30,111400.0
ID176,1993-12-31,73600.0
ID176,1994-03-31,59100.0
ID176,1994-06-30,120600.0
ID176,1994-09-30,114400.0
ID176,1994-12-31,79400.0
ID176,1995-03-31,65300.0
ID176,1995-06-30,127500.0
ID176,1995-09-30,116600.0
ID176,1995-12-31,84100.0
ID176,1996-03-31,69700.0
ID176,1996-06-30,133300.0
ID176,1996-09-30,132800.0
ID176,1996-12-31,86700.0
ID176,1997-03-31,72200.0
ID176,1997-06-30,148000.0
ID176,1997-09-30,143000.0
ID176,1997-12-31,101000.0
ID176,1998-03-31,77500.0
ID176,1998-06-30,159100.0
ID176,1998-09-30,143900.0
ID176,1998-12-31,102700.0
ID176,1999-03-31,81400.0
ID176,1999-06-30,141800.0
ID176,1999-09-30,150300.0
ID176,1999-12-31,106700.0
ID176,2000-03-31,83400.0
ID176,2000-06-30,164200.0
ID176,2000-09-30,167700.0
ID176,2000-12-31,109400.0
ID176,2001-03-31,80200.0
ID176,2001-06-30,153400.0
ID176,2001-09-30,149700.0
ID176,2001-12-31,92000.0
ID176,2002-03-31,82400.0
ID176,2002-06-30,154200.0
ID176,2002-09-30,156100.0
ID176,2002-12-31,109200.0
ID176,2003-03-31,81100.0
ID176,2003-06-30,145700.0
ID177,1992-06-30,500.0
ID177,1992-09-30,800.0
ID177,1992-12-31,500.0
ID177,1993-03-31,100.0
ID177,1993-06-30,800.0
ID177,1993-09-30,500.0
ID177,1993-12-31,900.0
ID177,1994-03-31,600.0
ID177,1994-06-30,2300.0
ID177,1994-09-30,1700.0
ID177,1994-12-31,1100.0
ID177,1995-03-31,500.0
ID177,1995-06-30,2600.0
ID177,1995-09-30,1900.0
ID177,1995-12-31,1200.0
ID177,1996-03-31,700.0
ID177,1996-06-30,3700.0
ID177,1996-09-30,3000.0
ID177,1996-12-31,1200.0
ID177,1997-03-31,700.0
ID177,1997-06-30,3900.0
ID177,1997-09-30,2700.0
ID177,1997-12-31,800.0
ID177,1998-03-31,800.0
ID177,1998-06-30,5000.0
ID177,1998-09-30,3100.0
ID177,1998-12-31,600.0
ID177,1999-03-31,600.0
ID177,1999-06-30,2500.0
ID177,1999-09-30,3400.0
ID177,1999-12-31,600.0
ID177,2000-03-31,500.0
ID177,2000-06-30,3600.0
ID177,2000-09-30,4100.0
ID177,2000-12-31,700.0
ID177,2001-03-31,1200.0
ID177,2001-06-30,3700.0
ID177,2001-09-30,3000.0
ID177,2001-12-31,900.0
ID177,2002-03-31,1000.0
ID177,2002-06-30,4400.0
ID177,2002-09-30,4200.0
ID177,2002-12-31,1400.0
ID177,2003-03-31,800.0
ID177,2003-06-30,2900.0
ID178,1991-03-31,3400.0
ID178,1991-06-30,10000.0
ID178,1991-09-30,8800.0
ID178,1991-12-31,5200.0
ID178,1992-03-31,4300.0
ID178,1992-06-30,11200.0
ID178,1992-09-30,10300.0
ID178,1992-12-31,4200.0
ID178,1993-03-31,4400.0
ID178,1993-06-30,11100.0
ID178,1993-09-30,10100.0
ID178,1993-12-31,4200.0
ID178,1994-03-31,4000.0
ID178,1994-06-30,13800.0
ID178,1994-09-30,12000.0
ID178,1994-12-31,4100.0
ID178,1995-03-31,5100.0
ID178,1995-06-30,12000.0
ID178,1995-09-30,13300.0
ID178,1995-12-31,3800.0
ID178,1996-03-31,4800.0
ID178,1996-06-30,12400.0
ID178,1996-09-30,12600.0
ID178,1996-12-31,4500.0
ID178,1997-03-31,3800.0
ID178,1997-06-30,15800.0
ID178,1997-09-30,14000.0
ID178,1997-12-31,5100.0
ID178,1998-03-31,4100.0
ID178,1998-06-30,17900.0
ID178,1998-09-30,15700.0
ID178,1998-12-31,4500.0
ID178,1999-03-31,4600.0
ID178,1999-06-30,13500.0
ID178,1999-09-30,14600.0
ID178,1999-12-31,4900.0
ID178,2000-03-31,4200.0
ID178,2000-06-30,18400.0
ID178,2000-09-30,16800.0
ID178,2000-12-31,6400.0
ID178,2001-03-31,4600.0
ID178,2001-06-30,15900.0
ID178,2001-09-30,15800.0
ID178,2001-12-31,3700.0
ID178,2002-03-31,3400.0
ID178,2002-06-30,15500.0
ID178,2002-09-30,15000.0
ID178,2002-12-31,3600.0
ID178,2003-03-31,3200.0
ID178,2003-06-30,12000.0
ID179,1991-03-31,4800.0
ID179,1991-06-30,12400.0
ID179,1991-09-30,12800.0
ID179,1991-12-31,7300.0
ID179,1992-03-31,6700.0
ID179,1992-06-30,15600.0
ID179,1992-09-30,13600.0
ID179,1992-12-31,8900.0
ID179,1993-03-31,5200.0
ID179,1993-06-30,14700.0
ID179,1993-09-30,14800.0
ID179,1993-12-31,7600.0
ID179,1994-03-31,6600.0
ID179,1994-06-30,15200.0
ID179,1994-09-30,15500.0
ID179,1994-12-31,7900.0
ID179,1995-03-31,6700.0
ID179,1995-06-30,17400.0
ID179,1995-09-30,16300.0
ID179,1995-12-31,9900.0
ID179,1996-03-31,8300.0
ID179,1996-06-30,18600.0
ID179,1996-09-30,21500.0
ID179,1996-12-31,9900.0
ID179,1997-03-31,10100.0
ID179,1997-06-30,21300.0
ID179,1997-09-30,21400.0
ID179,1997-12-31,9800.0
ID179,1998-03-31,7900.0
ID179,1998-06-30,22000.0
ID179,1998-09-30,23100.0
ID179,1998-12-31,10100.0
ID179,1999-03-31,9900.0
ID179,1999-06-30,23000.0
ID179,1999-09-30,19900.0
ID179,1999-12-31,11400.0
ID179,2000-03-31,9000.0
ID179,2000-06-30,24400.0
ID179,2000-09-30,25300.0
ID179,2000-12-31,14200.0
ID179,2001-03-31,9800.0
ID179,2001-06-30,27400.0
ID179,2001-09-30,26800.0
ID179,2001-12-31,10700.0
ID179,2002-03-31,8800.0
ID179,2002-06-30,24700.0
ID179,2002-09-30,28200.0
ID179,2002-12-31,13400.0
ID179,2003-03-31,8300.0
ID179,2003-06-30,21200.0
ID18,1976-03-31,174.0
ID18,1976-06-30,227.0
ID18,1976-09-30,230.0
ID18,1976-12-31,219.0
ID18,1977-03-31,196.0
ID18,1977-06-30,227.0
ID18,1977-09-30,220.0
ID18,1977-12-31,220.0
ID18,1978-03-31,221.0
ID18,1978-06-30,194.0
ID18,1978-09-30,228.0
ID18,1978-12-31,219.0
ID18,1979-03-31,187.0
ID18,1979-06-30,234.0
ID18,1979-09-30,230.0
ID18,1979-12-31,217.0
ID18,1980-03-31,194.0
ID18,1980-06-30,209.0
ID18,1980-09-30,206.0
ID18,1980-12-31,199.0
ID18,1981-03-31,179.0
ID18,1981-06-30,192.0
ID18,1981-09-30,193.0
ID18,1981-12-31,193.0
ID18,1982-03-31,176.0
ID18,1982-06-30,195.0
ID18,1982-09-30,190.0
ID18,1982-12-31,187.0
ID18,1983-03-31,185.0
ID18,1983-06-30,219.0
ID18,1983-09-30,224.0
ID18,1983-12-31,204.0
ID18,1984-03-31,203.0
ID18,1984-06-30,245.0
ID18,1984-09-30,260.0
ID18,1984-12-31,223.0
ID18,1985-03-31,205.0
ID18,1985-06-30,266.0
ID18,1985-09-30,268.0
ID18,1985-12-31,241.0
ID18,1986-03-31,226.0
ID18,1986-06-30,253.0
ID18,1986-09-30,247.0
ID18,1986-12-31,261.0
ID18,1987-03-31,236.0
ID18,1987-06-30,283.0
ID18,1987-09-30,291.0
ID18,1987-12-31,302.0
ID18,1988-03-31,281.0
ID18,1988-06-30,320.0
ID18,1988-09-30,308.0
ID18,1988-12-31,312.0
ID18,1989-03-31,298.0
ID18,1989-06-30,340.0
ID18,1989-09-30,322.0
ID18,1989-12-31,349.0
ID18,1990-03-31,331.0
ID18,1990-06-30,364.0
ID18,1990-09-30,351.0
ID18,1990-12-31,362.0
ID18,1991-03-31,272.0
ID18,1991-06-30,348.0
ID18,1991-09-30,347.0
ID18,1991-12-31,384.0
ID18,1992-03-31,346.0
ID18,1992-06-30,397.0
ID18,1992-09-30,390.0
ID18,1992-12-31,404.0
ID18,1993-03-31,376.0
ID18,1993-06-30,433.0
ID18,1993-09-30,436.0
ID18,1993-12-31,439.0
ID18,1994-03-31,417.0
ID18,1994-06-30,480.0
ID18,1994-09-30,506.0
ID18,1994-12-31,477.0
ID18,1995-03-31,417.0
ID18,1995-06-30,466.0
ID18,1995-09-30,498.0
ID18,1995-12-31,483.0
ID18,1996-03-31,431.0
ID18,1996-06-30,479.0
ID18,1996-09-30,493.0
ID18,1996-12-31,522.0
ID18,1997-03-31,481.0
ID18,1997-06-30,599.0
ID18,1997-09-30,645.0
ID18,1997-12-31,615.0
ID18,1998-03-31,558.0
ID18,1998-06-30,716.0
ID18,1998-09-30,732.0
ID18,1998-12-31,669.0
ID18,1999-03-31,638.0
ID18,1999-06-30,740.0
ID18,1999-09-30,776.0
ID18,1999-12-31,706.0
ID18,2000-03-31,666.0
ID18,2000-06-30,758.0
ID18,2000-09-30,749.0
ID18,2000-12-31,692.0
ID18,2001-03-31,626.0
ID18,2001-06-30,729.0
ID18,2001-09-30,779.0
ID18,2001-12-31,528.0
ID18,2002-03-31,521.0
ID18,2002-06-30,585.0
ID180,1991-03-31,500.0
ID180,1991-06-30,2200.0
ID180,1991-09-30,1500.0
ID180,1991-12-31,1400.0
ID180,1992-03-31,800.0
ID180,1992-06-30,2300.0
ID180,1992-09-30,1800.0
ID180,1992-12-31,1400.0
ID180,1993-03-31,700.0
ID180,1993-06-30,2800.0
ID180,1993-09-30,1500.0
ID180,1993-12-31,1400.0
ID180,1994-03-31,600.0
ID180,1994-06-30,3000.0
ID180,1994-09-30,1400.0
ID180,1994-12-31,1300.0
ID180,1995-03-31,700.0
ID180,1995-06-30,3200.0
ID180,1995-09-30,1600.0
ID180,1995-12-31,1800.0
ID180,1996-03-31,700.0
ID180,1996-06-30,2500.0
ID180,1996-09-30,2100.0
ID180,1996-12-31,1100.0
ID180,1997-03-31,600.0
ID180,1997-06-30,2700.0
ID180,1997-09-30,1800.0
ID180,1997-12-31,1500.0
ID180,1998-03-31,1200.0
ID180,1998-06-30,3000.0
ID180,1998-09-30,1900.0
ID180,1998-12-31,1300.0
ID180,1999-03-31,800.0
ID180,1999-06-30,3000.0
ID180,1999-09-30,2500.0
ID180,1999-12-31,1600.0
ID180,2000-03-31,400.0
ID180,2000-06-30,4000.0
ID180,2000-09-30,2900.0
ID180,2000-12-31,1200.0
ID180,2001-03-31,1200.0
ID180,2001-06-30,2700.0
ID180,2001-09-30,3300.0
ID180,2001-12-31,1800.0
ID180,2002-03-31,900.0
ID180,2002-06-30,4400.0
ID180,2002-09-30,1700.0
ID180,2002-12-31,1300.0
ID180,2003-03-31,800.0
ID180,2003-06-30,2400.0
ID181,1991-03-31,1400.0
ID181,1991-06-30,4000.0
ID181,1991-09-30,1400.0
ID181,1991-12-31,900.0
ID181,1992-03-31,600.0
ID181,1992-06-30,1200.0
ID181,1992-09-30,800.0
ID181,1992-12-31,800.0
ID181,1993-03-31,500.0
ID181,1993-06-30,1200.0
ID181,1993-09-30,2300.0
ID181,1993-12-31,1000.0
ID181,1994-03-31,300.0
ID181,1994-06-30,1100.0
ID181,1994-09-30,1000.0
ID181,1994-12-31,600.0
ID181,1995-03-31,400.0
ID181,1995-06-30,1300.0
ID181,1995-09-30,1000.0
ID181,1995-12-31,600.0
ID181,1996-03-31,500.0
ID181,1996-06-30,2200.0
ID181,1996-09-30,1600.0
ID181,1996-12-31,500.0
ID181,1997-03-31,500.0
ID181,1997-06-30,2400.0
ID181,1997-09-30,1800.0
ID181,1997-12-31,1200.0
ID181,1998-03-31,1000.0
ID181,1998-06-30,2100.0
ID181,1998-09-30,1100.0
ID181,1998-12-31,800.0
ID181,1999-03-31,500.0
ID181,1999-06-30,100.0
ID181,1999-09-30,1000.0
ID181,1999-12-31,700.0
ID181,2000-03-31,500.0
ID181,2000-06-30,2900.0
ID181,2000-09-30,2800.0
ID181,2000-12-31,1100.0
ID181,2001-03-31,500.0
ID181,2001-06-30,2900.0
ID181,2001-09-30,3100.0
ID181,2001-12-31,1700.0
ID181,2002-03-31,800.0
ID181,2002-06-30,2600.0
ID181,2002-09-30,2400.0
ID181,2002-12-31,800.0
ID181,2003-03-31,1100.0
ID181,2003-06-30,4000.0
ID182,1991-03-31,900.0
ID182,1991-06-30,1400.0
ID182,1991-09-30,1900.0
ID182,1991-12-31,1700.0
ID182,1992-03-31,1400.0
ID182,1992-06-30,2800.0
ID182,1992-09-30,5100.0
ID182,1992-12-31,2000.0
ID182,1993-03-31,1100.0
ID182,1993-06-30,1800.0
ID182,1993-09-30,2300.0
ID182,1993-12-31,1300.0
ID182,1994-03-31,1100.0
ID182,1994-06-30,2300.0
ID182,1994-09-30,1800.0
ID182,1994-12-31,1100.0
ID182,1995-03-31,1200.0
ID182,1995-06-30,2600.0
ID182,1995-09-30,2000.0
ID182,1995-12-31,2400.0
ID182,1996-03-31,1400.0
ID182,1996-06-30,3200.0
ID182,1996-09-30,2800.0
ID182,1996-12-31,2200.0
ID182,1997-03-31,1500.0
ID182,1997-06-30,2600.0
ID182,1997-09-30,2900.0
ID182,1997-12-31,2600.0
ID182,1998-03-31,2000.0
ID182,1998-06-30,4800.0
ID182,1998-09-30,3200.0
ID182,1998-12-31,2900.0
ID182,1999-03-31,2400.0
ID182,1999-06-30,4800.0
ID182,1999-09-30,4400.0
ID182,1999-12-31,3100.0
ID182,2000-03-31,2500.0
ID182,2000-06-30,4700.0
ID182,2000-09-30,4700.0
ID182,2000-12-31,3200.0
ID182,2001-03-31,2900.0
ID182,2001-06-30,4900.0
ID182,2001-09-30,5100.0
ID182,2001-12-31,3100.0
ID182,2002-03-31,3400.0
ID182,2002-06-30,4900.0
ID182,2002-09-30,6300.0
ID182,2002-12-31,3400.0
ID182,2003-03-31,2800.0
ID182,2003-06-30,6100.0
ID183,1991-03-31,2600.0
ID183,1991-06-30,7600.0
ID183,1991-09-30,6300.0
ID183,1991-12-31,4500.0
ID183,1992-03-31,3900.0
ID183,1992-06-30,10400.0
ID183,1992-09-30,8800.0
ID183,1992-12-31,3900.0
ID183,1993-03-31,3500.0
ID183,1993-06-30,9300.0
ID183,1993-09-30,7900.0
ID183,1993-12-31,4400.0
ID183,1994-03-31,3500.0
ID183,1994-06-30,11900.0
ID183,1994-09-30,10300.0
ID183,1994-12-31,5100.0
ID183,1995-03-31,4600.0
ID183,1995-06-30,11900.0
ID183,1995-09-30,10100.0
ID183,1995-12-31,5300.0
ID183,1996-03-31,4200.0
ID183,1996-06-30,13600.0
ID183,1996-09-30,10900.0
ID183,1996-12-31,5700.0
ID183,1997-03-31,3700.0
ID183,1997-06-30,13200.0
ID183,1997-09-30,11600.0
ID183,1997-12-31,5900.0
ID183,1998-03-31,4400.0
ID183,1998-06-30,15500.0
ID183,1998-09-30,11800.0
ID183,1998-12-31,6900.0
ID183,1999-03-31,5100.0
ID183,1999-06-30,10500.0
ID183,1999-09-30,13500.0
ID183,1999-12-31,8900.0
ID183,2000-03-31,5200.0
ID183,2000-06-30,15200.0
ID183,2000-09-30,17800.0
ID183,2000-12-31,8900.0
ID183,2001-03-31,6400.0
ID183,2001-06-30,14600.0
ID183,2001-09-30,12500.0
ID183,2001-12-31,5300.0
ID183,2002-03-31,4500.0
ID183,2002-06-30,14800.0
ID183,2002-09-30,14000.0
ID183,2002-12-31,7200.0
ID183,2003-03-31,4600.0
ID183,2003-06-30,15500.0
ID184,1991-03-31,13700.0
ID184,1991-06-30,37700.0
ID184,1991-09-30,32600.0
ID184,1991-12-31,21200.0
ID184,1992-03-31,18100.0
ID184,1992-06-30,44300.0
ID184,1992-09-30,41200.0
ID184,1992-12-31,21700.0
ID184,1993-03-31,15400.0
ID184,1993-06-30,41900.0
ID184,1993-09-30,39500.0
ID184,1993-12-31,20800.0
ID184,1994-03-31,16500.0
ID184,1994-06-30,49500.0
ID184,1994-09-30,43600.0
ID184,1994-12-31,21400.0
ID184,1995-03-31,19200.0
ID184,1995-06-30,50800.0
ID184,1995-09-30,46000.0
ID184,1995-12-31,25300.0
ID184,1996-03-31,20600.0
ID184,1996-06-30,56100.0
ID184,1996-09-30,54300.0
ID184,1996-12-31,25100.0
ID184,1997-03-31,20700.0
ID184,1997-06-30,61800.0
ID184,1997-09-30,56100.0
ID184,1997-12-31,26700.0
ID184,1998-03-31,21000.0
ID184,1998-06-30,70200.0
ID184,1998-09-30,59900.0
ID184,1998-12-31,27200.0
ID184,1999-03-31,23800.0
ID184,1999-06-30,57300.0
ID184,1999-09-30,59400.0
ID184,1999-12-31,31300.0
ID184,2000-03-31,22400.0
ID184,2000-06-30,73100.0
ID184,2000-09-30,74300.0
ID184,2000-12-31,35800.0
ID184,2001-03-31,26800.0
ID184,2001-06-30,72100.0
ID184,2001-09-30,69600.0
ID184,2001-12-31,27400.0
ID184,2002-03-31,22800.0
ID184,2002-06-30,71000.0
ID184,2002-09-30,71700.0
ID184,2002-12-31,30900.0
ID184,2003-03-31,21400.0
ID184,2003-06-30,64000.0
ID185,1991-03-31,400.0
ID185,1991-06-30,1200.0
ID185,1991-09-30,1000.0
ID185,1991-12-31,1800.0
ID185,1992-03-31,1100.0
ID185,1992-06-30,1100.0
ID185,1992-09-30,1500.0
ID185,1992-12-31,2400.0
ID185,1993-03-31,1400.0
ID185,1993-06-30,1500.0
ID185,1993-09-30,900.0
ID185,1993-12-31,1700.0
ID185,1994-03-31,1300.0
ID185,1994-06-30,900.0
ID185,1994-09-30,1200.0
ID185,1994-12-31,2400.0
ID185,1995-03-31,1200.0
ID185,1995-06-30,900.0
ID185,1995-09-30,1500.0
ID185,1995-12-31,2600.0
ID185,1996-03-31,2000.0
ID185,1996-06-30,1500.0
ID185,1996-09-30,1500.0
ID185,1996-12-31,2100.0
ID185,1997-03-31,1900.0
ID185,1997-06-30,1200.0
ID185,1997-09-30,2200.0
ID185,1997-12-31,2800.0
ID185,1998-03-31,1700.0
ID185,1998-06-30,1000.0
ID185,1998-09-30,1900.0
ID185,1998-12-31,2800.0
ID185,1999-03-31,2300.0
ID185,1999-06-30,1900.0
ID185,1999-09-30,2300.0
ID185,1999-12-31,3100.0
ID185,2000-03-31,3100.0
ID185,2000-06-30,2600.0
ID185,2000-09-30,2600.0
ID185,2000-12-31,4100.0
ID185,2001-03-31,3100.0
ID185,2001-06-30,2000.0
ID185,2001-09-30,2700.0
ID185,2001-12-31,2100.0
ID185,2002-03-31,1900.0
ID185,2002-06-30,1800.0
ID185,2002-09-30,2900.0
ID185,2002-12-31,3300.0
ID185,2003-03-31,2400.0
ID185,2003-06-30,800.0
ID186,1991-03-31,700.0
ID186,1991-06-30,1400.0
ID186,1991-09-30,1100.0
ID186,1991-12-31,2100.0
ID186,1992-03-31,1500.0
ID186,1992-06-30,2200.0
ID186,1992-09-30,1300.0
ID186,1992-12-31,2600.0
ID186,1993-03-31,1700.0
ID186,1993-06-30,2600.0
ID186,1993-09-30,1700.0
ID186,1993-12-31,2800.0
ID186,1994-03-31,2000.0
ID186,1994-06-30,2100.0
ID186,1994-09-30,2100.0
ID186,1994-12-31,2800.0
ID186,1995-03-31,1800.0
ID186,1995-06-30,2000.0
ID186,1995-09-30,2000.0
ID186,1995-12-31,2700.0
ID186,1996-03-31,2200.0
ID186,1996-06-30,2300.0
ID186,1996-09-30,2000.0
ID186,1996-12-31,3500.0
ID186,1997-03-31,2000.0
ID186,1997-06-30,2900.0
ID186,1997-09-30,2800.0
ID186,1997-12-31,2500.0
ID186,1998-03-31,2000.0
ID186,1998-06-30,2800.0
ID186,1998-09-30,2200.0
ID186,1998-12-31,2600.0
ID186,1999-03-31,2100.0
ID186,1999-06-30,2300.0
ID186,1999-09-30,2100.0
ID186,1999-12-31,2100.0
ID186,2000-03-31,2500.0
ID186,2000-06-30,1500.0
ID186,2000-09-30,2600.0
ID186,2000-12-31,1000.0
ID186,2001-03-31,1500.0
ID186,2001-06-30,1800.0
ID186,2001-09-30,1200.0
ID186,2001-12-31,1300.0
ID186,2002-03-31,1500.0
ID186,2002-06-30,1400.0
ID186,2002-09-30,1300.0
ID186,2002-12-31,1400.0
ID186,2003-03-31,1000.0
ID186,2003-06-30,1600.0
ID187,1991-03-31,600.0
ID187,1991-06-30,4100.0
ID187,1991-09-30,4200.0
ID187,1991-12-31,2700.0
ID187,1992-03-31,1600.0
ID187,1992-06-30,5100.0
ID187,1992-09-30,3600.0
ID187,1992-12-31,2300.0
ID187,1993-03-31,2300.0
ID187,1993-06-30,4700.0
ID187,1993-09-30,4200.0
ID187,1993-12-31,1800.0
ID187,1994-03-31,2000.0
ID187,1994-06-30,4300.0
ID187,1994-09-30,5700.0
ID187,1994-12-31,2700.0
ID187,1995-03-31,2900.0
ID187,1995-06-30,4600.0
ID187,1995-09-30,5600.0
ID187,1995-12-31,3300.0
ID187,1996-03-31,3200.0
ID187,1996-06-30,5200.0
ID187,1996-09-30,6000.0
ID187,1996-12-31,2800.0
ID187,1997-03-31,3800.0
ID187,1997-06-30,5200.0
ID187,1997-09-30,5800.0
ID187,1997-12-31,4100.0
ID187,1998-03-31,3100.0
ID187,1998-06-30,5400.0
ID187,1998-09-30,6100.0
ID187,1998-12-31,3500.0
ID187,1999-03-31,3600.0
ID187,1999-06-30,6600.0
ID187,1999-09-30,6800.0
ID187,1999-12-31,3800.0
ID187,2000-03-31,2700.0
ID187,2000-06-30,5600.0
ID187,2000-09-30,9100.0
ID187,2000-12-31,4500.0
ID187,2001-03-31,3500.0
ID187,2001-06-30,6300.0
ID187,2001-09-30,6000.0
ID187,2001-12-31,2600.0
ID187,2002-03-31,2700.0
ID187,2002-06-30,5900.0
ID187,2002-09-30,7700.0
ID187,2002-12-31,4700.0
ID187,2003-03-31,2200.0
ID187,2003-06-30,5600.0
ID188,1991-03-31,500.0
ID188,1991-06-30,2500.0
ID188,1991-09-30,1400.0
ID188,1991-12-31,1200.0
ID188,1992-03-31,1200.0
ID188,1992-06-30,3100.0
ID188,1992-09-30,2100.0
ID188,1992-12-31,1000.0
ID188,1993-03-31,1300.0
ID188,1993-06-30,4000.0
ID188,1993-09-30,2700.0
ID188,1993-12-31,1200.0
ID188,1994-03-31,1500.0
ID188,1994-06-30,3800.0
ID188,1994-09-30,2400.0
ID188,1994-12-31,2100.0
ID188,1995-03-31,1300.0
ID188,1995-06-30,5200.0
ID188,1995-09-30,3200.0
ID188,1995-12-31,1300.0
ID188,1996-03-31,1100.0
ID188,1996-06-30,5100.0
ID188,1996-09-30,4900.0
ID188,1996-12-31,1400.0
ID188,1997-03-31,1900.0
ID188,1997-06-30,6100.0
ID188,1997-09-30,4700.0
ID188,1997-12-31,2700.0
ID188,1998-03-31,2500.0
ID188,1998-06-30,7200.0
ID188,1998-09-30,5200.0
ID188,1998-12-31,2800.0
ID188,1999-03-31,2800.0
ID188,1999-06-30,5700.0
ID188,1999-09-30,4900.0
ID188,1999-12-31,1900.0
ID188,2000-03-31,2000.0
ID188,2000-06-30,7100.0
ID188,2000-09-30,4100.0
ID188,2000-12-31,2900.0
ID188,2001-03-31,2600.0
ID188,2001-06-30,8000.0
ID188,2001-09-30,5600.0
ID188,2001-12-31,2300.0
ID188,2002-03-31,2400.0
ID188,2002-06-30,8800.0
ID188,2002-09-30,4900.0
ID188,2002-12-31,2200.0
ID188,2003-03-31,800.0
ID188,2003-06-30,4700.0
ID189,1991-09-30,300.0
ID189,1991-12-31,300.0
ID189,1992-03-31,500.0
ID189,1992-06-30,300.0
ID189,1992-09-30,400.0
ID189,1992-12-31,500.0
ID189,1993-03-31,400.0
ID189,1993-06-30,400.0
ID189,1993-09-30,400.0
ID189,1993-12-31,700.0
ID189,1994-03-31,600.0
ID189,1994-06-30,300.0
ID189,1994-09-30,300.0
ID189,1994-12-31,1000.0
ID189,1995-03-31,400.0
ID189,1995-06-30,300.0
ID189,1995-09-30,700.0
ID189,1995-12-31,700.0
ID189,1996-03-31,600.0
ID189,1996-06-30,900.0
ID189,1996-09-30,700.0
ID189,1996-12-31,1000.0
ID189,1997-03-31,1000.0
ID189,1997-06-30,800.0
ID189,1997-09-30,700.0
ID189,1997-12-31,1200.0
ID189,1998-03-31,1000.0
ID189,1998-06-30,1000.0
ID189,1998-09-30,1300.0
ID189,1998-12-31,2000.0
ID189,1999-03-31,1900.0
ID189,1999-06-30,1500.0
ID189,1999-09-30,900.0
ID189,1999-12-31,1500.0
ID189,2000-03-31,2600.0
ID189,2000-06-30,2400.0
ID189,2000-09-30,1600.0
ID189,2000-12-31,1900.0
ID189,2001-03-31,2600.0
ID189,2001-06-30,2700.0
ID189,2001-09-30,2100.0
ID189,2001-12-31,1400.0
ID189,2002-03-31,2800.0
ID189,2002-06-30,2300.0
ID189,2002-09-30,2300.0
ID189,2002-12-31,2900.0
ID189,2003-03-31,2700.0
ID189,2003-06-30,2200.0
ID19,1976-03-31,108.0
ID19,1976-06-30,138.0
ID19,1976-09-30,168.0
ID19,1976-12-31,153.0
ID19,1977-03-31,141.0
ID19,1977-06-30,157.0
ID19,1977-09-30,185.0
ID19,1977-12-31,144.0
ID19,1978-03-31,130.0
ID19,1978-06-30,159.0
ID19,1978-09-30,188.0
ID19,1978-12-31,144.0
ID19,1979-03-31,119.0
ID19,1979-06-30,173.0
ID19,1979-09-30,196.0
ID19,1979-12-31,139.0
ID19,1980-03-31,117.0
ID19,1980-06-30,153.0
ID19,1980-09-30,164.0
ID19,1980-12-31,123.0
ID19,1981-03-31,116.0
ID19,1981-06-30,132.0
ID19,1981-09-30,145.0
ID19,1981-12-31,117.0
ID19,1982-03-31,99.0
ID19,1982-06-30,131.0
ID19,1982-09-30,142.0
ID19,1982-12-31,117.0
ID19,1983-03-31,108.0
ID19,1983-06-30,142.0
ID19,1983-09-30,168.0
ID19,1983-12-31,129.0
ID19,1984-03-31,122.0
ID19,1984-06-30,157.0
ID19,1984-09-30,167.0
ID19,1984-12-31,141.0
ID19,1985-03-31,117.0
ID19,1985-06-30,171.0
ID19,1985-09-30,171.0
ID19,1985-12-31,152.0
ID19,1986-03-31,131.0
ID19,1986-06-30,164.0
ID19,1986-09-30,172.0
ID19,1986-12-31,155.0
ID19,1987-03-31,130.0
ID19,1987-06-30,180.0
ID19,1987-09-30,192.0
ID19,1987-12-31,168.0
ID19,1988-03-31,142.0
ID19,1988-06-30,180.0
ID19,1988-09-30,203.0
ID19,1988-12-31,172.0
ID19,1989-03-31,151.0
ID19,1989-06-30,205.0
ID19,1989-09-30,226.0
ID19,1989-12-31,199.0
ID19,1990-03-31,175.0
ID19,1990-06-30,235.0
ID19,1990-09-30,247.0
ID19,1990-12-31,228.0
ID19,1991-03-31,176.0
ID19,1991-06-30,243.0
ID19,1991-09-30,259.0
ID19,1991-12-31,231.0
ID19,1992-03-31,204.0
ID19,1992-06-30,279.0
ID19,1992-09-30,298.0
ID19,1992-12-31,266.0
ID19,1993-03-31,231.0
ID19,1993-06-30,302.0
ID19,1993-09-30,330.0
ID19,1993-12-31,287.0
ID19,1994-03-31,261.0
ID19,1994-06-30,343.0
ID19,1994-09-30,359.0
ID19,1994-12-31,320.0
ID19,1995-03-31,274.0
ID19,1995-06-30,363.0
ID19,1995-09-30,384.0
ID19,1995-12-31,370.0
ID19,1996-03-31,343.0
ID19,1996-06-30,428.0
ID19,1996-09-30,424.0
ID19,1996-12-31,403.0
ID19,1997-03-31,369.0
ID19,1997-06-30,427.0
ID19,1997-09-30,450.0
ID19,1997-12-31,425.0
ID19,1998-03-31,361.0
ID19,1998-06-30,407.0
ID19,1998-09-30,472.0
ID19,1998-12-31,456.0
ID19,1999-03-31,394.0
ID19,1999-06-30,451.0
ID19,1999-09-30,478.0
ID19,1999-12-31,460.0
ID19,2000-03-31,421.0
ID19,2000-06-30,525.0
ID19,2000-09-30,532.0
ID19,2000-12-31,489.0
ID19,2001-03-31,422.0
ID19,2001-06-30,510.0
ID19,2001-09-30,565.0
ID19,2001-12-31,469.0
ID19,2002-03-31,438.0
ID19,2002-06-30,538.0
ID190,1991-03-31,700.0
ID190,1991-06-30,1900.0
ID190,1991-09-30,2000.0
ID190,1991-12-31,1700.0
ID190,1992-03-31,1600.0
ID190,1992-06-30,2600.0
ID190,1992-09-30,2200.0
ID190,1992-12-31,2200.0
ID190,1993-03-31,1500.0
ID190,1993-06-30,2700.0
ID190,1993-09-30,2700.0
ID190,1993-12-31,2400.0
ID190,1994-03-31,2600.0
ID190,1994-06-30,2700.0
ID190,1994-09-30,2800.0
ID190,1994-12-31,2100.0
ID190,1995-03-31,2400.0
ID190,1995-06-30,2600.0
ID190,1995-09-30,2600.0
ID190,1995-12-31,2300.0
ID190,1996-03-31,2100.0
ID190,1996-06-30,3600.0
ID190,1996-09-30,2600.0
ID190,1996-12-31,2300.0
ID190,1997-03-31,2900.0
ID190,1997-06-30,3100.0
ID190,1997-09-30,2500.0
ID190,1997-12-31,2700.0
ID190,1998-03-31,2900.0
ID190,1998-06-30,3900.0
ID190,1998-09-30,4300.0
ID190,1998-12-31,4000.0
ID190,1999-03-31,5100.0
ID190,1999-06-30,3800.0
ID190,1999-09-30,3500.0
ID190,1999-12-31,3100.0
ID190,2000-03-31,5900.0
ID190,2000-06-30,2800.0
ID190,2000-09-30,4200.0
ID190,2000-12-31,4000.0
ID190,2001-03-31,6000.0
ID190,2001-06-30,4600.0
ID190,2001-09-30,5200.0
ID190,2001-12-31,4500.0
ID190,2002-03-31,3900.0
ID190,2002-06-30,3800.0
ID190,2002-09-30,5300.0
ID190,2002-12-31,4700.0
ID190,2003-03-31,4200.0
ID190,2003-06-30,4200.0
ID191,1991-03-31,2900.0
ID191,1991-06-30,11000.0
ID191,1991-09-30,9900.0
ID191,1991-12-31,9900.0
ID191,1992-03-31,7400.0
ID191,1992-06-30,14400.0
ID191,1992-09-30,11000.0
ID191,1992-12-31,11100.0
ID191,1993-03-31,8400.0
ID191,1993-06-30,15900.0
ID191,1993-09-30,12500.0
ID191,1993-12-31,10400.0
ID191,1994-03-31,10000.0
ID191,1994-06-30,14200.0
ID191,1994-09-30,14400.0
ID191,1994-12-31,13100.0
ID191,1995-03-31,10100.0
ID191,1995-06-30,15500.0
ID191,1995-09-30,15800.0
ID191,1995-12-31,12900.0
ID191,1996-03-31,11100.0
ID191,1996-06-30,18400.0
ID191,1996-09-30,17600.0
ID191,1996-12-31,13100.0
ID191,1997-03-31,13600.0
ID191,1997-06-30,19300.0
ID191,1997-09-30,18800.0
ID191,1997-12-31,16000.0
ID191,1998-03-31,13200.0
ID191,1998-06-30,21400.0
ID191,1998-09-30,21100.0
ID191,1998-12-31,17700.0
ID191,1999-03-31,17900.0
ID191,1999-06-30,21900.0
ID191,1999-09-30,20500.0
ID191,1999-12-31,15400.0
ID191,2000-03-31,19000.0
ID191,2000-06-30,21900.0
ID191,2000-09-30,24200.0
ID191,2000-12-31,18500.0
ID191,2001-03-31,19300.0
ID191,2001-06-30,25500.0
ID191,2001-09-30,22900.0
ID191,2001-12-31,14300.0
ID191,2002-03-31,15400.0
ID191,2002-06-30,23900.0
ID191,2002-09-30,24400.0
ID191,2002-12-31,19200.0
ID191,2003-03-31,13500.0
ID191,2003-06-30,19200.0
ID192,1991-03-31,100.0
ID192,1991-06-30,100.0
ID192,1991-09-30,0.0
ID192,1991-12-31,700.0
ID192,1992-03-31,400.0
ID192,1992-06-30,1200.0
ID192,1992-09-30,700.0
ID192,1992-12-31,1300.0
ID192,1993-03-31,1100.0
ID192,1993-06-30,800.0
ID192,1993-09-30,700.0
ID192,1993-12-31,1100.0
ID192,1994-03-31,1600.0
ID192,1994-06-30,1000.0
ID192,1994-09-30,500.0
ID192,1994-12-31,1000.0
ID192,1995-03-31,900.0
ID192,1995-06-30,500.0
ID192,1995-09-30,500.0
ID192,1995-12-31,600.0
ID192,1996-03-31,400.0
ID192,1996-06-30,200.0
ID192,1996-09-30,300.0
ID192,1996-12-31,600.0
ID192,1997-03-31,300.0
ID192,1997-06-30,900.0
ID192,1997-09-30,700.0
ID192,1997-12-31,900.0
ID192,1998-03-31,800.0
ID192,1998-06-30,800.0
ID192,1998-09-30,300.0
ID192,1998-12-31,900.0
ID192,1999-03-31,1100.0
ID192,1999-06-30,1100.0
ID192,1999-09-30,800.0
ID192,1999-12-31,1900.0
ID192,2000-03-31,1900.0
ID192,2000-06-30,1600.0
ID192,2000-09-30,1000.0
ID192,2000-12-31,1900.0
ID192,2001-03-31,2000.0
ID192,2001-06-30,1900.0
ID192,2001-09-30,1400.0
ID192,2001-12-31,2600.0
ID192,2002-03-31,1800.0
ID192,2002-06-30,1600.0
ID192,2002-09-30,1300.0
ID192,2002-12-31,2300.0
ID192,2003-03-31,2200.0
ID192,2003-06-30,800.0
ID193,2000-03-31,1800.0
ID193,2000-06-30,3100.0
ID193,2000-09-30,3000.0
ID193,2000-12-31,3300.0
ID193,2001-03-31,3100.0
ID193,2001-06-30,3500.0
ID193,2001-09-30,3000.0
ID193,2001-12-31,4100.0
ID193,2002-03-31,3300.0
ID193,2002-06-30,3300.0
ID193,2002-09-30,4000.0
ID193,2002-12-31,3600.0
ID193,2003-03-31,3300.0
ID193,2003-06-30,3700.0
ID194,1991-03-31,34300.0
ID194,1991-06-30,40900.0
ID194,1991-09-30,54500.0
ID194,1991-12-31,45000.0
ID194,1992-03-31,33300.0
ID194,1992-06-30,42600.0
ID194,1992-09-30,59300.0
ID194,1992-12-31,50000.0
ID194,1993-03-31,39600.0
ID194,1993-06-30,48600.0
ID194,1993-09-30,59400.0
ID194,1993-12-31,51200.0
ID194,1994-03-31,46700.0
ID194,1994-06-30,48900.0
ID194,1994-09-30,62300.0
ID194,1994-12-31,56200.0
ID194,1995-03-31,45800.0
ID194,1995-06-30,49500.0
ID194,1995-09-30,68700.0
ID194,1995-12-31,58300.0
ID194,1996-03-31,51800.0
ID194,1996-06-30,59500.0
ID194,1996-09-30,79000.0
ID194,1996-12-31,69500.0
ID194,1997-03-31,61200.0
ID194,1997-06-30,69800.0
ID194,1997-09-30,98600.0
ID194,1997-12-31,81200.0
ID194,1998-03-31,70000.0
ID194,1998-06-30,74200.0
ID194,1998-09-30,106900.0
ID194,1998-12-31,98400.0
ID194,1999-03-31,74400.0
ID194,1999-06-30,69300.0
ID194,1999-09-30,91900.0
ID194,1999-12-31,44900.0
ID194,2000-03-31,52600.0
ID194,2000-06-30,67300.0
ID194,2000-09-30,83500.0
ID194,2000-12-31,76500.0
ID194,2001-03-31,63600.0
ID194,2001-06-30,71200.0
ID194,2001-09-30,95300.0
ID194,2001-12-31,58700.0
ID194,2002-03-31,51200.0
ID194,2002-06-30,65800.0
ID194,2002-09-30,87500.0
ID194,2002-12-31,37300.0
ID194,2003-03-31,30200.0
ID194,2003-06-30,39500.0
ID195,1991-03-31,14500.0
ID195,1991-06-30,15500.0
ID195,1991-09-30,18300.0
ID195,1991-12-31,22500.0
ID195,1992-03-31,15900.0
ID195,1992-06-30,17400.0
ID195,1992-09-30,20500.0
ID195,1992-12-31,24700.0
ID195,1993-03-31,18600.0
ID195,1993-06-30,18000.0
ID195,1993-09-30,22000.0
ID195,1993-12-31,25000.0
ID195,1994-03-31,19400.0
ID195,1994-06-30,19100.0
ID195,1994-09-30,21800.0
ID195,1994-12-31,24300.0
ID195,1995-03-31,18600.0
ID195,1995-06-30,21100.0
ID195,1995-09-30,23600.0
ID195,1995-12-31,25300.0
ID195,1996-03-31,21000.0
ID195,1996-06-30,20900.0
ID195,1996-09-30,26400.0
ID195,1996-12-31,28700.0
ID195,1997-03-31,24300.0
ID195,1997-06-30,22500.0
ID195,1997-09-30,27300.0
ID195,1997-12-31,24300.0
ID195,1998-03-31,26400.0
ID195,1998-06-30,26200.0
ID195,1998-09-30,28600.0
ID195,1998-12-31,30600.0
ID195,1999-03-31,24700.0
ID195,1999-06-30,27800.0
ID195,1999-09-30,33900.0
ID195,1999-12-31,33500.0
ID195,2000-03-31,28900.0
ID195,2000-06-30,30100.0
ID195,2000-09-30,38200.0
ID195,2000-12-31,38200.0
ID195,2001-03-31,31900.0
ID195,2001-06-30,26500.0
ID195,2001-09-30,31500.0
ID195,2001-12-31,26500.0
ID195,2002-03-31,27200.0
ID195,2002-06-30,24300.0
ID195,2002-09-30,29300.0
ID195,2002-12-31,28700.0
ID195,2003-03-31,23600.0
ID195,2003-06-30,16100.0
ID196,1991-03-31,8900.0
ID196,1991-06-30,9900.0
ID196,1991-09-30,8200.0
ID196,1991-12-31,12800.0
ID196,1992-03-31,8700.0
ID196,1992-06-30,10000.0
ID196,1992-09-30,8100.0
ID196,1992-12-31,14100.0
ID196,1993-03-31,9400.0
ID196,1993-06-30,9900.0
ID196,1993-09-30,7600.0
ID196,1993-12-31,15000.0
ID196,1994-03-31,10500.0
ID196,1994-06-30,12100.0
ID196,1994-09-30,8000.0
ID196,1994-12-31,16700.0
ID196,1995-03-31,10800.0
ID196,1995-06-30,14000.0
ID196,1995-09-30,10000.0
ID196,1995-12-31,16800.0
ID196,1996-03-31,13200.0
ID196,1996-06-30,13200.0
ID196,1996-09-30,11300.0
ID196,1996-12-31,18400.0
ID196,1997-03-31,15000.0
ID196,1997-06-30,14900.0
ID196,1997-09-30,11700.0
ID196,1997-12-31,18800.0
ID196,1998-03-31,15300.0
ID196,1998-06-30,14600.0
ID196,1998-09-30,10400.0
ID196,1998-12-31,17000.0
ID196,1999-03-31,14700.0
ID196,1999-06-30,13400.0
ID196,1999-09-30,10400.0
ID196,1999-12-31,16500.0
ID196,2000-03-31,14600.0
ID196,2000-06-30,14100.0
ID196,2000-09-30,12900.0
ID196,2000-12-31,21900.0
ID196,2001-03-31,13200.0
ID196,2001-06-30,14500.0
ID196,2001-09-30,11000.0
ID196,2001-12-31,17400.0
ID196,2002-03-31,15300.0
ID196,2002-06-30,14700.0
ID196,2002-09-30,12200.0
ID196,2002-12-31,18200.0
ID196,2003-03-31,12600.0
ID196,2003-06-30,12600.0
ID197,1991-03-31,22100.0
ID197,1991-06-30,22300.0
ID197,1991-09-30,23600.0
ID197,1991-12-31,32200.0
ID197,1992-03-31,23800.0
ID197,1992-06-30,23500.0
ID197,1992-09-30,26600.0
ID197,1992-12-31,27200.0
ID197,1993-03-31,20600.0
ID197,1993-06-30,27800.0
ID197,1993-09-30,23000.0
ID197,1993-12-31,26500.0
ID197,1994-03-31,20600.0
ID197,1994-06-30,22200.0
ID197,1994-09-30,25800.0
ID197,1994-12-31,23000.0
ID197,1995-03-31,22800.0
ID197,1995-06-30,21000.0
ID197,1995-09-30,24100.0
ID197,1995-12-31,27000.0
ID197,1996-03-31,25000.0
ID197,1996-06-30,22400.0
ID197,1996-09-30,25600.0
ID197,1996-12-31,26100.0
ID197,1997-03-31,23500.0
ID197,1997-06-30,24300.0
ID197,1997-09-30,31100.0
ID197,1997-12-31,26300.0
ID197,1998-03-31,28900.0
ID197,1998-06-30,29600.0
ID197,1998-09-30,32000.0
ID197,1998-12-31,32100.0
ID197,1999-03-31,35900.0
ID197,1999-06-30,33700.0
ID197,1999-09-30,39700.0
ID197,1999-12-31,31500.0
ID197,2000-03-31,35300.0
ID197,2000-06-30,39400.0
ID197,2000-09-30,40600.0
ID197,2000-12-31,38100.0
ID197,2001-03-31,36600.0
ID197,2001-06-30,38300.0
ID197,2001-09-30,45300.0
ID197,2001-12-31,40100.0
ID197,2002-03-31,38100.0
ID197,2002-06-30,39600.0
ID197,2002-09-30,37800.0
ID197,2002-12-31,33400.0
ID197,2003-03-31,33000.0
ID197,2003-06-30,14800.0
ID198,1991-03-31,15200.0
ID198,1991-06-30,17300.0
ID198,1991-09-30,17100.0
ID198,1991-12-31,22100.0
ID198,1992-03-31,15100.0
ID198,1992-06-30,14900.0
ID198,1992-09-30,19400.0
ID198,1992-12-31,21000.0
ID198,1993-03-31,15900.0
ID198,1993-06-30,16900.0
ID198,1993-09-30,18900.0
ID198,1993-12-31,20600.0
ID198,1994-03-31,14500.0
ID198,1994-06-30,17800.0
ID198,1994-09-30,18800.0
ID198,1994-12-31,20800.0
ID198,1995-03-31,16500.0
ID198,1995-06-30,17900.0
ID198,1995-09-30,20300.0
ID198,1995-12-31,20500.0
ID198,1996-03-31,19400.0
ID198,1996-06-30,20400.0
ID198,1996-09-30,18600.0
ID198,1996-12-31,22800.0
ID198,1997-03-31,24200.0
ID198,1997-06-30,18800.0
ID198,1997-09-30,19900.0
ID198,1997-12-31,26300.0
ID198,1998-03-31,25200.0
ID198,1998-06-30,32500.0
ID198,1998-09-30,38500.0
ID198,1998-12-31,39700.0
ID198,1999-03-31,30600.0
ID198,1999-06-30,28800.0
ID198,1999-09-30,37700.0
ID198,1999-12-31,39900.0
ID198,2000-03-31,32900.0
ID198,2000-06-30,37300.0
ID198,2000-09-30,39400.0
ID198,2000-12-31,41900.0
ID198,2001-03-31,37500.0
ID198,2001-06-30,39000.0
ID198,2001-09-30,47800.0
ID198,2001-12-31,41800.0
ID198,2002-03-31,35300.0
ID198,2002-06-30,38600.0
ID198,2002-09-30,50000.0
ID198,2002-12-31,45100.0
ID198,2003-03-31,28200.0
ID198,2003-06-30,27300.0
ID199,1991-03-31,2800.0
ID199,1991-06-30,2000.0
ID199,1991-09-30,1900.0
ID199,1991-12-31,5000.0
ID199,1992-03-31,3900.0
ID199,1992-06-30,3100.0
ID199,1992-09-30,3300.0
ID199,1992-12-31,8100.0
ID199,1993-03-31,6500.0
ID199,1993-06-30,4800.0
ID199,1993-09-30,4500.0
ID199,1993-12-31,10400.0
ID199,1994-03-31,8300.0
ID199,1994-06-30,5700.0
ID199,1994-09-30,5900.0
ID199,1994-12-31,12600.0
ID199,1995-03-31,11400.0
ID199,1995-06-30,8200.0
ID199,1995-09-30,7300.0
ID199,1995-12-31,13500.0
ID199,1996-03-31,11800.0
ID199,1996-06-30,6600.0
ID199,1996-09-30,9300.0
ID199,1996-12-31,15300.0
ID199,1997-03-31,14000.0
ID199,1997-06-30,7300.0
ID199,1997-09-30,7400.0
ID199,1997-12-31,14700.0
ID199,1998-03-31,11600.0
ID199,1998-06-30,10500.0
ID199,1998-09-30,10200.0
ID199,1998-12-31,15900.0
ID199,1999-03-31,17000.0
ID199,1999-06-30,12300.0
ID199,1999-09-30,9600.0
ID199,1999-12-31,12900.0
ID199,2000-03-31,16000.0
ID199,2000-06-30,11500.0
ID199,2000-09-30,11800.0
ID199,2000-12-31,20600.0
ID199,2001-03-31,21800.0
ID199,2001-06-30,13000.0
ID199,2001-09-30,12400.0
ID199,2001-12-31,18300.0
ID199,2002-03-31,20800.0
ID199,2002-06-30,16400.0
ID199,2002-09-30,15200.0
ID199,2002-12-31,26600.0
ID199,2003-03-31,22600.0
ID199,2003-06-30,9700.0
ID2,1985-03-31,120977.0
ID2,1985-06-30,162468.0
ID2,1985-09-30,159797.0
ID2,1985-12-31,194926.0
ID2,1986-03-31,131853.0
ID2,1986-06-30,173985.0
ID2,1986-09-30,177365.0
ID2,1986-12-31,221225.0
ID2,1987-03-31,150553.0
ID2,1987-06-30,202923.0
ID2,1987-09-30,204837.0
ID2,1987-12-31,235028.0
ID2,1988-03-31,151900.0
ID2,1988-06-30,189547.0
ID2,1988-09-30,183172.0
ID2,1988-12-31,224625.0
ID2,1989-03-31,155331.0
ID2,1989-06-30,174698.0
ID2,1989-09-30,125080.0
ID2,1989-12-31,169291.0
ID2,1990-03-31,136107.0
ID2,1990-06-30,150228.0
ID2,1990-09-30,149489.0
ID2,1990-12-31,176438.0
ID2,1991-03-31,119443.0
ID2,1991-06-30,153444.0
ID2,1991-09-30,156774.0
ID2,1991-12-31,190024.0
ID2,1992-03-31,147529.0
ID2,1992-06-30,176937.0
ID2,1992-09-30,165748.0
ID2,1992-12-31,204076.0
ID2,1993-03-31,165372.0
ID2,1993-06-30,191951.0
ID2,1993-09-30,181667.0
ID2,1993-12-31,216676.0
ID2,1994-03-31,182641.0
ID2,1994-06-30,201219.0
ID2,1994-09-30,177967.0
ID2,1994-12-31,214212.0
ID2,1995-03-31,176315.0
ID2,1995-06-30,191090.0
ID2,1995-09-30,175549.0
ID2,1995-12-31,205957.0
ID2,1996-03-31,207805.0
ID2,1996-06-30,203431.0
ID2,1996-09-30,192112.0
ID2,1996-12-31,229377.0
ID2,1997-03-31,233925.0
ID2,1997-06-30,237906.0
ID2,1997-09-30,172977.0
ID2,1997-12-31,216409.0
ID2,1998-03-31,187515.0
ID2,1998-06-30,215019.0
ID2,1998-09-30,185024.0
ID2,1998-12-31,240768.0
ID2,1999-03-31,196466.0
ID2,1999-06-30,215203.0
ID2,1999-09-30,199992.0
ID2,1999-12-31,247264.0
ID2,2000-03-31,209375.0
ID2,2000-06-30,250313.0
ID2,2000-09-30,227018.0
ID2,2000-12-31,279302.0
ID2,2001-03-31,227834.0
ID2,2001-06-30,262939.0
ID2,2001-09-30,221417.0
ID2,2001-12-31,223527.0
ID2,2002-03-31,228216.0
ID2,2002-06-30,259987.0
ID2,2002-09-30,232257.0
ID2,2002-12-31,280384.0
ID20,1976-03-31,588.0
ID20,1976-06-30,775.0
ID20,1976-09-30,877.0
ID20,1976-12-31,661.0
ID20,1977-03-31,627.0
ID20,1977-06-30,786.0
ID20,1977-09-30,840.0
ID20,1977-12-31,649.0
ID20,1978-03-31,627.0
ID20,1978-06-30,828.0
ID20,1978-09-30,881.0
ID20,1978-12-31,688.0
ID20,1979-03-31,636.0
ID20,1979-06-30,872.0
ID20,1979-09-30,958.0
ID20,1979-12-31,636.0
ID20,1980-03-31,641.0
ID20,1980-06-30,815.0
ID20,1980-09-30,949.0
ID20,1980-12-31,663.0
ID20,1981-03-31,625.0
ID20,1981-06-30,833.0
ID20,1981-09-30,954.0
ID20,1981-12-31,693.0
ID20,1982-03-31,645.0
ID20,1982-06-30,869.0
ID20,1982-09-30,977.0
ID20,1982-12-31,702.0
ID20,1983-03-31,659.0
ID20,1983-06-30,889.0
ID20,1983-09-30,1013.0
ID20,1983-12-31,711.0
ID20,1984-03-31,722.0
ID20,1984-06-30,942.0
ID20,1984-09-30,1076.0
ID20,1984-12-31,771.0
ID20,1985-03-31,791.0
ID20,1985-06-30,1024.0
ID20,1985-09-30,1090.0
ID20,1985-12-31,815.0
ID20,1986-03-31,851.0
ID20,1986-06-30,933.0
ID20,1986-09-30,1073.0
ID20,1986-12-31,810.0
ID20,1987-03-31,924.0
ID20,1987-06-30,1115.0
ID20,1987-09-30,1216.0
ID20,1987-12-31,980.0
ID20,1988-03-31,1151.0
ID20,1988-06-30,1253.0
ID20,1988-09-30,1375.0
ID20,1988-12-31,1110.0
ID20,1989-03-31,1339.0
ID20,1989-06-30,1449.0
ID20,1989-09-30,1582.0
ID20,1989-12-31,1341.0
ID20,1990-03-31,1462.0
ID20,1990-06-30,1639.0
ID20,1990-09-30,1738.0
ID20,1990-12-31,1397.0
ID20,1991-03-31,1267.0
ID20,1991-06-30,1540.0
ID20,1991-09-30,1705.0
ID20,1991-12-31,1406.0
ID20,1992-03-31,1537.0
ID20,1992-06-30,1767.0
ID20,1992-09-30,1849.0
ID20,1992-12-31,1436.0
ID20,1993-03-31,1596.0
ID20,1993-06-30,1812.0
ID20,1993-09-30,1877.0
ID20,1993-12-31,1480.0
ID20,1994-03-31,1748.0
ID20,1994-06-30,1877.0
ID20,1994-09-30,2010.0
ID20,1994-12-31,1624.0
ID20,1995-03-31,1684.0
ID20,1995-06-30,1763.0
ID20,1995-09-30,1807.0
ID20,1995-12-31,1329.0
ID20,1996-03-31,1629.0
ID20,1996-06-30,1638.0
ID20,1996-09-30,1706.0
ID20,1996-12-31,1434.0
ID20,1997-03-31,1606.0
ID20,1997-06-30,1658.0
ID20,1997-09-30,1737.0
ID20,1997-12-31,1441.0
ID20,1998-03-31,1726.0
ID20,1998-06-30,1803.0
ID20,1998-09-30,1965.0
ID20,1998-12-31,1575.0
ID20,1999-03-31,1843.0
ID20,1999-06-30,1939.0
ID20,1999-09-30,2148.0
ID20,1999-12-31,1665.0
ID20,2000-03-31,1941.0
ID20,2000-06-30,2134.0
ID20,2000-09-30,2333.0
ID20,2000-12-31,1842.0
ID20,2001-03-31,2036.0
ID20,2001-06-30,2128.0
ID20,2001-09-30,2426.0
ID20,2001-12-31,1729.0
ID20,2002-03-31,2159.0
ID20,2002-06-30,2368.0
ID200,1991-03-31,500.0
ID200,1991-06-30,900.0
ID200,1991-09-30,900.0
ID200,1991-12-31,900.0
ID200,1992-03-31,1200.0
ID200,1992-06-30,700.0
ID200,1992-09-30,900.0
ID200,1992-12-31,1400.0
ID200,1993-03-31,800.0
ID200,1993-06-30,1100.0
ID200,1993-09-30,1200.0
ID200,1993-12-31,1200.0
ID200,1994-03-31,1000.0
ID200,1994-06-30,1100.0
ID200,1994-09-30,1400.0
ID200,1994-12-31,2200.0
ID200,1995-03-31,1600.0
ID200,1995-06-30,2000.0
ID200,1995-09-30,1500.0
ID200,1995-12-31,2800.0
ID200,1996-03-31,1900.0
ID200,1996-06-30,1300.0
ID200,1996-09-30,1000.0
ID200,1996-12-31,2100.0
ID200,1997-03-31,2000.0
ID200,1997-06-30,1400.0
ID200,1997-09-30,1400.0
ID200,1997-12-31,2600.0
ID200,1998-03-31,2100.0
ID200,1998-06-30,1600.0
ID200,1998-09-30,1600.0
ID200,1998-12-31,2800.0
ID200,1999-03-31,1700.0
ID200,1999-06-30,1500.0
ID200,1999-09-30,1000.0
ID200,1999-12-31,2200.0
ID200,2000-03-31,1900.0
ID200,2000-06-30,1900.0
ID200,2000-09-30,1400.0
ID200,2000-12-31,2700.0
ID200,2001-03-31,2200.0
ID200,2001-06-30,1100.0
ID200,2001-09-30,1300.0
ID200,2001-12-31,2100.0
ID200,2002-03-31,1800.0
ID200,2002-06-30,1200.0
ID200,2002-09-30,1900.0
ID200,2002-12-31,3700.0
ID200,2003-03-31,2400.0
ID200,2003-06-30,1000.0
ID201,1991-03-31,98600.0
ID201,1991-06-30,108700.0
ID201,1991-09-30,124600.0
ID201,1991-12-31,141200.0
ID201,1992-03-31,102200.0
ID201,1992-06-30,113200.0
ID201,1992-09-30,138800.0
ID201,1992-12-31,147700.0
ID201,1993-03-31,112500.0
ID201,1993-06-30,127900.0
ID201,1993-09-30,137200.0
ID201,1993-12-31,150900.0
ID201,1994-03-31,122700.0
ID201,1994-06-30,128000.0
ID201,1994-09-30,144400.0
ID201,1994-12-31,156800.0
ID201,1995-03-31,128600.0
ID201,1995-06-30,134100.0
ID201,1995-09-30,156000.0
ID201,1995-12-31,164800.0
ID201,1996-03-31,144300.0
ID201,1996-06-30,144700.0
ID201,1996-09-30,171400.0
ID201,1996-12-31,183700.0
ID201,1997-03-31,164400.0
ID201,1997-06-30,159800.0
ID201,1997-09-30,197800.0
ID201,1997-12-31,195000.0
ID201,1998-03-31,180300.0
ID201,1998-06-30,189900.0
ID201,1998-09-30,228500.0
ID201,1998-12-31,237400.0
ID201,1999-03-31,200000.0
ID201,1999-06-30,188200.0
ID201,1999-09-30,225100.0
ID201,1999-12-31,183600.0
ID201,2000-03-31,185900.0
ID201,2000-06-30,206400.0
ID201,2000-09-30,231700.0
ID201,2000-12-31,245200.0
ID201,2001-03-31,211900.0
ID201,2001-06-30,208700.0
ID201,2001-09-30,248600.0
ID201,2001-12-31,211800.0
ID201,2002-03-31,195000.0
ID201,2002-06-30,205600.0
ID201,2002-09-30,239500.0
ID201,2002-12-31,199000.0
ID201,2003-03-31,158100.0
ID201,2003-06-30,125300.0
ID202,1991-03-31,2400.0
ID202,1991-06-30,4300.0
ID202,1991-09-30,4000.0
ID202,1991-12-31,4100.0
ID202,1992-03-31,3600.0
ID202,1992-06-30,4500.0
ID202,1992-09-30,6300.0
ID202,1992-12-31,5500.0
ID202,1993-03-31,4800.0
ID202,1993-06-30,7300.0
ID202,1993-09-30,7200.0
ID202,1993-12-31,7100.0
ID202,1994-03-31,6700.0
ID202,1994-06-30,8100.0
ID202,1994-09-30,11700.0
ID202,1994-12-31,12700.0
ID202,1995-03-31,11200.0
ID202,1995-06-30,12500.0
ID202,1995-09-30,14500.0
ID202,1995-12-31,15000.0
ID202,1996-03-31,12800.0
ID202,1996-06-30,12300.0
ID202,1996-09-30,13300.0
ID202,1996-12-31,16400.0
ID202,1997-03-31,13000.0
ID202,1997-06-30,16100.0
ID202,1997-09-30,19900.0
ID202,1997-12-31,23400.0
ID202,1998-03-31,17500.0
ID202,1998-06-30,20800.0
ID202,1998-09-30,20200.0
ID202,1998-12-31,23400.0
ID202,1999-03-31,19200.0
ID202,1999-06-30,19000.0
ID202,1999-09-30,22000.0
ID202,1999-12-31,23200.0
ID202,2000-03-31,18400.0
ID202,2000-06-30,22700.0
ID202,2000-09-30,24700.0
ID202,2000-12-31,27000.0
ID202,2001-03-31,22500.0
ID202,2001-06-30,26400.0
ID202,2001-09-30,30200.0
ID202,2001-12-31,30300.0
ID202,2002-03-31,29000.0
ID202,2002-06-30,31900.0
ID202,2002-09-30,35500.0
ID202,2002-12-31,40500.0
ID202,2003-03-31,31000.0
ID202,2003-06-30,10900.0
ID203,1991-03-31,29900.0
ID203,1991-06-30,29500.0
ID203,1991-09-30,32100.0
ID203,1991-12-31,39000.0
ID203,1992-03-31,30400.0
ID203,1992-06-30,31200.0
ID203,1992-09-30,36700.0
ID203,1992-12-31,41900.0
ID203,1993-03-31,29900.0
ID203,1993-06-30,32800.0
ID203,1993-09-30,32000.0
ID203,1993-12-31,37200.0
ID203,1994-03-31,29800.0
ID203,1994-06-30,29100.0
ID203,1994-09-30,31700.0
ID203,1994-12-31,40000.0
ID203,1995-03-31,33600.0
ID203,1995-06-30,38700.0
ID203,1995-09-30,35800.0
ID203,1995-12-31,48600.0
ID203,1996-03-31,42400.0
ID203,1996-06-30,35600.0
ID203,1996-09-30,38400.0
ID203,1996-12-31,51500.0
ID203,1997-03-31,46600.0
ID203,1997-06-30,40700.0
ID203,1997-09-30,28300.0
ID203,1997-12-31,40700.0
ID203,1998-03-31,39300.0
ID203,1998-06-30,33800.0
ID203,1998-09-30,29600.0
ID203,1998-12-31,44600.0
ID203,1999-03-31,34100.0
ID203,1999-06-30,34300.0
ID203,1999-09-30,35400.0
ID203,1999-12-31,40100.0
ID203,2000-03-31,39400.0
ID203,2000-06-30,34800.0
ID203,2000-09-30,32900.0
ID203,2000-12-31,47800.0
ID203,2001-03-31,38700.0
ID203,2001-06-30,37400.0
ID203,2001-09-30,31800.0
ID203,2001-12-31,41600.0
ID203,2002-03-31,34100.0
ID203,2002-06-30,34500.0
ID203,2002-09-30,30500.0
ID203,2002-12-31,41500.0
ID203,2003-03-31,31700.0
ID203,2003-06-30,11000.0
ID204,1991-03-31,9500.0
ID204,1991-06-30,12400.0
ID204,1991-09-30,11700.0
ID204,1991-12-31,13800.0
ID204,1992-03-31,10600.0
ID204,1992-06-30,11200.0
ID204,1992-09-30,13600.0
ID204,1992-12-31,12300.0
ID204,1993-03-31,9600.0
ID204,1993-06-30,11500.0
ID204,1993-09-30,12500.0
ID204,1993-12-31,11700.0
ID204,1994-03-31,9600.0
ID204,1994-06-30,10100.0
ID204,1994-09-30,11700.0
ID204,1994-12-31,11300.0
ID204,1995-03-31,9400.0
ID204,1995-06-30,10100.0
ID204,1995-09-30,12200.0
ID204,1995-12-31,11000.0
ID204,1996-03-31,10900.0
ID204,1996-06-30,10700.0
ID204,1996-09-30,12900.0
ID204,1996-12-31,12300.0
ID204,1997-03-31,13000.0
ID204,1997-06-30,12200.0
ID204,1997-09-30,15000.0
ID204,1997-12-31,16000.0
ID204,1998-03-31,12700.0
ID204,1998-06-30,12900.0
ID204,1998-09-30,15000.0
ID204,1998-12-31,15400.0
ID204,1999-03-31,14700.0
ID204,1999-06-30,16700.0
ID204,1999-09-30,16800.0
ID204,1999-12-31,16400.0
ID204,2000-03-31,14200.0
ID204,2000-06-30,17000.0
ID204,2000-09-30,16200.0
ID204,2000-12-31,17200.0
ID204,2001-03-31,14500.0
ID204,2001-06-30,19900.0
ID204,2001-09-30,19700.0
ID204,2001-12-31,17400.0
ID204,2002-03-31,14700.0
ID204,2002-06-30,19600.0
ID204,2002-09-30,18900.0
ID204,2002-12-31,18100.0
ID204,2003-03-31,17000.0
ID204,2003-06-30,18400.0
ID205,1991-03-31,1500.0
ID205,1991-06-30,2200.0
ID205,1991-09-30,2200.0
ID205,1991-12-31,2600.0
ID205,1992-03-31,2000.0
ID205,1992-06-30,2400.0
ID205,1992-09-30,2900.0
ID205,1992-12-31,4200.0
ID205,1993-03-31,2700.0
ID205,1993-06-30,2700.0
ID205,1993-09-30,3900.0
ID205,1993-12-31,3700.0
ID205,1994-03-31,2500.0
ID205,1994-06-30,2900.0
ID205,1994-09-30,3200.0
ID205,1994-12-31,3400.0
ID205,1995-03-31,2900.0
ID205,1995-06-30,4000.0
ID205,1995-09-30,3400.0
ID205,1995-12-31,4000.0
ID205,1996-03-31,3400.0
ID205,1996-06-30,3600.0
ID205,1996-09-30,4700.0
ID205,1996-12-31,5100.0
ID205,1997-03-31,3900.0
ID205,1997-06-30,4300.0
ID205,1997-09-30,4500.0
ID205,1997-12-31,4400.0
ID205,1998-03-31,3800.0
ID205,1998-06-30,5000.0
ID205,1998-09-30,4100.0
ID205,1998-12-31,4700.0
ID205,1999-03-31,3900.0
ID205,1999-06-30,4700.0
ID205,1999-09-30,4200.0
ID205,1999-12-31,4800.0
ID205,2000-03-31,4500.0
ID205,2000-06-30,6200.0
ID205,2000-09-30,5700.0
ID205,2000-12-31,6300.0
ID205,2001-03-31,5400.0
ID205,2001-06-30,5700.0
ID205,2001-09-30,5900.0
ID205,2001-12-31,6600.0
ID205,2002-03-31,4800.0
ID205,2002-06-30,6600.0
ID205,2002-09-30,5700.0
ID205,2002-12-31,7500.0
ID205,2003-03-31,5400.0
ID205,2003-06-30,6100.0
ID206,1991-03-31,3100.0
ID206,1991-06-30,4000.0
ID206,1991-09-30,4300.0
ID206,1991-12-31,7200.0
ID206,1992-03-31,4900.0
ID206,1992-06-30,5600.0
ID206,1992-09-30,5300.0
ID206,1992-12-31,8300.0
ID206,1993-03-31,5400.0
ID206,1993-06-30,6600.0
ID206,1993-09-30,6000.0
ID206,1993-12-31,8700.0
ID206,1994-03-31,6600.0
ID206,1994-06-30,6000.0
ID206,1994-09-30,6400.0
ID206,1994-12-31,9400.0
ID206,1995-03-31,5300.0
ID206,1995-06-30,6900.0
ID206,1995-09-30,6800.0
ID206,1995-12-31,9900.0
ID206,1996-03-31,6300.0
ID206,1996-06-30,6800.0
ID206,1996-09-30,7200.0
ID206,1996-12-31,9200.0
ID206,1997-03-31,7800.0
ID206,1997-06-30,7300.0
ID206,1997-09-30,8200.0
ID206,1997-12-31,11500.0
ID206,1998-03-31,7900.0
ID206,1998-06-30,7500.0
ID206,1998-09-30,7500.0
ID206,1998-12-31,10100.0
ID206,1999-03-31,8300.0
ID206,1999-06-30,6400.0
ID206,1999-09-30,7000.0
ID206,1999-12-31,10300.0
ID206,2000-03-31,8100.0
ID206,2000-06-30,9300.0
ID206,2000-09-30,8900.0
ID206,2000-12-31,10800.0
ID206,2001-03-31,7600.0
ID206,2001-06-30,8600.0
ID206,2001-09-30,7500.0
ID206,2001-12-31,11200.0
ID206,2002-03-31,8600.0
ID206,2002-06-30,8100.0
ID206,2002-09-30,8900.0
ID206,2002-12-31,11400.0
ID206,2003-03-31,9200.0
ID206,2003-06-30,3900.0
ID207,1991-09-30,100.0
ID207,1991-12-31,400.0
ID207,1992-03-31,100.0
ID207,1992-06-30,200.0
ID207,1992-09-30,100.0
ID207,1992-12-31,200.0
ID207,1993-03-31,100.0
ID207,1993-06-30,200.0
ID207,1993-09-30,200.0
ID207,1993-12-31,500.0
ID207,1994-03-31,200.0
ID207,1994-06-30,500.0
ID207,1994-09-30,300.0
ID207,1994-12-31,500.0
ID207,1995-03-31,200.0
ID207,1995-06-30,100.0
ID207,1995-09-30,1000.0
ID207,1995-12-31,200.0
ID207,1996-03-31,300.0
ID207,1996-06-30,200.0
ID207,1996-09-30,400.0
ID207,1996-12-31,600.0
ID207,1997-03-31,200.0
ID207,1997-06-30,600.0
ID207,1997-09-30,400.0
ID207,1997-12-31,700.0
ID207,1998-03-31,300.0
ID207,1998-06-30,200.0
ID207,1998-09-30,200.0
ID207,1998-12-31,200.0
ID207,1999-03-31,800.0
ID207,1999-06-30,200.0
ID207,1999-09-30,600.0
ID207,1999-12-31,300.0
ID207,2000-03-31,300.0
ID207,2000-06-30,400.0
ID207,2000-09-30,400.0
ID207,2000-12-31,900.0
ID207,2001-03-31,200.0
ID207,2001-06-30,800.0
ID207,2001-09-30,200.0
ID207,2001-12-31,700.0
ID207,2002-03-31,300.0
ID207,2002-06-30,600.0
ID207,2002-09-30,400.0
ID207,2002-12-31,500.0
ID207,2003-03-31,400.0
ID207,2003-06-30,400.0
ID208,1991-03-31,46400.0
ID208,1991-06-30,52600.0
ID208,1991-09-30,54500.0
ID208,1991-12-31,67000.0
ID208,1992-03-31,51400.0
ID208,1992-06-30,54900.0
ID208,1992-09-30,64900.0
ID208,1992-12-31,72200.0
ID208,1993-03-31,52600.0
ID208,1993-06-30,61200.0
ID208,1993-09-30,61900.0
ID208,1993-12-31,68800.0
ID208,1994-03-31,55500.0
ID208,1994-06-30,56500.0
ID208,1994-09-30,65100.0
ID208,1994-12-31,77100.0
ID208,1995-03-31,62500.0
ID208,1995-06-30,72400.0
ID208,1995-09-30,73500.0
ID208,1995-12-31,88600.0
ID208,1996-03-31,76100.0
ID208,1996-06-30,69300.0
ID208,1996-09-30,77000.0
ID208,1996-12-31,95200.0
ID208,1997-03-31,84700.0
ID208,1997-06-30,81300.0
ID208,1997-09-30,76300.0
ID208,1997-12-31,96500.0
ID208,1998-03-31,81500.0
ID208,1998-06-30,80300.0
ID208,1998-09-30,76800.0
ID208,1998-12-31,98600.0
ID208,1999-03-31,80900.0
ID208,1999-06-30,81400.0
ID208,1999-09-30,86300.0
ID208,1999-12-31,95200.0
ID208,2000-03-31,85000.0
ID208,2000-06-30,90700.0
ID208,2000-09-30,88800.0
ID208,2000-12-31,110000.0
ID208,2001-03-31,88700.0
ID208,2001-06-30,98800.0
ID208,2001-09-30,95300.0
ID208,2001-12-31,108100.0
ID208,2002-03-31,91500.0
ID208,2002-06-30,101300.0
ID208,2002-09-30,99800.0
ID208,2002-12-31,119500.0
ID208,2003-03-31,94700.0
ID208,2003-06-30,50700.0
ID209,1991-03-31,4300.0
ID209,1991-06-30,3400.0
ID209,1991-09-30,4100.0
ID209,1991-12-31,8400.0
ID209,1992-03-31,4600.0
ID209,1992-06-30,2400.0
ID209,1992-09-30,2400.0
ID209,1992-12-31,8600.0
ID209,1993-03-31,5000.0
ID209,1993-06-30,3000.0
ID209,1993-09-30,3600.0
ID209,1993-12-31,11800.0
ID209,1994-03-31,7300.0
ID209,1994-06-30,3600.0
ID209,1994-09-30,4500.0
ID209,1994-12-31,11700.0
ID209,1995-03-31,7300.0
ID209,1995-06-30,4600.0
ID209,1995-09-30,6600.0
ID209,1995-12-31,16900.0
ID209,1996-03-31,9700.0
ID209,1996-06-30,5100.0
ID209,1996-09-30,5700.0
ID209,1996-12-31,15800.0
ID209,1997-03-31,9300.0
ID209,1997-06-30,4600.0
ID209,1997-09-30,6100.0
ID209,1997-12-31,17000.0
ID209,1998-03-31,9400.0
ID209,1998-06-30,6300.0
ID209,1998-09-30,6600.0
ID209,1998-12-31,16800.0
ID209,1999-03-31,10800.0
ID209,1999-06-30,6100.0
ID209,1999-09-30,6500.0
ID209,1999-12-31,17300.0
ID209,2000-03-31,11000.0
ID209,2000-06-30,6400.0
ID209,2000-09-30,7300.0
ID209,2000-12-31,20500.0
ID209,2001-03-31,14500.0
ID209,2001-06-30,6300.0
ID209,2001-09-30,7100.0
ID209,2001-12-31,18800.0
ID209,2002-03-31,12400.0
ID209,2002-06-30,6400.0
ID209,2002-09-30,7200.0
ID209,2002-12-31,19800.0
ID209,2003-03-31,12500.0
ID209,2003-06-30,7300.0
ID21,1976-03-31,300.0
ID21,1976-06-30,525.0
ID21,1976-09-30,773.0
ID21,1976-12-31,343.0
ID21,1977-03-31,347.0
ID21,1977-06-30,533.0
ID21,1977-09-30,762.0
ID21,1977-12-31,396.0
ID21,1978-03-31,459.0
ID21,1978-06-30,561.0
ID21,1978-09-30,847.0
ID21,1978-12-31,413.0
ID21,1979-03-31,475.0
ID21,1979-06-30,694.0
ID21,1979-09-30,946.0
ID21,1979-12-31,435.0
ID21,1980-03-31,575.0
ID21,1980-06-30,728.0
ID21,1980-09-30,972.0
ID21,1980-12-31,416.0
ID21,1981-03-31,508.0
ID21,1981-06-30,587.0
ID21,1981-09-30,863.0
ID21,1981-12-31,377.0
ID21,1982-03-31,467.0
ID21,1982-06-30,638.0
ID21,1982-09-30,893.0
ID21,1982-12-31,380.0
ID21,1983-03-31,456.0
ID21,1983-06-30,665.0
ID21,1983-09-30,961.0
ID21,1983-12-31,412.0
ID21,1984-03-31,463.0
ID21,1984-06-30,729.0
ID21,1984-09-30,969.0
ID21,1984-12-31,423.0
ID21,1985-03-31,498.0
ID21,1985-06-30,687.0
ID21,1985-09-30,963.0
ID21,1985-12-31,433.0
ID21,1986-03-31,510.0
ID21,1986-06-30,692.0
ID21,1986-09-30,1040.0
ID21,1986-12-31,473.0
ID21,1987-03-31,515.0
ID21,1987-06-30,848.0
ID21,1987-09-30,1178.0
ID21,1987-12-31,523.0
ID21,1988-03-31,562.0
ID21,1988-06-30,793.0
ID21,1988-09-30,1170.0
ID21,1988-12-31,573.0
ID21,1989-03-31,625.0
ID21,1989-06-30,851.0
ID21,1989-09-30,1212.0
ID21,1989-12-31,626.0
ID21,1990-03-31,641.0
ID21,1990-06-30,916.0
ID21,1990-09-30,1243.0
ID21,1990-12-31,651.0
ID21,1991-03-31,493.0
ID21,1991-06-30,780.0
ID21,1991-09-30,1145.0
ID21,1991-12-31,661.0
ID21,1992-03-31,659.0
ID21,1992-06-30,967.0
ID21,1992-09-30,1269.0
ID21,1992-12-31,696.0
ID21,1993-03-31,677.0
ID21,1993-06-30,961.0
ID21,1993-09-30,1294.0
ID21,1993-12-31,755.0
ID21,1994-03-31,823.0
ID21,1994-06-30,1071.0
ID21,1994-09-30,1415.0
ID21,1994-12-31,789.0
ID21,1995-03-31,930.0
ID21,1995-06-30,1207.0
ID21,1995-09-30,1549.0
ID21,1995-12-31,1008.0
ID21,1996-03-31,1069.0
ID21,1996-06-30,1247.0
ID21,1996-09-30,1598.0
ID21,1996-12-31,1026.0
ID21,1997-03-31,1145.0
ID21,1997-06-30,1310.0
ID21,1997-09-30,1687.0
ID21,1997-12-31,1094.0
ID21,1998-03-31,1134.0
ID21,1998-06-30,1507.0
ID21,1998-09-30,1963.0
ID21,1998-12-31,1271.0
ID21,1999-03-31,1341.0
ID21,1999-06-30,1626.0
ID21,1999-09-30,2151.0
ID21,1999-12-31,1330.0
ID21,2000-03-31,1350.0
ID21,2000-06-30,1792.0
ID21,2000-09-30,2363.0
ID21,2000-12-31,1528.0
ID21,2001-03-31,1495.0
ID21,2001-06-30,1929.0
ID21,2001-09-30,2452.0
ID21,2001-12-31,1406.0
ID21,2002-03-31,1495.0
ID21,2002-06-30,2000.0
ID210,1991-03-31,700.0
ID210,1991-06-30,200.0
ID210,1991-09-30,600.0
ID210,1991-12-31,1600.0
ID210,1992-03-31,700.0
ID210,1992-06-30,500.0
ID210,1992-09-30,500.0
ID210,1992-12-31,1700.0
ID210,1993-03-31,800.0
ID210,1993-06-30,600.0
ID210,1993-09-30,500.0
ID210,1993-12-31,1300.0
ID210,1994-03-31,1100.0
ID210,1994-06-30,300.0
ID210,1994-09-30,300.0
ID210,1994-12-31,1600.0
ID210,1995-03-31,900.0
ID210,1995-06-30,600.0
ID210,1995-09-30,500.0
ID210,1995-12-31,2900.0
ID210,1996-03-31,1200.0
ID210,1996-06-30,600.0
ID210,1996-09-30,1100.0
ID210,1996-12-31,2500.0
ID210,1997-03-31,1200.0
ID210,1997-06-30,700.0
ID210,1997-09-30,800.0
ID210,1997-12-31,2500.0
ID210,1998-03-31,1100.0
ID210,1998-06-30,800.0
ID210,1998-09-30,1100.0
ID210,1998-12-31,2500.0
ID210,1999-03-31,1400.0
ID210,1999-06-30,1100.0
ID210,1999-09-30,600.0
ID210,1999-12-31,3400.0
ID210,2000-03-31,1600.0
ID210,2000-06-30,1300.0
ID210,2000-09-30,400.0
ID210,2000-12-31,2800.0
ID210,2001-03-31,1300.0
ID210,2001-06-30,1000.0
ID210,2001-09-30,900.0
ID210,2001-12-31,2700.0
ID210,2002-03-31,1300.0
ID210,2002-06-30,400.0
ID210,2002-09-30,700.0
ID210,2002-12-31,1600.0
ID210,2003-03-31,1500.0
ID210,2003-06-30,700.0
ID211,1991-03-31,300.0
ID211,1991-06-30,300.0
ID211,1991-09-30,400.0
ID211,1991-12-31,900.0
ID211,1992-03-31,500.0
ID211,1992-06-30,500.0
ID211,1992-09-30,700.0
ID211,1992-12-31,1000.0
ID211,1993-03-31,900.0
ID211,1993-06-30,600.0
ID211,1993-09-30,600.0
ID211,1993-12-31,900.0
ID211,1994-03-31,1100.0
ID211,1994-06-30,400.0
ID211,1994-09-30,600.0
ID211,1994-12-31,1400.0
ID211,1995-03-31,1000.0
ID211,1995-06-30,700.0
ID211,1995-09-30,600.0
ID211,1995-12-31,1600.0
ID211,1996-03-31,900.0
ID211,1996-06-30,400.0
ID211,1996-09-30,1000.0
ID211,1996-12-31,1400.0
ID211,1997-03-31,800.0
ID211,1997-06-30,900.0
ID211,1997-09-30,900.0
ID211,1997-12-31,1800.0
ID211,1998-03-31,1300.0
ID211,1998-06-30,400.0
ID211,1998-09-30,300.0
ID211,1998-12-31,1300.0
ID211,1999-03-31,1000.0
ID211,1999-06-30,400.0
ID211,1999-09-30,1200.0
ID211,1999-12-31,2100.0
ID211,2000-03-31,2100.0
ID211,2000-06-30,900.0
ID211,2000-09-30,600.0
ID211,2000-12-31,2800.0
ID211,2001-03-31,2300.0
ID211,2001-06-30,1100.0
ID211,2001-09-30,1500.0
ID211,2001-12-31,1500.0
ID211,2002-03-31,1200.0
ID211,2002-06-30,700.0
ID211,2002-09-30,800.0
ID211,2002-12-31,2700.0
ID211,2003-03-31,1700.0
ID211,2003-06-30,1100.0
ID212,1991-03-31,1400.0
ID212,1991-06-30,1600.0
ID212,1991-09-30,1900.0
ID212,1991-12-31,3200.0
ID212,1992-03-31,2000.0
ID212,1992-06-30,1900.0
ID212,1992-09-30,2400.0
ID212,1992-12-31,4200.0
ID212,1993-03-31,1500.0
ID212,1993-06-30,1300.0
ID212,1993-09-30,2300.0
ID212,1993-12-31,3700.0
ID212,1994-03-31,1800.0
ID212,1994-06-30,1300.0
ID212,1994-09-30,2000.0
ID212,1994-12-31,4600.0
ID212,1995-03-31,2000.0
ID212,1995-06-30,2800.0
ID212,1995-09-30,2100.0
ID212,1995-12-31,2800.0
ID212,1996-03-31,1800.0
ID212,1996-06-30,2300.0
ID212,1996-09-30,1700.0
ID212,1996-12-31,4700.0
ID212,1997-03-31,2100.0
ID212,1997-06-30,2700.0
ID212,1997-09-30,2600.0
ID212,1997-12-31,5500.0
ID212,1998-03-31,1700.0
ID212,1998-06-30,2600.0
ID212,1998-09-30,2400.0
ID212,1998-12-31,4700.0
ID212,1999-03-31,2600.0
ID212,1999-06-30,2500.0
ID212,1999-09-30,3300.0
ID212,1999-12-31,6000.0
ID212,2000-03-31,2700.0
ID212,2000-06-30,3000.0
ID212,2000-09-30,3100.0
ID212,2000-12-31,5000.0
ID212,2001-03-31,3000.0
ID212,2001-06-30,3500.0
ID212,2001-09-30,3200.0
ID212,2001-12-31,4400.0
ID212,2002-03-31,3500.0
ID212,2002-06-30,2200.0
ID212,2002-09-30,4800.0
ID212,2002-12-31,6800.0
ID212,2003-03-31,3700.0
ID212,2003-06-30,3700.0
ID213,1991-03-31,500.0
ID213,1991-06-30,300.0
ID213,1991-09-30,500.0
ID213,1991-12-31,500.0
ID213,1992-03-31,600.0
ID213,1992-06-30,400.0
ID213,1992-09-30,300.0
ID213,1992-12-31,1000.0
ID213,1993-03-31,400.0
ID213,1993-06-30,200.0
ID213,1993-09-30,700.0
ID213,1993-12-31,900.0
ID213,1994-03-31,1000.0
ID213,1994-06-30,600.0
ID213,1994-09-30,600.0
ID213,1994-12-31,1500.0
ID213,1995-03-31,1100.0
ID213,1995-06-30,1000.0
ID213,1995-09-30,1100.0
ID213,1995-12-31,2000.0
ID213,1996-03-31,1000.0
ID213,1996-06-30,1000.0
ID213,1996-09-30,1600.0
ID213,1996-12-31,2100.0
ID213,1997-03-31,1500.0
ID213,1997-06-30,1300.0
ID213,1997-09-30,1600.0
ID213,1997-12-31,1900.0
ID213,1998-03-31,2400.0
ID213,1998-06-30,1700.0
ID213,1998-09-30,2000.0
ID213,1998-12-31,2600.0
ID213,1999-03-31,1600.0
ID213,1999-06-30,1800.0
ID213,1999-09-30,2100.0
ID213,1999-12-31,3300.0
ID213,2000-03-31,1800.0
ID213,2000-06-30,2300.0
ID213,2000-09-30,2500.0
ID213,2000-12-31,3100.0
ID213,2001-03-31,2900.0
ID213,2001-06-30,1600.0
ID213,2001-09-30,2100.0
ID213,2001-12-31,2500.0
ID213,2002-03-31,2000.0
ID213,2002-06-30,1500.0
ID213,2002-09-30,1800.0
ID213,2002-12-31,3000.0
ID213,2003-03-31,2000.0
ID213,2003-06-30,1300.0
ID214,1991-03-31,7300.0
ID214,1991-06-30,5900.0
ID214,1991-09-30,7500.0
ID214,1991-12-31,14400.0
ID214,1992-03-31,8500.0
ID214,1992-06-30,5700.0
ID214,1992-09-30,6400.0
ID214,1992-12-31,16500.0
ID214,1993-03-31,8400.0
ID214,1993-06-30,5700.0
ID214,1993-09-30,7700.0
ID214,1993-12-31,18700.0
ID214,1994-03-31,12200.0
ID214,1994-06-30,6200.0
ID214,1994-09-30,7900.0
ID214,1994-12-31,20700.0
ID214,1995-03-31,12100.0
ID214,1995-06-30,9700.0
ID214,1995-09-30,10900.0
ID214,1995-12-31,26200.0
ID214,1996-03-31,14600.0
ID214,1996-06-30,9400.0
ID214,1996-09-30,11000.0
ID214,1996-12-31,26600.0
ID214,1997-03-31,15000.0
ID214,1997-06-30,10200.0
ID214,1997-09-30,12000.0
ID214,1997-12-31,28900.0
ID214,1998-03-31,15900.0
ID214,1998-06-30,11900.0
ID214,1998-09-30,12500.0
ID214,1998-12-31,27800.0
ID214,1999-03-31,17300.0
ID214,1999-06-30,12000.0
ID214,1999-09-30,13600.0
ID214,1999-12-31,31900.0
ID214,2000-03-31,19200.0
ID214,2000-06-30,13900.0
ID214,2000-09-30,13900.0
ID214,2000-12-31,33900.0
ID214,2001-03-31,23900.0
ID214,2001-06-30,13600.0
ID214,2001-09-30,14800.0
ID214,2001-12-31,29900.0
ID214,2002-03-31,20300.0
ID214,2002-06-30,11500.0
ID214,2002-09-30,15100.0
ID214,2002-12-31,33800.0
ID214,2003-03-31,21300.0
ID214,2003-06-30,14000.0
ID215,1991-03-31,800.0
ID215,1991-06-30,800.0
ID215,1991-09-30,1100.0
ID215,1991-12-31,900.0
ID215,1992-03-31,800.0
ID215,1992-06-30,700.0
ID215,1992-09-30,600.0
ID215,1992-12-31,1200.0
ID215,1993-03-31,1100.0
ID215,1993-06-30,400.0
ID215,1993-09-30,800.0
ID215,1993-12-31,1100.0
ID215,1994-03-31,800.0
ID215,1994-06-30,700.0
ID215,1994-09-30,900.0
ID215,1994-12-31,1800.0
ID215,1995-03-31,800.0
ID215,1995-06-30,600.0
ID215,1995-09-30,600.0
ID215,1995-12-31,1000.0
ID215,1996-03-31,1200.0
ID215,1996-06-30,500.0
ID215,1996-09-30,1200.0
ID215,1996-12-31,1800.0
ID215,1997-03-31,1200.0
ID215,1997-06-30,700.0
ID215,1997-09-30,1300.0
ID215,1997-12-31,2500.0
ID215,1998-03-31,1600.0
ID215,1998-06-30,800.0
ID215,1998-09-30,1300.0
ID215,1998-12-31,2800.0
ID215,1999-03-31,2800.0
ID215,1999-06-30,1100.0
ID215,1999-09-30,1700.0
ID215,1999-12-31,2100.0
ID215,2000-03-31,700.0
ID215,2000-06-30,900.0
ID215,2000-09-30,1100.0
ID215,2000-12-31,2500.0
ID215,2001-03-31,1900.0
ID215,2001-06-30,1000.0
ID215,2001-09-30,1000.0
ID215,2001-12-31,1800.0
ID215,2002-03-31,900.0
ID215,2002-06-30,1300.0
ID215,2002-09-30,1100.0
ID215,2002-12-31,1700.0
ID215,2003-03-31,1600.0
ID215,2003-06-30,1000.0
ID216,1991-03-31,500.0
ID216,1991-06-30,200.0
ID216,1991-09-30,500.0
ID216,1991-12-31,800.0
ID216,1992-03-31,300.0
ID216,1992-06-30,600.0
ID216,1992-09-30,300.0
ID216,1992-12-31,600.0
ID216,1993-03-31,400.0
ID216,1993-06-30,500.0
ID216,1993-09-30,300.0
ID216,1993-12-31,800.0
ID216,1994-03-31,400.0
ID216,1994-06-30,300.0
ID216,1994-09-30,600.0
ID216,1994-12-31,900.0
ID216,1995-03-31,700.0
ID216,1995-06-30,300.0
ID216,1995-09-30,600.0
ID216,1995-12-31,900.0
ID216,1996-03-31,600.0
ID216,1996-06-30,500.0
ID216,1996-09-30,1100.0
ID216,1996-12-31,1000.0
ID216,1997-03-31,1000.0
ID216,1997-06-30,600.0
ID216,1997-09-30,800.0
ID216,1997-12-31,1100.0
ID216,1998-03-31,1200.0
ID216,1998-06-30,600.0
ID216,1998-09-30,1100.0
ID216,1998-12-31,1800.0
ID216,1999-03-31,1000.0
ID216,1999-06-30,700.0
ID216,1999-09-30,1000.0
ID216,1999-12-31,1000.0
ID216,2000-03-31,1000.0
ID216,2000-06-30,1100.0
ID216,2000-09-30,900.0
ID216,2000-12-31,1300.0
ID216,2001-03-31,1500.0
ID216,2001-06-30,1500.0
ID216,2001-09-30,600.0
ID216,2001-12-31,1700.0
ID216,2002-03-31,1100.0
ID216,2002-06-30,800.0
ID216,2002-09-30,1200.0
ID216,2002-12-31,2300.0
ID216,2003-03-31,1800.0
ID216,2003-06-30,900.0
ID217,1991-03-31,4400.0
ID217,1991-06-30,8600.0
ID217,1991-09-30,9200.0
ID217,1991-12-31,6800.0
ID217,1992-03-31,4500.0
ID217,1992-06-30,11100.0
ID217,1992-09-30,9400.0
ID217,1992-12-31,7300.0
ID217,1993-03-31,3700.0
ID217,1993-06-30,9600.0
ID217,1993-09-30,10800.0
ID217,1993-12-31,7600.0
ID217,1994-03-31,6000.0
ID217,1994-06-30,11800.0
ID217,1994-09-30,13700.0
ID217,1994-12-31,8200.0
ID217,1995-03-31,6400.0
ID217,1995-06-30,10300.0
ID217,1995-09-30,15600.0
ID217,1995-12-31,8200.0
ID217,1996-03-31,7100.0
ID217,1996-06-30,13400.0
ID217,1996-09-30,14800.0
ID217,1996-12-31,8900.0
ID217,1997-03-31,9400.0
ID217,1997-06-30,14900.0
ID217,1997-09-30,16200.0
ID217,1997-12-31,10000.0
ID217,1998-03-31,9200.0
ID217,1998-06-30,13200.0
ID217,1998-09-30,15300.0
ID217,1998-12-31,10900.0
ID217,1999-03-31,12100.0
ID217,1999-06-30,15500.0
ID217,1999-09-30,16700.0
ID217,1999-12-31,11700.0
ID217,2000-03-31,15500.0
ID217,2000-06-30,18600.0
ID217,2000-09-30,20800.0
ID217,2000-12-31,18900.0
ID217,2001-03-31,16100.0
ID217,2001-06-30,22000.0
ID217,2001-09-30,19400.0
ID217,2001-12-31,13500.0
ID217,2002-03-31,13800.0
ID217,2002-06-30,17500.0
ID217,2002-09-30,21900.0
ID217,2002-12-31,15600.0
ID217,2003-03-31,15300.0
ID217,2003-06-30,17400.0
ID218,1991-03-31,1000.0
ID218,1991-06-30,600.0
ID218,1991-09-30,700.0
ID218,1991-12-31,2100.0
ID218,1992-03-31,1000.0
ID218,1992-06-30,800.0
ID218,1992-09-30,1000.0
ID218,1992-12-31,1600.0
ID218,1993-03-31,1000.0
ID218,1993-06-30,600.0
ID218,1993-09-30,700.0
ID218,1993-12-31,1900.0
ID218,1994-03-31,800.0
ID218,1994-06-30,600.0
ID218,1994-09-30,900.0
ID218,1994-12-31,2500.0
ID218,1995-03-31,1000.0
ID218,1995-06-30,600.0
ID218,1995-09-30,700.0
ID218,1995-12-31,3100.0
ID218,1996-03-31,1000.0
ID218,1996-06-30,1300.0
ID218,1996-09-30,700.0
ID218,1996-12-31,2100.0
ID218,1997-03-31,1000.0
ID218,1997-06-30,900.0
ID218,1997-09-30,900.0
ID218,1997-12-31,2400.0
ID218,1998-03-31,700.0
ID218,1998-06-30,1300.0
ID218,1998-09-30,800.0
ID218,1998-12-31,2100.0
ID218,1999-03-31,1300.0
ID218,1999-06-30,1400.0
ID218,1999-09-30,900.0
ID218,1999-12-31,1500.0
ID218,2000-03-31,2000.0
ID218,2000-06-30,900.0
ID218,2000-09-30,1100.0
ID218,2000-12-31,2600.0
ID218,2001-03-31,1600.0
ID218,2001-06-30,1200.0
ID218,2001-09-30,1200.0
ID218,2001-12-31,2100.0
ID218,2002-03-31,1200.0
ID218,2002-06-30,400.0
ID218,2002-09-30,1600.0
ID218,2002-12-31,2300.0
ID218,2003-03-31,2400.0
ID218,2003-06-30,1400.0
ID219,1991-03-31,300.0
ID219,1991-06-30,300.0
ID219,1991-09-30,500.0
ID219,1991-12-31,400.0
ID219,1992-03-31,400.0
ID219,1992-06-30,400.0
ID219,1992-09-30,500.0
ID219,1992-12-31,1000.0
ID219,1993-03-31,600.0
ID219,1993-06-30,400.0
ID219,1993-09-30,600.0
ID219,1993-12-31,700.0
ID219,1994-03-31,500.0
ID219,1994-06-30,400.0
ID219,1994-09-30,500.0
ID219,1994-12-31,900.0
ID219,1995-03-31,600.0
ID219,1995-06-30,400.0
ID219,1995-09-30,400.0
ID219,1995-12-31,1100.0
ID219,1996-03-31,600.0
ID219,1996-06-30,400.0
ID219,1996-09-30,600.0
ID219,1996-12-31,1200.0
ID219,1997-03-31,600.0
ID219,1997-06-30,800.0
ID219,1997-09-30,600.0
ID219,1997-12-31,1700.0
ID219,1998-03-31,700.0
ID219,1998-06-30,600.0
ID219,1998-09-30,1100.0
ID219,1998-12-31,700.0
ID219,1999-03-31,500.0
ID219,1999-06-30,600.0
ID219,1999-09-30,400.0
ID219,1999-12-31,1400.0
ID219,2000-03-31,1300.0
ID219,2000-06-30,700.0
ID219,2000-09-30,1300.0
ID219,2000-12-31,1400.0
ID219,2001-03-31,700.0
ID219,2001-06-30,1100.0
ID219,2001-09-30,1100.0
ID219,2001-12-31,1800.0
ID219,2002-03-31,700.0
ID219,2002-06-30,1000.0
ID219,2002-09-30,1100.0
ID219,2002-12-31,2200.0
ID219,2003-03-31,1100.0
ID219,2003-06-30,600.0
ID22,1976-03-31,357.0
ID22,1976-06-30,491.0
ID22,1976-09-30,513.0
ID22,1976-12-31,474.0
ID22,1977-03-31,407.0
ID22,1977-06-30,519.0
ID22,1977-09-30,533.0
ID22,1977-12-31,475.0
ID22,1978-03-31,430.0
ID22,1978-06-30,526.0
ID22,1978-09-30,562.0
ID22,1978-12-31,472.0
ID22,1979-03-31,391.0
ID22,1979-06-30,537.0
ID22,1979-09-30,550.0
ID22,1979-12-31,481.0
ID22,1980-03-31,421.0
ID22,1980-06-30,510.0
ID22,1980-09-30,522.0
ID22,1980-12-31,449.0
ID22,1981-03-31,392.0
ID22,1981-06-30,486.0
ID22,1981-09-30,501.0
ID22,1981-12-31,434.0
ID22,1982-03-31,395.0
ID22,1982-06-30,507.0
ID22,1982-09-30,510.0
ID22,1982-12-31,433.0
ID22,1983-03-31,376.0
ID22,1983-06-30,483.0
ID22,1983-09-30,500.0
ID22,1983-12-31,456.0
ID22,1984-03-31,404.0
ID22,1984-06-30,524.0
ID22,1984-09-30,558.0
ID22,1984-12-31,497.0
ID22,1985-03-31,446.0
ID22,1985-06-30,599.0
ID22,1985-09-30,623.0
ID22,1985-12-31,543.0
ID22,1986-03-31,487.0
ID22,1986-06-30,608.0
ID22,1986-09-30,629.0
ID22,1986-12-31,587.0
ID22,1987-03-31,513.0
ID22,1987-06-30,710.0
ID22,1987-09-30,748.0
ID22,1987-12-31,689.0
ID22,1988-03-31,616.0
ID22,1988-06-30,763.0
ID22,1988-09-30,786.0
ID22,1988-12-31,734.0
ID22,1989-03-31,663.0
ID22,1989-06-30,804.0
ID22,1989-09-30,815.0
ID22,1989-12-31,791.0
ID22,1990-03-31,706.0
ID22,1990-06-30,890.0
ID22,1990-09-30,883.0
ID22,1990-12-31,813.0
ID22,1991-03-31,616.0
ID22,1991-06-30,839.0
ID22,1991-09-30,867.0
ID22,1991-12-31,840.0
ID22,1992-03-31,754.0
ID22,1992-06-30,970.0
ID22,1992-09-30,962.0
ID22,1992-12-31,869.0
ID22,1993-03-31,781.0
ID22,1993-06-30,1007.0
ID22,1993-09-30,965.0
ID22,1993-12-31,963.0
ID22,1994-03-31,860.0
ID22,1994-06-30,1038.0
ID22,1994-09-30,1075.0
ID22,1994-12-31,1040.0
ID22,1995-03-31,950.0
ID22,1995-06-30,1099.0
ID22,1995-09-30,1129.0
ID22,1995-12-31,1109.0
ID22,1996-03-31,1013.0
ID22,1996-06-30,1277.0
ID22,1996-09-30,1316.0
ID22,1996-12-31,1335.0
ID22,1997-03-31,1202.0
ID22,1997-06-30,1490.0
ID22,1997-09-30,1521.0
ID22,1997-12-31,1560.0
ID22,1998-03-31,1462.0
ID22,1998-06-30,1666.0
ID22,1998-09-30,1710.0
ID22,1998-12-31,1644.0
ID22,1999-03-31,1551.0
ID22,1999-06-30,1741.0
ID22,1999-09-30,1785.0
ID22,1999-12-31,1707.0
ID22,2000-03-31,1644.0
ID22,2000-06-30,1826.0
ID22,2000-09-30,1862.0
ID22,2000-12-31,1770.0
ID22,2001-03-31,1701.0
ID22,2001-06-30,1822.0
ID22,2001-09-30,1929.0
ID22,2001-12-31,1790.0
ID22,2002-03-31,1788.0
ID22,2002-06-30,1991.0
ID220,1991-03-31,57000.0
ID220,1991-06-30,85600.0
ID220,1991-09-30,84700.0
ID220,1991-12-31,81500.0
ID220,1992-03-31,66700.0
ID220,1992-06-30,89500.0
ID220,1992-09-30,89100.0
ID220,1992-12-31,89300.0
ID220,1993-03-31,63800.0
ID220,1993-06-30,82100.0
ID220,1993-09-30,81400.0
ID220,1993-12-31,72900.0
ID220,1994-03-31,60300.0
ID220,1994-06-30,76700.0
ID220,1994-09-30,77700.0
ID220,1994-12-31,73700.0
ID220,1995-03-31,64500.0
ID220,1995-06-30,77900.0
ID220,1995-09-30,90200.0
ID220,1995-12-31,81400.0
ID220,1996-03-31,72300.0
ID220,1996-06-30,84400.0
ID220,1996-09-30,88900.0
ID220,1996-12-31,85500.0
ID220,1997-03-31,72900.0
ID220,1997-06-30,90800.0
ID220,1997-09-30,97100.0
ID220,1997-12-31,91200.0
ID220,1998-03-31,73000.0
ID220,1998-06-30,84900.0
ID220,1998-09-30,80000.0
ID220,1998-12-31,84700.0
ID220,1999-03-31,71200.0
ID220,1999-06-30,88000.0
ID220,1999-09-30,93600.0
ID220,1999-12-31,94300.0
ID220,2000-03-31,77800.0
ID220,2000-06-30,107900.0
ID220,2000-09-30,106900.0
ID220,2000-12-31,102500.0
ID220,2001-03-31,72600.0
ID220,2001-06-30,90700.0
ID220,2001-09-30,72500.0
ID220,2001-12-31,57600.0
ID220,2002-03-31,65000.0
ID220,2002-06-30,80600.0
ID220,2002-09-30,77900.0
ID220,2002-12-31,75400.0
ID220,2003-03-31,57600.0
ID220,2003-06-30,76500.0
ID221,1991-03-31,1100.0
ID221,1991-06-30,700.0
ID221,1991-09-30,700.0
ID221,1991-12-31,1900.0
ID221,1992-03-31,800.0
ID221,1992-06-30,1100.0
ID221,1992-09-30,1100.0
ID221,1992-12-31,2100.0
ID221,1993-03-31,800.0
ID221,1993-06-30,900.0
ID221,1993-09-30,500.0
ID221,1993-12-31,2800.0
ID221,1994-03-31,1300.0
ID221,1994-06-30,1400.0
ID221,1994-09-30,1300.0
ID221,1994-12-31,2700.0
ID221,1995-03-31,1500.0
ID221,1995-06-30,1200.0
ID221,1995-09-30,800.0
ID221,1995-12-31,3300.0
ID221,1996-03-31,1600.0
ID221,1996-06-30,1800.0
ID221,1996-09-30,1300.0
ID221,1996-12-31,3500.0
ID221,1997-03-31,2000.0
ID221,1997-06-30,1600.0
ID221,1997-09-30,1300.0
ID221,1997-12-31,3700.0
ID221,1998-03-31,2100.0
ID221,1998-06-30,1800.0
ID221,1998-09-30,1800.0
ID221,1998-12-31,3300.0
ID221,1999-03-31,3100.0
ID221,1999-06-30,2900.0
ID221,1999-09-30,3100.0
ID221,1999-12-31,4100.0
ID221,2000-03-31,2300.0
ID221,2000-06-30,3200.0
ID221,2000-09-30,3400.0
ID221,2000-12-31,5100.0
ID221,2001-03-31,2600.0
ID221,2001-06-30,2400.0
ID221,2001-09-30,2800.0
ID221,2001-12-31,4400.0
ID221,2002-03-31,2300.0
ID221,2002-06-30,2400.0
ID221,2002-09-30,2900.0
ID221,2002-12-31,4800.0
ID221,2003-03-31,3900.0
ID221,2003-06-30,4400.0
ID222,1991-03-31,65000.0
ID222,1991-06-30,96700.0
ID222,1991-09-30,97100.0
ID222,1991-12-31,94800.0
ID222,1992-03-31,74400.0
ID222,1992-06-30,104200.0
ID222,1992-09-30,101600.0
ID222,1992-12-31,103000.0
ID222,1993-03-31,71500.0
ID222,1993-06-30,94400.0
ID222,1993-09-30,95300.0
ID222,1993-12-31,87600.0
ID222,1994-03-31,70000.0
ID222,1994-06-30,91900.0
ID222,1994-09-30,95600.0
ID222,1994-12-31,90500.0
ID222,1995-03-31,75700.0
ID222,1995-06-30,91500.0
ID222,1995-09-30,109000.0
ID222,1995-12-31,99200.0
ID222,1996-03-31,84600.0
ID222,1996-06-30,102300.0
ID222,1996-09-30,108800.0
ID222,1996-12-31,104000.0
ID222,1997-03-31,88100.0
ID222,1997-06-30,110400.0
ID222,1997-09-30,118200.0
ID222,1997-12-31,112400.0
ID222,1998-03-31,88400.0
ID222,1998-06-30,103200.0
ID222,1998-09-30,101500.0
ID222,1998-12-31,106400.0
ID222,1999-03-31,91700.0
ID222,1999-06-30,110200.0
ID222,1999-09-30,117500.0
ID222,1999-12-31,116100.0
ID222,2000-03-31,100700.0
ID222,2000-06-30,133400.0
ID222,2000-09-30,135400.0
ID222,2000-12-31,134500.0
ID222,2001-03-31,97200.0
ID222,2001-06-30,120100.0
ID222,2001-09-30,98700.0
ID222,2001-12-31,82900.0
ID222,2002-03-31,85100.0
ID222,2002-06-30,104200.0
ID222,2002-09-30,107700.0
ID222,2002-12-31,104400.0
ID222,2003-03-31,83400.0
ID222,2003-06-30,102300.0
ID223,1991-03-31,300.0
ID223,1991-06-30,200.0
ID223,1991-09-30,200.0
ID223,1991-12-31,1300.0
ID223,1992-03-31,700.0
ID223,1992-06-30,900.0
ID223,1992-09-30,900.0
ID223,1992-12-31,1600.0
ID223,1993-03-31,800.0
ID223,1993-06-30,800.0
ID223,1993-09-30,1600.0
ID223,1993-12-31,1500.0
ID223,1994-03-31,600.0
ID223,1994-06-30,1100.0
ID223,1994-09-30,900.0
ID223,1994-12-31,1900.0
ID223,1995-03-31,700.0
ID223,1995-06-30,1200.0
ID223,1995-09-30,500.0
ID223,1995-12-31,2000.0
ID223,1996-03-31,900.0
ID223,1996-06-30,1100.0
ID223,1996-09-30,2300.0
ID223,1996-12-31,2300.0
ID223,1997-03-31,1600.0
ID223,1997-06-30,2900.0
ID223,1997-09-30,1700.0
ID223,1997-12-31,2200.0
ID223,1998-03-31,1000.0
ID223,1998-06-30,1800.0
ID223,1998-09-30,1700.0
ID223,1998-12-31,2100.0
ID223,1999-03-31,1200.0
ID223,1999-06-30,1000.0
ID223,1999-09-30,2300.0
ID223,1999-12-31,1800.0
ID223,2000-03-31,1400.0
ID223,2000-06-30,1800.0
ID223,2000-09-30,2200.0
ID223,2000-12-31,2700.0
ID223,2001-03-31,700.0
ID223,2001-06-30,800.0
ID223,2001-09-30,1400.0
ID223,2001-12-31,1900.0
ID223,2002-03-31,1100.0
ID223,2002-06-30,1300.0
ID223,2002-09-30,1200.0
ID223,2002-12-31,2400.0
ID223,2003-03-31,1300.0
ID223,2003-06-30,1700.0
ID224,1991-03-31,2000.0
ID224,1991-06-30,1800.0
ID224,1991-09-30,1800.0
ID224,1991-12-31,3600.0
ID224,1992-03-31,2000.0
ID224,1992-06-30,700.0
ID224,1992-09-30,800.0
ID224,1992-12-31,2800.0
ID224,1993-03-31,2400.0
ID224,1993-06-30,2600.0
ID224,1993-09-30,3400.0
ID224,1993-12-31,4500.0
ID224,1994-03-31,3700.0
ID224,1994-06-30,2600.0
ID224,1994-09-30,3400.0
ID224,1994-12-31,6000.0
ID224,1995-03-31,4400.0
ID224,1995-06-30,7100.0
ID224,1995-09-30,4700.0
ID224,1995-12-31,8000.0
ID224,1996-03-31,5200.0
ID224,1996-06-30,5100.0
ID224,1996-09-30,7300.0
ID224,1996-12-31,9000.0
ID224,1997-03-31,7100.0
ID224,1997-06-30,6500.0
ID224,1997-09-30,8100.0
ID224,1997-12-31,8300.0
ID224,1998-03-31,6900.0
ID224,1998-06-30,6400.0
ID224,1998-09-30,8200.0
ID224,1998-12-31,7700.0
ID224,1999-03-31,7400.0
ID224,1999-06-30,6200.0
ID224,1999-09-30,9700.0
ID224,1999-12-31,9100.0
ID224,2000-03-31,8800.0
ID224,2000-06-30,7800.0
ID224,2000-09-30,9400.0
ID224,2000-12-31,9000.0
ID224,2001-03-31,8100.0
ID224,2001-06-30,7200.0
ID224,2001-09-30,8300.0
ID224,2001-12-31,9200.0
ID224,2002-03-31,9000.0
ID224,2002-06-30,9300.0
ID224,2002-09-30,10500.0
ID224,2002-12-31,12600.0
ID224,2003-03-31,10700.0
ID224,2003-06-30,9600.0
ID225,1991-03-31,1400.0
ID225,1991-06-30,2200.0
ID225,1991-09-30,2900.0
ID225,1991-12-31,2300.0
ID225,1992-03-31,1500.0
ID225,1992-06-30,3800.0
ID225,1992-09-30,5000.0
ID225,1992-12-31,4000.0
ID225,1993-03-31,2500.0
ID225,1993-06-30,2700.0
ID225,1993-09-30,2900.0
ID225,1993-12-31,2900.0
ID225,1994-03-31,2300.0
ID225,1994-06-30,2400.0
ID225,1994-09-30,3200.0
ID225,1994-12-31,2100.0
ID225,1995-03-31,2200.0
ID225,1995-06-30,2200.0
ID225,1995-09-30,3000.0
ID225,1995-12-31,3800.0
ID225,1996-03-31,2200.0
ID225,1996-06-30,3200.0
ID225,1996-09-30,4900.0
ID225,1996-12-31,3600.0
ID225,1997-03-31,3700.0
ID225,1997-06-30,3400.0
ID225,1997-09-30,4100.0
ID225,1997-12-31,4000.0
ID225,1998-03-31,3100.0
ID225,1998-06-30,4000.0
ID225,1998-09-30,4800.0
ID225,1998-12-31,4100.0
ID225,1999-03-31,2800.0
ID225,1999-06-30,3200.0
ID225,1999-09-30,3900.0
ID225,1999-12-31,3900.0
ID225,2000-03-31,3600.0
ID225,2000-06-30,3700.0
ID225,2000-09-30,3800.0
ID225,2000-12-31,3700.0
ID225,2001-03-31,1900.0
ID225,2001-06-30,3900.0
ID225,2001-09-30,4400.0
ID225,2001-12-31,3500.0
ID225,2002-03-31,3600.0
ID225,2002-06-30,4100.0
ID225,2002-09-30,3500.0
ID225,2002-12-31,4000.0
ID225,2003-03-31,3400.0
ID225,2003-06-30,2700.0
ID226,1991-03-31,3700.0
ID226,1991-06-30,4100.0
ID226,1991-09-30,4900.0
ID226,1991-12-31,7100.0
ID226,1992-03-31,4200.0
ID226,1992-06-30,5500.0
ID226,1992-09-30,6700.0
ID226,1992-12-31,8400.0
ID226,1993-03-31,5700.0
ID226,1993-06-30,6200.0
ID226,1993-09-30,8000.0
ID226,1993-12-31,9100.0
ID226,1994-03-31,6500.0
ID226,1994-06-30,6200.0
ID226,1994-09-30,7500.0
ID226,1994-12-31,10100.0
ID226,1995-03-31,7400.0
ID226,1995-06-30,10500.0
ID226,1995-09-30,8300.0
ID226,1995-12-31,13700.0
ID226,1996-03-31,8300.0
ID226,1996-06-30,9400.0
ID226,1996-09-30,14400.0
ID226,1996-12-31,14900.0
ID226,1997-03-31,12400.0
ID226,1997-06-30,12900.0
ID226,1997-09-30,13800.0
ID226,1997-12-31,14400.0
ID226,1998-03-31,11100.0
ID226,1998-06-30,12300.0
ID226,1998-09-30,14700.0
ID226,1998-12-31,14000.0
ID226,1999-03-31,11400.0
ID226,1999-06-30,10400.0
ID226,1999-09-30,15900.0
ID226,1999-12-31,14900.0
ID226,2000-03-31,13900.0
ID226,2000-06-30,13200.0
ID226,2000-09-30,15400.0
ID226,2000-12-31,15600.0
ID226,2001-03-31,10900.0
ID226,2001-06-30,11900.0
ID226,2001-09-30,14000.0
ID226,2001-12-31,14600.0
ID226,2002-03-31,13800.0
ID226,2002-06-30,14800.0
ID226,2002-09-30,15300.0
ID226,2002-12-31,18800.0
ID226,2003-03-31,15400.0
ID226,2003-06-30,14000.0
ID227,1991-03-31,1700.0
ID227,1991-06-30,2200.0
ID227,1991-09-30,2700.0
ID227,1991-12-31,2500.0
ID227,1992-03-31,1800.0
ID227,1992-06-30,3300.0
ID227,1992-09-30,4000.0
ID227,1992-12-31,2500.0
ID227,1993-03-31,2300.0
ID227,1993-06-30,3700.0
ID227,1993-09-30,3400.0
ID227,1993-12-31,4700.0
ID227,1994-03-31,4100.0
ID227,1994-06-30,3900.0
ID227,1994-09-30,4300.0
ID227,1994-12-31,2900.0
ID227,1995-03-31,4100.0
ID227,1995-06-30,5000.0
ID227,1995-09-30,5900.0
ID227,1995-12-31,3800.0
ID227,1996-03-31,4000.0
ID227,1996-06-30,5300.0
ID227,1996-09-30,7000.0
ID227,1996-12-31,4000.0
ID227,1997-03-31,4400.0
ID227,1997-06-30,4500.0
ID227,1997-09-30,4600.0
ID227,1997-12-31,2400.0
ID227,1998-03-31,2200.0
ID227,1998-06-30,5600.0
ID227,1998-09-30,7700.0
ID227,1998-12-31,4200.0
ID227,1999-03-31,5500.0
ID227,1999-06-30,6800.0
ID227,1999-09-30,7400.0
ID227,1999-12-31,6300.0
ID227,2000-03-31,4800.0
ID227,2000-06-30,7500.0
ID227,2000-09-30,12100.0
ID227,2000-12-31,9900.0
ID227,2001-03-31,8900.0
ID227,2001-06-30,18600.0
ID227,2001-09-30,6200.0
ID227,2001-12-31,2500.0
ID227,2002-03-31,2000.0
ID227,2002-06-30,6100.0
ID227,2002-09-30,6300.0
ID227,2002-12-31,2800.0
ID227,2003-03-31,2100.0
ID227,2003-06-30,5000.0
ID228,1991-03-31,424500.0
ID228,1991-06-30,531800.0
ID228,1991-09-30,560000.0
ID228,1991-12-31,583000.0
ID228,1992-03-31,454200.0
ID228,1992-06-30,576200.0
ID228,1992-09-30,632700.0
ID228,1992-12-31,613100.0
ID228,1993-03-31,460300.0
ID228,1993-06-30,593400.0
ID228,1993-09-30,614700.0
ID228,1993-12-31,598700.0
ID228,1994-03-31,492200.0
ID228,1994-06-30,598400.0
ID228,1994-09-30,640500.0
ID228,1994-12-31,623400.0
ID228,1995-03-31,512600.0
ID228,1995-06-30,645700.0
ID228,1995-09-30,685700.0
ID228,1995-12-31,674600.0
ID228,1996-03-31,578900.0
ID228,1996-06-30,685100.0
ID228,1996-09-30,740700.0
ID228,1996-12-31,727300.0
ID228,1997-03-31,625000.0
ID228,1997-06-30,744200.0
ID228,1997-09-30,793500.0
ID228,1997-12-31,770100.0
ID228,1998-03-31,650800.0
ID228,1998-06-30,817600.0
ID228,1998-09-30,850200.0
ID228,1998-12-31,842600.0
ID228,1999-03-31,700100.0
ID228,1999-06-30,795900.0
ID228,1999-09-30,898400.0
ID228,1999-12-31,815600.0
ID228,2000-03-31,721800.0
ID228,2000-06-30,896400.0
ID228,2000-09-30,943500.0
ID228,2000-12-31,936500.0
ID228,2001-03-31,773800.0
ID228,2001-06-30,923500.0
ID228,2001-09-30,938200.0
ID228,2001-12-31,807100.0
ID228,2002-03-31,741600.0
ID228,2002-06-30,881000.0
ID228,2002-09-30,953700.0
ID228,2002-12-31,884600.0
ID228,2003-03-31,711000.0
ID228,2003-06-30,744000.0
ID229,1980-03-31,334.0
ID229,1980-06-30,228.0
ID229,1980-09-30,225.0
ID229,1980-12-31,442.0
ID229,1981-03-31,495.0
ID229,1981-06-30,516.0
ID229,1981-09-30,423.0
ID229,1981-12-31,355.0
ID229,1982-03-31,346.0
ID229,1982-06-30,138.0
ID229,1982-09-30,75.0
ID229,1982-12-31,169.0
ID229,1983-03-31,117.0
ID229,1983-06-30,81.0
ID229,1983-09-30,194.0
ID229,1983-12-31,179.0
ID229,1984-03-31,139.0
ID229,1984-06-30,164.0
ID229,1984-09-30,131.0
ID229,1984-12-31,329.0
ID229,1985-03-31,458.0
ID229,1985-06-30,311.0
ID229,1985-09-30,267.0
ID229,1985-12-31,500.0
ID229,1986-03-31,572.0
ID229,1986-06-30,423.0
ID229,1986-09-30,543.0
ID229,1986-12-31,631.0
ID229,1987-03-31,713.0
ID229,1987-06-30,593.0
ID229,1987-09-30,399.0
ID229,1987-12-31,697.0
ID229,1988-03-31,576.0
ID229,1988-06-30,395.0
ID229,1988-09-30,399.0
ID229,1988-12-31,686.0
ID229,1989-03-31,714.0
ID229,1989-06-30,296.0
ID229,1989-09-30,582.0
ID229,1989-12-31,717.0
ID229,1990-03-31,726.0
ID229,1990-06-30,359.0
ID229,1990-09-30,584.0
ID229,1990-12-31,758.0
ID229,1991-03-31,830.0
ID229,1991-06-30,481.0
ID229,1991-09-30,419.0
ID229,1991-12-31,886.0
ID229,1992-03-31,1157.0
ID229,1992-06-30,459.0
ID229,1992-09-30,553.0
ID229,1992-12-31,911.0
ID229,1993-03-31,1350.0
ID229,1993-06-30,670.0
ID229,1993-09-30,631.0
ID229,1993-12-31,1222.0
ID229,1994-03-31,1678.0
ID229,1994-06-30,812.0
ID229,1994-09-30,1335.0
ID229,1994-12-31,1443.0
ID229,1995-03-31,1989.0
ID229,1995-06-30,709.0
ID229,1995-09-30,772.0
ID229,1995-12-31,1167.0
ID229,1996-03-31,1873.0
ID229,1996-06-30,800.0
ID229,1996-09-30,951.0
ID229,1996-12-31,1748.0
ID229,1997-03-31,2163.0
ID229,1997-06-30,1244.0
ID229,1997-09-30,905.0
ID229,1997-12-31,1304.0
ID229,1998-03-31,2360.0
ID229,1998-06-30,879.0
ID229,1998-09-30,1543.0
ID229,1998-12-31,1774.0
ID229,1999-03-31,3385.0
ID229,1999-06-30,1775.0
ID229,1999-09-30,1511.0
ID229,1999-12-31,2085.0
ID229,2000-03-31,3875.0
ID229,2000-06-30,1485.0
ID229,2000-09-30,1785.0
ID229,2000-12-31,2434.0
ID229,2001-03-31,3686.0
ID229,2001-06-30,1291.0
ID229,2001-09-30,1480.0
ID229,2001-12-31,1405.0
ID229,2002-03-31,1567.0
ID229,2002-06-30,1008.0
ID229,2002-09-30,743.0
ID229,2002-12-31,1038.0
ID229,2003-03-31,1060.0
ID229,2003-06-30,596.0
ID23,1976-03-31,245.0
ID23,1976-06-30,308.0
ID23,1976-09-30,350.0
ID23,1976-12-31,278.0
ID23,1977-03-31,292.0
ID23,1977-06-30,351.0
ID23,1977-09-30,362.0
ID23,1977-12-31,285.0
ID23,1978-03-31,311.0
ID23,1978-06-30,347.0
ID23,1978-09-30,401.0
ID23,1978-12-31,312.0
ID23,1979-03-31,311.0
ID23,1979-06-30,376.0
ID23,1979-09-30,412.0
ID23,1979-12-31,315.0
ID23,1980-03-31,341.0
ID23,1980-06-30,378.0
ID23,1980-09-30,420.0
ID23,1980-12-31,304.0
ID23,1981-03-31,363.0
ID23,1981-06-30,376.0
ID23,1981-09-30,411.0
ID23,1981-12-31,319.0
ID23,1982-03-31,455.0
ID23,1982-06-30,381.0
ID23,1982-09-30,420.0
ID23,1982-12-31,320.0
ID23,1983-03-31,493.0
ID23,1983-06-30,409.0
ID23,1983-09-30,461.0
ID23,1983-12-31,366.0
ID23,1984-03-31,523.0
ID23,1984-06-30,463.0
ID23,1984-09-30,496.0
ID23,1984-12-31,390.0
ID23,1985-03-31,583.0
ID23,1985-06-30,493.0
ID23,1985-09-30,526.0
ID23,1985-12-31,407.0
ID23,1986-03-31,638.0
ID23,1986-06-30,486.0
ID23,1986-09-30,546.0
ID23,1986-12-31,442.0
ID23,1987-03-31,677.0
ID23,1987-06-30,575.0
ID23,1987-09-30,581.0
ID23,1987-12-31,492.0
ID23,1988-03-31,762.0
ID23,1988-06-30,592.0
ID23,1988-09-30,615.0
ID23,1988-12-31,522.0
ID23,1989-03-31,830.0
ID23,1989-06-30,618.0
ID23,1989-09-30,653.0
ID23,1989-12-31,554.0
ID23,1990-03-31,823.0
ID23,1990-06-30,665.0
ID23,1990-09-30,702.0
ID23,1990-12-31,548.0
ID23,1991-03-31,741.0
ID23,1991-06-30,597.0
ID23,1991-09-30,660.0
ID23,1991-12-31,543.0
ID23,1992-03-31,776.0
ID23,1992-06-30,638.0
ID23,1992-09-30,667.0
ID23,1992-12-31,529.0
ID23,1993-03-31,766.0
ID23,1993-06-30,637.0
ID23,1993-09-30,691.0
ID23,1993-12-31,538.0
ID23,1994-03-31,744.0
ID23,1994-06-30,629.0
ID23,1994-09-30,690.0
ID23,1994-12-31,584.0
ID23,1995-03-31,734.0
ID23,1995-06-30,662.0
ID23,1995-09-30,695.0
ID23,1995-12-31,627.0
ID23,1996-03-31,745.0
ID23,1996-06-30,699.0
ID23,1996-09-30,765.0
ID23,1996-12-31,662.0
ID23,1997-03-31,799.0
ID23,1997-06-30,749.0
ID23,1997-09-30,839.0
ID23,1997-12-31,714.0
ID23,1998-03-31,856.0
ID23,1998-06-30,787.0
ID23,1998-09-30,862.0
ID23,1998-12-31,730.0
ID23,1999-03-31,1008.0
ID23,1999-06-30,862.0
ID23,1999-09-30,937.0
ID23,1999-12-31,826.0
ID23,2000-03-31,1106.0
ID23,2000-06-30,933.0
ID23,2000-09-30,1003.0
ID23,2000-12-31,885.0
ID23,2001-03-31,1180.0
ID23,2001-06-30,884.0
ID23,2001-09-30,949.0
ID23,2001-12-31,779.0
ID23,2002-03-31,1200.0
ID23,2002-06-30,902.0
ID230,1980-03-31,186.0
ID230,1980-06-30,231.0
ID230,1980-09-30,288.0
ID230,1980-12-31,334.0
ID230,1981-03-31,269.0
ID230,1981-06-30,239.0
ID230,1981-09-30,288.0
ID230,1981-12-31,344.0
ID230,1982-03-31,270.0
ID230,1982-06-30,300.0
ID230,1982-09-30,213.0
ID230,1982-12-31,229.0
ID230,1983-03-31,301.0
ID230,1983-06-30,148.0
ID230,1983-09-30,222.0
ID230,1983-12-31,278.0
ID230,1984-03-31,225.0
ID230,1984-06-30,195.0
ID230,1984-09-30,209.0
ID230,1984-12-31,229.0
ID230,1985-03-31,335.0
ID230,1985-06-30,326.0
ID230,1985-09-30,244.0
ID230,1985-12-31,290.0
ID230,1986-03-31,224.0
ID230,1986-06-30,409.0
ID230,1986-09-30,447.0
ID230,1986-12-31,409.0
ID230,1987-03-31,396.0
ID230,1987-06-30,371.0
ID230,1987-09-30,514.0
ID230,1987-12-31,805.0
ID230,1988-03-31,640.0
ID230,1988-06-30,702.0
ID230,1988-09-30,619.0
ID230,1988-12-31,678.0
ID230,1989-03-31,640.0
ID230,1989-06-30,631.0
ID230,1989-09-30,550.0
ID230,1989-12-31,694.0
ID230,1990-03-31,767.0
ID230,1990-06-30,563.0
ID230,1990-09-30,614.0
ID230,1990-12-31,969.0
ID230,1991-03-31,791.0
ID230,1991-06-30,451.0
ID230,1991-09-30,529.0
ID230,1991-12-31,716.0
ID230,1992-03-31,708.0
ID230,1992-06-30,409.0
ID230,1992-09-30,686.0
ID230,1992-12-31,692.0
ID230,1993-03-31,720.0
ID230,1993-06-30,602.0
ID230,1993-09-30,678.0
ID230,1993-12-31,690.0
ID230,1994-03-31,976.0
ID230,1994-06-30,682.0
ID230,1994-09-30,915.0
ID230,1994-12-31,1330.0
ID230,1995-03-31,1242.0
ID230,1995-06-30,814.0
ID230,1995-09-30,1060.0
ID230,1995-12-31,1578.0
ID230,1996-03-31,1796.0
ID230,1996-06-30,1365.0
ID230,1996-09-30,1577.0
ID230,1996-12-31,2321.0
ID230,1997-03-31,2454.0
ID230,1997-06-30,1674.0
ID230,1997-09-30,1862.0
ID230,1997-12-31,2350.0
ID230,1998-03-31,2825.0
ID230,1998-06-30,1305.0
ID230,1998-09-30,2020.0
ID230,1998-12-31,2485.0
ID230,1999-03-31,2662.0
ID230,1999-06-30,1345.0
ID230,1999-09-30,1910.0
ID230,1999-12-31,2645.0
ID230,2000-03-31,2968.0
ID230,2000-06-30,2280.0
ID230,2000-09-30,4390.0
ID230,2000-12-31,3740.0
ID230,2001-03-31,3941.0
ID230,2001-06-30,2582.0
ID230,2001-09-30,2576.0
ID230,2001-12-31,2519.0
ID230,2002-03-31,2790.0
ID230,2002-06-30,2511.0
ID230,2002-09-30,2509.0
ID230,2002-12-31,2443.0
ID230,2003-03-31,2192.0
ID230,2003-06-30,1515.0
ID231,1980-03-31,159.0
ID231,1980-06-30,163.0
ID231,1980-09-30,139.0
ID231,1980-12-31,379.0
ID231,1981-03-31,177.0
ID231,1981-06-30,169.0
ID231,1981-09-30,118.0
ID231,1981-12-31,382.0
ID231,1982-03-31,224.0
ID231,1982-06-30,164.0
ID231,1982-09-30,173.0
ID231,1982-12-31,242.0
ID231,1983-03-31,88.0
ID231,1983-06-30,154.0
ID231,1983-09-30,152.0
ID231,1983-12-31,310.0
ID231,1984-03-31,165.0
ID231,1984-06-30,120.0
ID231,1984-09-30,140.0
ID231,1984-12-31,340.0
ID231,1985-03-31,170.0
ID231,1985-06-30,173.0
ID231,1985-09-30,175.0
ID231,1985-12-31,297.0
ID231,1986-03-31,157.0
ID231,1986-06-30,130.0
ID231,1986-09-30,191.0
ID231,1986-12-31,335.0
ID231,1987-03-31,248.0
ID231,1987-06-30,161.0
ID231,1987-09-30,230.0
ID231,1987-12-31,377.0
ID231,1988-03-31,322.0
ID231,1988-06-30,252.0
ID231,1988-09-30,287.0
ID231,1988-12-31,531.0
ID231,1989-03-31,417.0
ID231,1989-06-30,253.0
ID231,1989-09-30,407.0
ID231,1989-12-31,601.0
ID231,1990-03-31,369.0
ID231,1990-06-30,260.0
ID231,1990-09-30,377.0
ID231,1990-12-31,564.0
ID231,1991-03-31,290.0
ID231,1991-06-30,231.0
ID231,1991-09-30,255.0
ID231,1991-12-31,542.0
ID231,1992-03-31,373.0
ID231,1992-06-30,217.0
ID231,1992-09-30,238.0
ID231,1992-12-31,581.0
ID231,1993-03-31,397.0
ID231,1993-06-30,280.0
ID231,1993-09-30,292.0
ID231,1993-12-31,592.0
ID231,1994-03-31,529.0
ID231,1994-06-30,267.0
ID231,1994-09-30,428.0
ID231,1994-12-31,785.0
ID231,1995-03-31,536.0
ID231,1995-06-30,389.0
ID231,1995-09-30,458.0
ID231,1995-12-31,868.0
ID231,1996-03-31,627.0
ID231,1996-06-30,409.0
ID231,1996-09-30,505.0
ID231,1996-12-31,883.0
ID231,1997-03-31,749.0
ID231,1997-06-30,478.0
ID231,1997-09-30,462.0
ID231,1997-12-31,820.0
ID231,1998-03-31,989.0
ID231,1998-06-30,416.0
ID231,1998-09-30,764.0
ID231,1998-12-31,758.0
ID231,1999-03-31,936.0
ID231,1999-06-30,506.0
ID231,1999-09-30,583.0
ID231,1999-12-31,817.0
ID231,2000-03-31,808.0
ID231,2000-06-30,598.0
ID231,2000-09-30,911.0
ID231,2000-12-31,901.0
ID231,2001-03-31,1161.0
ID231,2001-06-30,654.0
ID231,2001-09-30,838.0
ID231,2001-12-31,1131.0
ID231,2002-03-31,1091.0
ID231,2002-06-30,500.0
ID231,2002-09-30,562.0
ID231,2002-12-31,862.0
ID231,2003-03-31,960.0
ID231,2003-06-30,540.0
ID232,1980-03-31,44.0
ID232,1980-06-30,56.0
ID232,1980-09-30,33.0
ID232,1980-12-31,171.0
ID232,1981-03-31,40.0
ID232,1981-06-30,45.0
ID232,1981-09-30,80.0
ID232,1981-12-31,165.0
ID232,1982-03-31,54.0
ID232,1982-06-30,63.0
ID232,1982-09-30,47.0
ID232,1982-12-31,168.0
ID232,1983-03-31,68.0
ID232,1983-06-30,59.0
ID232,1983-09-30,37.0
ID232,1983-12-31,148.0
ID232,1984-03-31,28.0
ID232,1984-06-30,20.0
ID232,1984-09-30,43.0
ID232,1984-12-31,133.0
ID232,1985-03-31,55.0
ID232,1985-06-30,44.0
ID232,1985-09-30,48.0
ID232,1985-12-31,140.0
ID232,1986-03-31,72.0
ID232,1986-06-30,44.0
ID232,1986-09-30,92.0
ID232,1986-12-31,186.0
ID232,1987-03-31,67.0
ID232,1987-06-30,48.0
ID232,1987-09-30,93.0
ID232,1987-12-31,187.0
ID232,1988-03-31,144.0
ID232,1988-06-30,99.0
ID232,1988-09-30,120.0
ID232,1988-12-31,214.0
ID232,1989-03-31,141.0
ID232,1989-06-30,112.0
ID232,1989-09-30,57.0
ID232,1989-12-31,226.0
ID232,1990-03-31,186.0
ID232,1990-06-30,42.0
ID232,1990-09-30,72.0
ID232,1990-12-31,186.0
ID232,1991-03-31,89.0
ID232,1991-06-30,60.0
ID232,1991-09-30,76.0
ID232,1991-12-31,139.0
ID232,1992-03-31,124.0
ID232,1992-06-30,70.0
ID232,1992-09-30,86.0
ID232,1992-12-31,185.0
ID232,1993-03-31,116.0
ID232,1993-06-30,61.0
ID232,1993-09-30,43.0
ID232,1993-12-31,200.0
ID232,1994-03-31,218.0
ID232,1994-06-30,105.0
ID232,1994-09-30,155.0
ID232,1994-12-31,323.0
ID232,1995-03-31,136.0
ID232,1995-06-30,119.0
ID232,1995-09-30,132.0
ID232,1995-12-31,315.0
ID232,1996-03-31,204.0
ID232,1996-06-30,154.0
ID232,1996-09-30,205.0
ID232,1996-12-31,310.0
ID232,1997-03-31,188.0
ID232,1997-06-30,165.0
ID232,1997-09-30,188.0
ID232,1997-12-31,287.0
ID232,1998-03-31,251.0
ID232,1998-06-30,162.0
ID232,1998-09-30,161.0
ID232,1998-12-31,352.0
ID232,1999-03-31,196.0
ID232,1999-06-30,194.0
ID232,1999-09-30,236.0
ID232,1999-12-31,428.0
ID232,2000-03-31,237.0
ID232,2000-06-30,159.0
ID232,2000-09-30,271.0
ID232,2000-12-31,328.0
ID232,2001-03-31,189.0
ID232,2001-06-30,226.0
ID232,2001-09-30,140.0
ID232,2001-12-31,411.0
ID232,2002-03-31,260.0
ID232,2002-06-30,194.0
ID232,2002-09-30,96.0
ID232,2002-12-31,226.0
ID232,2003-03-31,219.0
ID232,2003-06-30,77.0
ID233,1980-03-31,211.0
ID233,1980-06-30,228.0
ID233,1980-09-30,260.0
ID233,1980-12-31,224.0
ID233,1981-03-31,128.0
ID233,1981-06-30,265.0
ID233,1981-09-30,308.0
ID233,1981-12-31,342.0
ID233,1982-03-31,177.0
ID233,1982-06-30,116.0
ID233,1982-09-30,154.0
ID233,1982-12-31,137.0
ID233,1983-03-31,65.0
ID233,1983-06-30,94.0
ID233,1983-09-30,150.0
ID233,1983-12-31,182.0
ID233,1984-03-31,128.0
ID233,1984-06-30,156.0
ID233,1984-09-30,198.0
ID233,1984-12-31,232.0
ID233,1985-03-31,162.0
ID233,1985-06-30,230.0
ID233,1985-09-30,235.0
ID233,1985-12-31,177.0
ID233,1986-03-31,205.0
ID233,1986-06-30,293.0
ID233,1986-09-30,300.0
ID233,1986-12-31,352.0
ID233,1987-03-31,307.0
ID233,1987-06-30,233.0
ID233,1987-09-30,295.0
ID233,1987-12-31,482.0
ID233,1988-03-31,225.0
ID233,1988-06-30,195.0
ID233,1988-09-30,290.0
ID233,1988-12-31,478.0
ID233,1989-03-31,240.0
ID233,1989-06-30,252.0
ID233,1989-09-30,298.0
ID233,1989-12-31,434.0
ID233,1990-03-31,394.0
ID233,1990-06-30,485.0
ID233,1990-09-30,335.0
ID233,1990-12-31,485.0
ID233,1991-03-31,359.0
ID233,1991-06-30,286.0
ID233,1991-09-30,423.0
ID233,1991-12-31,505.0
ID233,1992-03-31,521.0
ID233,1992-06-30,424.0
ID233,1992-09-30,482.0
ID233,1992-12-31,508.0
ID233,1993-03-31,455.0
ID233,1993-06-30,525.0
ID233,1993-09-30,527.0
ID233,1993-12-31,554.0
ID233,1994-03-31,511.0
ID233,1994-06-30,667.0
ID233,1994-09-30,503.0
ID233,1994-12-31,752.0
ID233,1995-03-31,375.0
ID233,1995-06-30,331.0
ID233,1995-09-30,553.0
ID233,1995-12-31,608.0
ID233,1996-03-31,426.0
ID233,1996-06-30,531.0
ID233,1996-09-30,538.0
ID233,1996-12-31,745.0
ID233,1997-03-31,560.0
ID233,1997-06-30,580.0
ID233,1997-09-30,682.0
ID233,1997-12-31,730.0
ID233,1998-03-31,711.0
ID233,1998-06-30,626.0
ID233,1998-09-30,610.0
ID233,1998-12-31,889.0
ID233,1999-03-31,720.0
ID233,1999-06-30,746.0
ID233,1999-09-30,953.0
ID233,1999-12-31,1310.0
ID233,2000-03-31,1021.0
ID233,2000-06-30,1028.0
ID233,2000-09-30,2370.0
ID233,2000-12-31,1786.0
ID233,2001-03-31,1021.0
ID233,2001-06-30,1175.0
ID233,2001-09-30,1115.0
ID233,2001-12-31,1358.0
ID233,2002-03-31,1227.0
ID233,2002-06-30,1347.0
ID233,2002-09-30,1365.0
ID233,2002-12-31,1468.0
ID233,2003-03-31,1105.0
ID233,2003-06-30,1101.0
ID234,1980-03-31,934.0
ID234,1980-06-30,906.0
ID234,1980-09-30,945.0
ID234,1980-12-31,1550.0
ID234,1981-03-31,1109.0
ID234,1981-06-30,1234.0
ID234,1981-09-30,1217.0
ID234,1981-12-31,1588.0
ID234,1982-03-31,1071.0
ID234,1982-06-30,781.0
ID234,1982-09-30,662.0
ID234,1982-12-31,945.0
ID234,1983-03-31,639.0
ID234,1983-06-30,536.0
ID234,1983-09-30,755.0
ID234,1983-12-31,1097.0
ID234,1984-03-31,685.0
ID234,1984-06-30,655.0
ID234,1984-09-30,721.0
ID234,1984-12-31,1263.0
ID234,1985-03-31,1180.0
ID234,1985-06-30,1084.0
ID234,1985-09-30,969.0
ID234,1985-12-31,1404.0
ID234,1986-03-31,1230.0
ID234,1986-06-30,1299.0
ID234,1986-09-30,1573.0
ID234,1986-12-31,1913.0
ID234,1987-03-31,1731.0
ID234,1987-06-30,1406.0
ID234,1987-09-30,1531.0
ID234,1987-12-31,2548.0
ID234,1988-03-31,1907.0
ID234,1988-06-30,1643.0
ID234,1988-09-30,1715.0
ID234,1988-12-31,2587.0
ID234,1989-03-31,2152.0
ID234,1989-06-30,1544.0
ID234,1989-09-30,1894.0
ID234,1989-12-31,2672.0
ID234,1990-03-31,2442.0
ID234,1990-06-30,1709.0
ID234,1990-09-30,1982.0
ID234,1990-12-31,2962.0
ID234,1991-03-31,2359.0
ID234,1991-06-30,1509.0
ID234,1991-09-30,1702.0
ID234,1991-12-31,2788.0
ID234,1992-03-31,2883.0
ID234,1992-06-30,1579.0
ID234,1992-09-30,2045.0
ID234,1992-12-31,2877.0
ID234,1993-03-31,3038.0
ID234,1993-06-30,2138.0
ID234,1993-09-30,2171.0
ID234,1993-12-31,3258.0
ID234,1994-03-31,3912.0
ID234,1994-06-30,2533.0
ID234,1994-09-30,3336.0
ID234,1994-12-31,4633.0
ID234,1995-03-31,4278.0
ID234,1995-06-30,2362.0
ID234,1995-09-30,2975.0
ID234,1995-12-31,4536.0
ID234,1996-03-31,4926.0
ID234,1996-06-30,3259.0
ID234,1996-09-30,3776.0
ID234,1996-12-31,6007.0
ID234,1997-03-31,6114.0
ID234,1997-06-30,4141.0
ID234,1997-09-30,4099.0
ID234,1997-12-31,5491.0
ID234,1998-03-31,7136.0
ID234,1998-06-30,3388.0
ID234,1998-09-30,5098.0
ID234,1998-12-31,6258.0
ID234,1999-03-31,7899.0
ID234,1999-06-30,4566.0
ID234,1999-09-30,5193.0
ID234,1999-12-31,7285.0
ID234,2000-03-31,8909.0
ID234,2000-06-30,5550.0
ID234,2000-09-30,9727.0
ID234,2000-12-31,9189.0
ID234,2001-03-31,9998.0
ID234,2001-06-30,5928.0
ID234,2001-09-30,6149.0
ID234,2001-12-31,6824.0
ID234,2002-03-31,6935.0
ID234,2002-06-30,5560.0
ID234,2002-09-30,5275.0
ID234,2002-12-31,6037.0
ID234,2003-03-31,5536.0
ID234,2003-06-30,3829.0
ID235,1980-03-31,36728.0
ID235,1980-06-30,21784.0
ID235,1980-09-30,23633.0
ID235,1980-12-31,35238.0
ID235,1981-03-31,34025.0
ID235,1981-06-30,20590.0
ID235,1981-09-30,23756.0
ID235,1981-12-31,33336.0
ID235,1982-03-31,31660.0
ID235,1982-06-30,19684.0
ID235,1982-09-30,26106.0
ID235,1982-12-31,32532.0
ID235,1983-03-31,33228.0
ID235,1983-06-30,20965.0
ID235,1983-09-30,29004.0
ID235,1983-12-31,34762.0
ID235,1984-03-31,31998.0
ID235,1984-06-30,25821.0
ID235,1984-09-30,32224.0
ID235,1984-12-31,41041.0
ID235,1985-03-31,42915.0
ID235,1985-06-30,34336.0
ID235,1985-09-30,39016.0
ID235,1985-12-31,42662.0
ID235,1986-03-31,37040.0
ID235,1986-06-30,25997.0
ID235,1986-09-30,31291.0
ID235,1986-12-31,34530.0
ID235,1987-03-31,31872.0
ID235,1987-06-30,22187.0
ID235,1987-09-30,31336.0
ID235,1987-12-31,34074.0
ID235,1988-03-31,25336.0
ID235,1988-06-30,13715.0
ID235,1988-09-30,22496.0
ID235,1988-12-31,23617.0
ID235,1989-03-31,24318.0
ID235,1989-06-30,17370.0
ID235,1989-09-30,31180.0
ID235,1989-12-31,32278.0
ID235,1990-03-31,32500.0
ID235,1990-06-30,21897.0
ID235,1990-09-30,32961.0
ID235,1990-12-31,33572.0
ID235,1991-03-31,34378.0
ID235,1991-06-30,19233.0
ID235,1991-09-30,31813.0
ID235,1991-12-31,32655.0
ID235,1992-03-31,34047.0
ID235,1992-06-30,23420.0
ID235,1992-09-30,39026.0
ID235,1992-12-31,33767.0
ID235,1993-03-31,34344.0
ID235,1993-06-30,24253.0
ID235,1993-09-30,38258.0
ID235,1993-12-31,34124.0
ID235,1994-03-31,40232.0
ID235,1994-06-30,23672.0
ID235,1994-09-30,40191.0
ID235,1994-12-31,36168.0
ID235,1995-03-31,39301.0
ID235,1995-06-30,24402.0
ID235,1995-09-30,38949.0
ID235,1995-12-31,36346.0
ID235,1996-03-31,40761.0
ID235,1996-06-30,27491.0
ID235,1996-09-30,38688.0
ID235,1996-12-31,40535.0
ID235,1997-03-31,41614.0
ID235,1997-06-30,24294.0
ID235,1997-09-30,39560.0
ID235,1997-12-31,35524.0
ID235,1998-03-31,42680.0
ID235,1998-06-30,32317.0
ID235,1998-09-30,50868.0
ID235,1998-12-31,48920.0
ID235,1999-03-31,45380.0
ID235,1999-06-30,31246.0
ID235,1999-09-30,50895.0
ID235,1999-12-31,51104.0
ID235,2000-03-31,53041.0
ID235,2000-06-30,36654.0
ID235,2000-09-30,58978.0
ID235,2000-12-31,59756.0
ID235,2001-03-31,65185.0
ID235,2001-06-30,44212.0
ID235,2001-09-30,73821.0
ID235,2001-12-31,58912.0
ID235,2002-03-31,65703.0
ID235,2002-06-30,42173.0
ID235,2002-09-30,70140.0
ID235,2002-12-31,64920.0
ID235,2003-03-31,70485.0
ID235,2003-06-30,49234.0
ID235,2003-09-30,73988.0
ID236,1980-03-31,12580.0
ID236,1980-06-30,11041.0
ID236,1980-09-30,9787.0
ID236,1980-12-31,20618.0
ID236,1981-03-31,12552.0
ID236,1981-06-30,12400.0
ID236,1981-09-30,9272.0
ID236,1981-12-31,21442.0
ID236,1982-03-31,14028.0
ID236,1982-06-30,12209.0
ID236,1982-09-30,10099.0
ID236,1982-12-31,22819.0
ID236,1983-03-31,14174.0
ID236,1983-06-30,11716.0
ID236,1983-09-30,10918.0
ID236,1983-12-31,23624.0
ID236,1984-03-31,14305.0
ID236,1984-06-30,15537.0
ID236,1984-09-30,11976.0
ID236,1984-12-31,25100.0
ID236,1985-03-31,16440.0
ID236,1985-06-30,16905.0
ID236,1985-09-30,13112.0
ID236,1985-12-31,27127.0
ID236,1986-03-31,17953.0
ID236,1986-06-30,16693.0
ID236,1986-09-30,14115.0
ID236,1986-12-31,29263.0
ID236,1987-03-31,18768.0
ID236,1987-06-30,18761.0
ID236,1987-09-30,17688.0
ID236,1987-12-31,35566.0
ID236,1988-03-31,23271.0
ID236,1988-06-30,17358.0
ID236,1988-09-30,19421.0
ID236,1988-12-31,35629.0
ID236,1989-03-31,24775.0
ID236,1989-06-30,22122.0
ID236,1989-09-30,22002.0
ID236,1989-12-31,40459.0
ID236,1990-03-31,28562.0
ID236,1990-06-30,25020.0
ID236,1990-09-30,23221.0
ID236,1990-12-31,42817.0
ID236,1991-03-31,30666.0
ID236,1991-06-30,23156.0
ID236,1991-09-30,27040.0
ID236,1991-12-31,43512.0
ID236,1992-03-31,32651.0
ID236,1992-06-30,29300.0
ID236,1992-09-30,28281.0
ID236,1992-12-31,44172.0
ID236,1993-03-31,29940.0
ID236,1993-06-30,28266.0
ID236,1993-09-30,23347.0
ID236,1993-12-31,44935.0
ID236,1994-03-31,34193.0
ID236,1994-06-30,26318.0
ID236,1994-09-30,25832.0
ID236,1994-12-31,44941.0
ID236,1995-03-31,34247.0
ID236,1995-06-30,29618.0
ID236,1995-09-30,26938.0
ID236,1995-12-31,48546.0
ID236,1996-03-31,39107.0
ID236,1996-06-30,33354.0
ID236,1996-09-30,28496.0
ID236,1996-12-31,54763.0
ID236,1997-03-31,41042.0
ID236,1997-06-30,29006.0
ID236,1997-09-30,30001.0
ID236,1997-12-31,52403.0
ID236,1998-03-31,42794.0
ID236,1998-06-30,38004.0
ID236,1998-09-30,34152.0
ID236,1998-12-31,59699.0
ID236,1999-03-31,45725.0
ID236,1999-06-30,37391.0
ID236,1999-09-30,35836.0
ID236,1999-12-31,65224.0
ID236,2000-03-31,51551.0
ID236,2000-06-30,43415.0
ID236,2000-09-30,39308.0
ID236,2000-12-31,71159.0
ID236,2001-03-31,54028.0
ID236,2001-06-30,51170.0
ID236,2001-09-30,42208.0
ID236,2001-12-31,69136.0
ID236,2002-03-31,58202.0
ID236,2002-06-30,43241.0
ID236,2002-09-30,43120.0
ID236,2002-12-31,74920.0
ID236,2003-03-31,57468.0
ID236,2003-06-30,51610.0
ID236,2003-09-30,50469.0
ID237,1980-03-31,6304.0
ID237,1980-06-30,6648.0
ID237,1980-09-30,6553.0
ID237,1980-12-31,6700.0
ID237,1981-03-31,6633.0
ID237,1981-06-30,7296.0
ID237,1981-09-30,7149.0
ID237,1981-12-31,6329.0
ID237,1982-03-31,7289.0
ID237,1982-06-30,7208.0
ID237,1982-09-30,7700.0
ID237,1982-12-31,6500.0
ID237,1983-03-31,6700.0
ID237,1983-06-30,7224.0
ID237,1983-09-30,7438.0
ID237,1983-12-31,7080.0
ID237,1984-03-31,8372.0
ID237,1984-06-30,8744.0
ID237,1984-09-30,8572.0
ID237,1984-12-31,8596.0
ID237,1985-03-31,9168.0
ID237,1985-06-30,9976.0
ID237,1985-09-30,10332.0
ID237,1985-12-31,8816.0
ID237,1986-03-31,9176.0
ID237,1986-06-30,10498.0
ID237,1986-09-30,10890.0
ID237,1986-12-31,9018.0
ID237,1987-03-31,9762.0
ID237,1987-06-30,10958.0
ID237,1987-09-30,11824.0
ID237,1987-12-31,11504.0
ID237,1988-03-31,11941.0
ID237,1988-06-30,13041.0
ID237,1988-09-30,13318.0
ID237,1988-12-31,12859.0
ID237,1989-03-31,13647.0
ID237,1989-06-30,14922.0
ID237,1989-09-30,15038.0
ID237,1989-12-31,14417.0
ID237,1990-03-31,14730.0
ID237,1990-06-30,14922.0
ID237,1990-09-30,14946.0
ID237,1990-12-31,13903.0
ID237,1991-03-31,12574.0
ID237,1991-06-30,13873.0
ID237,1991-09-30,14549.0
ID237,1991-12-31,13671.0
ID237,1992-03-31,15354.0
ID237,1992-06-30,15400.0
ID237,1992-09-30,15590.0
ID237,1992-12-31,15728.0
ID237,1993-03-31,16488.0
ID237,1993-06-30,16735.0
ID237,1993-09-30,17818.0
ID237,1993-12-31,16139.0
ID237,1994-03-31,16697.0
ID237,1994-06-30,18584.0
ID237,1994-09-30,19779.0
ID237,1994-12-31,17547.0
ID237,1995-03-31,19363.0
ID237,1995-06-30,20809.0
ID237,1995-09-30,21932.0
ID237,1995-12-31,20384.0
ID237,1996-03-31,20680.0
ID237,1996-06-30,23018.0
ID237,1996-09-30,23600.0
ID237,1996-12-31,22509.0
ID237,1997-03-31,21807.0
ID237,1997-06-30,25252.0
ID237,1997-09-30,25122.0
ID237,1997-12-31,23074.0
ID237,1998-03-31,24720.0
ID237,1998-06-30,26439.0
ID237,1998-09-30,25908.0
ID237,1998-12-31,25306.0
ID237,1999-03-31,26028.0
ID237,1999-06-30,28053.0
ID237,1999-09-30,28821.0
ID237,1999-12-31,27064.0
ID237,2000-03-31,27306.0
ID237,2000-06-30,28512.0
ID237,2000-09-30,29488.0
ID237,2000-12-31,28629.0
ID237,2001-03-31,30058.0
ID237,2001-06-30,31250.0
ID237,2001-09-30,30684.0
ID237,2001-12-31,26950.0
ID237,2002-03-31,27715.0
ID237,2002-06-30,30507.0
ID237,2002-09-30,29437.0
ID237,2002-12-31,29456.0
ID237,2003-03-31,29385.0
ID237,2003-06-30,31822.0
ID237,2003-09-30,31810.0
ID238,1980-03-31,5152.0
ID238,1980-06-30,4526.0
ID238,1980-09-30,5164.0
ID238,1980-12-31,5293.0
ID238,1981-03-31,5321.0
ID238,1981-06-30,4984.0
ID238,1981-09-30,4864.0
ID238,1981-12-31,4672.0
ID238,1982-03-31,5313.0
ID238,1982-06-30,4712.0
ID238,1982-09-30,5036.0
ID238,1982-12-31,3781.0
ID238,1983-03-31,4883.0
ID238,1983-06-30,4172.0
ID238,1983-09-30,4168.0
ID238,1983-12-31,4044.0
ID238,1984-03-31,4156.0
ID238,1984-06-30,4888.0
ID238,1984-09-30,4668.0
ID238,1984-12-31,4881.0
ID238,1985-03-31,5008.0
ID238,1985-06-30,5655.0
ID238,1985-09-30,6166.0
ID238,1985-12-31,5924.0
ID238,1986-03-31,6848.0
ID238,1986-06-30,6307.0
ID238,1986-09-30,6410.0
ID238,1986-12-31,7530.0
ID238,1987-03-31,9270.0
ID238,1987-06-30,9613.0
ID238,1987-09-30,10408.0
ID238,1987-12-31,11003.0
ID238,1988-03-31,8096.0
ID238,1988-06-30,7906.0
ID238,1988-09-30,8928.0
ID238,1988-12-31,9482.0
ID238,1989-03-31,8986.0
ID238,1989-06-30,8532.0
ID238,1989-09-30,11896.0
ID238,1989-12-31,10275.0
ID238,1990-03-31,11176.0
ID238,1990-06-30,10422.0
ID238,1990-09-30,10403.0
ID238,1990-12-31,10661.0
ID238,1991-03-31,10936.0
ID238,1991-06-30,9989.0
ID238,1991-09-30,10669.0
ID238,1991-12-31,9795.0
ID238,1992-03-31,9091.0
ID238,1992-06-30,7820.0
ID238,1992-09-30,9619.0
ID238,1992-12-31,10376.0
ID238,1993-03-31,8724.0
ID238,1993-06-30,7477.0
ID238,1993-09-30,10073.0
ID238,1993-12-31,8054.0
ID238,1994-03-31,8881.0
ID238,1994-06-30,8104.0
ID238,1994-09-30,12207.0
ID238,1994-12-31,12715.0
ID238,1995-03-31,10612.0
ID238,1995-06-30,9786.0
ID238,1995-09-30,11323.0
ID238,1995-12-31,10101.0
ID238,1996-03-31,9644.0
ID238,1996-06-30,10488.0
ID238,1996-09-30,12416.0
ID238,1996-12-31,10312.0
ID238,1997-03-31,10477.0
ID238,1997-06-30,11109.0
ID238,1997-09-30,11598.0
ID238,1997-12-31,11127.0
ID238,1998-03-31,12514.0
ID238,1998-06-30,11545.0
ID238,1998-09-30,12972.0
ID238,1998-12-31,13054.0
ID238,1999-03-31,11718.0
ID238,1999-06-30,11282.0
ID238,1999-09-30,14839.0
ID238,1999-12-31,12822.0
ID238,2000-03-31,11300.0
ID238,2000-06-30,10880.0
ID238,2000-09-30,12161.0
ID238,2000-12-31,11724.0
ID238,2001-03-31,12802.0
ID238,2001-06-30,11419.0
ID238,2001-09-30,15210.0
ID238,2001-12-31,13504.0
ID238,2002-03-31,13750.0
ID238,2002-06-30,12533.0
ID238,2002-09-30,13689.0
ID238,2002-12-31,12964.0
ID238,2003-03-31,13916.0
ID238,2003-06-30,12901.0
ID238,2003-09-30,15748.0
ID239,1980-03-31,60764.0
ID239,1980-06-30,43999.0
ID239,1980-09-30,45137.0
ID239,1980-12-31,67849.0
ID239,1981-03-31,58531.0
ID239,1981-06-30,45270.0
ID239,1981-09-30,45041.0
ID239,1981-12-31,65779.0
ID239,1982-03-31,58290.0
ID239,1982-06-30,43813.0
ID239,1982-09-30,48941.0
ID239,1982-12-31,65632.0
ID239,1983-03-31,58985.0
ID239,1983-06-30,44077.0
ID239,1983-09-30,51528.0
ID239,1983-12-31,69510.0
ID239,1984-03-31,58831.0
ID239,1984-06-30,54990.0
ID239,1984-09-30,57440.0
ID239,1984-12-31,79618.0
ID239,1985-03-31,73531.0
ID239,1985-06-30,66872.0
ID239,1985-09-30,68626.0
ID239,1985-12-31,84529.0
ID239,1986-03-31,71017.0
ID239,1986-06-30,59495.0
ID239,1986-09-30,62706.0
ID239,1986-12-31,80341.0
ID239,1987-03-31,69672.0
ID239,1987-06-30,61519.0
ID239,1987-09-30,71256.0
ID239,1987-12-31,92147.0
ID239,1988-03-31,68644.0
ID239,1988-06-30,52020.0
ID239,1988-09-30,64163.0
ID239,1988-12-31,81587.0
ID239,1989-03-31,71726.0
ID239,1989-06-30,62946.0
ID239,1989-09-30,80116.0
ID239,1989-12-31,97429.0
ID239,1990-03-31,86968.0
ID239,1990-06-30,72261.0
ID239,1990-09-30,81531.0
ID239,1990-12-31,100953.0
ID239,1991-03-31,88554.0
ID239,1991-06-30,66251.0
ID239,1991-09-30,84071.0
ID239,1991-12-31,99633.0
ID239,1992-03-31,91143.0
ID239,1992-06-30,75940.0
ID239,1992-09-30,92516.0
ID239,1992-12-31,104043.0
ID239,1993-03-31,89496.0
ID239,1993-06-30,76731.0
ID239,1993-09-30,89496.0
ID239,1993-12-31,103252.0
ID239,1994-03-31,100003.0
ID239,1994-06-30,76678.0
ID239,1994-09-30,98009.0
ID239,1994-12-31,111371.0
ID239,1995-03-31,103523.0
ID239,1995-06-30,84615.0
ID239,1995-09-30,99142.0
ID239,1995-12-31,115377.0
ID239,1996-03-31,110192.0
ID239,1996-06-30,94351.0
ID239,1996-09-30,103200.0
ID239,1996-12-31,128119.0
ID239,1997-03-31,114940.0
ID239,1997-06-30,89661.0
ID239,1997-09-30,106281.0
ID239,1997-12-31,122128.0
ID239,1998-03-31,122708.0
ID239,1998-06-30,108305.0
ID239,1998-09-30,123900.0
ID239,1998-12-31,146979.0
ID239,1999-03-31,128851.0
ID239,1999-06-30,107972.0
ID239,1999-09-30,130391.0
ID239,1999-12-31,156214.0
ID239,2000-03-31,143198.0
ID239,2000-06-30,119461.0
ID239,2000-09-30,139935.0
ID239,2000-12-31,171268.0
ID239,2001-03-31,162073.0
ID239,2001-06-30,138051.0
ID239,2001-09-30,161923.0
ID239,2001-12-31,168502.0
ID239,2002-03-31,165370.0
ID239,2002-06-30,128454.0
ID239,2002-09-30,156386.0
ID239,2002-12-31,182260.0
ID239,2003-03-31,171254.0
ID239,2003-06-30,145567.0
ID239,2003-09-30,172015.0
ID24,1976-03-31,515.0
ID24,1976-06-30,943.0
ID24,1976-09-30,1282.0
ID24,1976-12-31,778.0
ID24,1977-03-31,610.0
ID24,1977-06-30,1107.0
ID24,1977-09-30,1435.0
ID24,1977-12-31,938.0
ID24,1978-03-31,754.0
ID24,1978-06-30,1379.0
ID24,1978-09-30,1883.0
ID24,1978-12-31,1112.0
ID24,1979-03-31,836.0
ID24,1979-06-30,1479.0
ID24,1979-09-30,1888.0
ID24,1979-12-31,1185.0
ID24,1980-03-31,909.0
ID24,1980-06-30,1622.0
ID24,1980-09-30,2073.0
ID24,1980-12-31,1309.0
ID24,1981-03-31,995.0
ID24,1981-06-30,1688.0
ID24,1981-09-30,2141.0
ID24,1981-12-31,1308.0
ID24,1982-03-31,957.0
ID24,1982-06-30,1440.0
ID24,1982-09-30,1845.0
ID24,1982-12-31,1092.0
ID24,1983-03-31,872.0
ID24,1983-06-30,1515.0
ID24,1983-09-30,2165.0
ID24,1983-12-31,1231.0
ID24,1984-03-31,953.0
ID24,1984-06-30,1768.0
ID24,1984-09-30,2419.0
ID24,1984-12-31,1377.0
ID24,1985-03-31,1133.0
ID24,1985-06-30,1941.0
ID24,1985-09-30,2498.0
ID24,1985-12-31,1398.0
ID24,1986-03-31,1180.0
ID24,1986-06-30,1533.0
ID24,1986-09-30,2179.0
ID24,1986-12-31,1453.0
ID24,1987-03-31,1277.0
ID24,1987-06-30,2018.0
ID24,1987-09-30,2708.0
ID24,1987-12-31,1742.0
ID24,1988-03-31,1488.0
ID24,1988-06-30,2173.0
ID24,1988-09-30,2878.0
ID24,1988-12-31,2048.0
ID24,1989-03-31,1625.0
ID24,1989-06-30,2491.0
ID24,1989-09-30,3130.0
ID24,1989-12-31,2201.0
ID24,1990-03-31,1853.0
ID24,1990-06-30,2768.0
ID24,1990-09-30,3409.0
ID24,1990-12-31,2214.0
ID24,1991-03-31,1546.0
ID24,1991-06-30,2478.0
ID24,1991-09-30,3260.0
ID24,1991-12-31,2413.0
ID24,1992-03-31,2057.0
ID24,1992-06-30,3028.0
ID24,1992-09-30,3680.0
ID24,1992-12-31,2663.0
ID24,1993-03-31,2209.0
ID24,1993-06-30,3133.0
ID24,1993-09-30,3897.0
ID24,1993-12-31,2776.0
ID24,1994-03-31,2218.0
ID24,1994-06-30,3185.0
ID24,1994-09-30,3940.0
ID24,1994-12-31,2831.0
ID24,1995-03-31,2364.0
ID24,1995-06-30,3485.0
ID24,1995-09-30,4215.0
ID24,1995-12-31,3186.0
ID24,1996-03-31,2741.0
ID24,1996-06-30,3756.0
ID24,1996-09-30,4447.0
ID24,1996-12-31,3458.0
ID24,1997-03-31,2943.0
ID24,1997-06-30,4121.0
ID24,1997-09-30,4798.0
ID24,1997-12-31,3795.0
ID24,1998-03-31,3318.0
ID24,1998-06-30,4527.0
ID24,1998-09-30,5209.0
ID24,1998-12-31,4098.0
ID24,1999-03-31,3630.0
ID24,1999-06-30,4851.0
ID24,1999-09-30,5410.0
ID24,1999-12-31,4363.0
ID24,2000-03-31,3776.0
ID24,2000-06-30,5195.0
ID24,2000-09-30,5703.0
ID24,2000-12-31,4537.0
ID24,2001-03-31,3773.0
ID24,2001-06-30,4353.0
ID24,2001-09-30,5032.0
ID24,2001-12-31,3393.0
ID24,2002-03-31,3440.0
ID24,2002-06-30,4403.0
ID240,1980-03-31,22140.0
ID240,1980-06-30,6641.0
ID240,1980-09-30,5816.0
ID240,1980-12-31,17222.0
ID240,1981-03-31,19596.0
ID240,1981-06-30,7480.0
ID240,1981-09-30,8246.0
ID240,1981-12-31,16032.0
ID240,1982-03-31,16860.0
ID240,1982-06-30,9080.0
ID240,1982-09-30,9792.0
ID240,1982-12-31,14892.0
ID240,1983-03-31,15572.0
ID240,1983-06-30,11304.0
ID240,1983-09-30,12828.0
ID240,1983-12-31,18144.0
ID240,1984-03-31,22716.0
ID240,1984-06-30,14380.0
ID240,1984-09-30,11744.0
ID240,1984-12-31,21581.0
ID240,1985-03-31,24136.0
ID240,1985-06-30,17512.0
ID240,1985-09-30,14640.0
ID240,1985-12-31,34384.0
ID240,1986-03-31,33456.0
ID240,1986-06-30,21516.0
ID240,1986-09-30,18626.0
ID240,1986-12-31,43410.0
ID240,1987-03-31,41370.0
ID240,1987-06-30,24539.0
ID240,1987-09-30,23200.0
ID240,1987-12-31,47276.0
ID240,1988-03-31,36433.0
ID240,1988-06-30,22886.0
ID240,1988-09-30,26088.0
ID240,1988-12-31,37950.0
ID240,1989-03-31,29977.0
ID240,1989-06-30,18900.0
ID240,1989-09-30,19999.0
ID240,1989-12-31,28250.0
ID240,1990-03-31,29740.0
ID240,1990-06-30,17532.0
ID240,1990-09-30,18561.0
ID240,1990-12-31,30013.0
ID240,1991-03-31,28552.0
ID240,1991-06-30,15561.0
ID240,1991-09-30,18167.0
ID240,1991-12-31,25927.0
ID240,1992-03-31,28541.0
ID240,1992-06-30,15310.0
ID240,1992-09-30,13878.0
ID240,1992-12-31,27822.0
ID240,1993-03-31,31488.0
ID240,1993-06-30,17716.0
ID240,1993-09-30,16638.0
ID240,1993-12-31,32543.0
ID240,1994-03-31,37683.0
ID240,1994-06-30,18666.0
ID240,1994-09-30,17886.0
ID240,1994-12-31,33494.0
ID240,1995-03-31,35028.0
ID240,1995-06-30,17780.0
ID240,1995-09-30,16477.0
ID240,1995-12-31,31384.0
ID240,1996-03-31,33664.0
ID240,1996-06-30,15451.0
ID240,1996-09-30,14192.0
ID240,1996-12-31,29830.0
ID240,1997-03-31,31931.0
ID240,1997-06-30,14595.0
ID240,1997-09-30,14465.0
ID240,1997-12-31,26398.0
ID240,1998-03-31,37489.0
ID240,1998-06-30,16998.0
ID240,1998-09-30,13620.0
ID240,1998-12-31,31757.0
ID240,1999-03-31,41641.0
ID240,1999-06-30,19156.0
ID240,1999-09-30,16063.0
ID240,1999-12-31,39210.0
ID240,2000-03-31,45552.0
ID240,2000-06-30,22828.0
ID240,2000-09-30,18669.0
ID240,2000-12-31,37782.0
ID240,2001-03-31,45219.0
ID240,2001-06-30,21875.0
ID240,2001-09-30,19077.0
ID240,2001-12-31,32886.0
ID240,2002-03-31,52687.0
ID240,2002-06-30,20338.0
ID240,2002-09-30,19284.0
ID240,2002-12-31,40472.0
ID240,2003-03-31,52075.0
ID240,2003-06-30,22819.0
ID240,2003-09-30,18324.0
ID241,1980-03-31,2136.0
ID241,1980-06-30,1028.0
ID241,1980-09-30,900.0
ID241,1980-12-31,2097.0
ID241,1981-03-31,2021.0
ID241,1981-06-30,1050.0
ID241,1981-09-30,1342.0
ID241,1981-12-31,2164.0
ID241,1982-03-31,2024.0
ID241,1982-06-30,1448.0
ID241,1982-09-30,1444.0
ID241,1982-12-31,2176.0
ID241,1983-03-31,2224.0
ID241,1983-06-30,1664.0
ID241,1983-09-30,1860.0
ID241,1983-12-31,2676.0
ID241,1984-03-31,2328.0
ID241,1984-06-30,1864.0
ID241,1984-09-30,1704.0
ID241,1984-12-31,3095.0
ID241,1985-03-31,2544.0
ID241,1985-06-30,2180.0
ID241,1985-09-30,2020.0
ID241,1985-12-31,4115.0
ID241,1986-03-31,2756.0
ID241,1986-06-30,2333.0
ID241,1986-09-30,2120.0
ID241,1986-12-31,4182.0
ID241,1987-03-31,3048.0
ID241,1987-06-30,2286.0
ID241,1987-09-30,2544.0
ID241,1987-12-31,4341.0
ID241,1988-03-31,3630.0
ID241,1988-06-30,2732.0
ID241,1988-09-30,2725.0
ID241,1988-12-31,4708.0
ID241,1989-03-31,3468.0
ID241,1989-06-30,2718.0
ID241,1989-09-30,2706.0
ID241,1989-12-31,4493.0
ID241,1990-03-31,3744.0
ID241,1990-06-30,2889.0
ID241,1990-09-30,3025.0
ID241,1990-12-31,5004.0
ID241,1991-03-31,4460.0
ID241,1991-06-30,2798.0
ID241,1991-09-30,3469.0
ID241,1991-12-31,4513.0
ID241,1992-03-31,5368.0
ID241,1992-06-30,3450.0
ID241,1992-09-30,3077.0
ID241,1992-12-31,5696.0
ID241,1993-03-31,5040.0
ID241,1993-06-30,3039.0
ID241,1993-09-30,3005.0
ID241,1993-12-31,5976.0
ID241,1994-03-31,5580.0
ID241,1994-06-30,3524.0
ID241,1994-09-30,3428.0
ID241,1994-12-31,5705.0
ID241,1995-03-31,5251.0
ID241,1995-06-30,3620.0
ID241,1995-09-30,3091.0
ID241,1995-12-31,6591.0
ID241,1996-03-31,5723.0
ID241,1996-06-30,4585.0
ID241,1996-09-30,3984.0
ID241,1996-12-31,6732.0
ID241,1997-03-31,6246.0
ID241,1997-06-30,3657.0
ID241,1997-09-30,4162.0
ID241,1997-12-31,7800.0
ID241,1998-03-31,7406.0
ID241,1998-06-30,5038.0
ID241,1998-09-30,4332.0
ID241,1998-12-31,7798.0
ID241,1999-03-31,7315.0
ID241,1999-06-30,5524.0
ID241,1999-09-30,4685.0
ID241,1999-12-31,9592.0
ID241,2000-03-31,9245.0
ID241,2000-06-30,6445.0
ID241,2000-09-30,5685.0
ID241,2000-12-31,10358.0
ID241,2001-03-31,9383.0
ID241,2001-06-30,6684.0
ID241,2001-09-30,5842.0
ID241,2001-12-31,9727.0
ID241,2002-03-31,10407.0
ID241,2002-06-30,6642.0
ID241,2002-09-30,6046.0
ID241,2002-12-31,11340.0
ID241,2003-03-31,9830.0
ID241,2003-06-30,6794.0
ID241,2003-09-30,6651.0
ID242,1980-03-31,1804.0
ID242,1980-06-30,1444.0
ID242,1980-09-30,1488.0
ID242,1980-12-31,1900.0
ID242,1981-03-31,2060.0
ID242,1981-06-30,1844.0
ID242,1981-09-30,1713.0
ID242,1981-12-31,1780.0
ID242,1982-03-31,2320.0
ID242,1982-06-30,1917.0
ID242,1982-09-30,1880.0
ID242,1982-12-31,1837.0
ID242,1983-03-31,2480.0
ID242,1983-06-30,1932.0
ID242,1983-09-30,2008.0
ID242,1983-12-31,2236.0
ID242,1984-03-31,2496.0
ID242,1984-06-30,2120.0
ID242,1984-09-30,2276.0
ID242,1984-12-31,2216.0
ID242,1985-03-31,2312.0
ID242,1985-06-30,2197.0
ID242,1985-09-30,1800.0
ID242,1985-12-31,2252.0
ID242,1986-03-31,2752.0
ID242,1986-06-30,2464.0
ID242,1986-09-30,2090.0
ID242,1986-12-31,2088.0
ID242,1987-03-31,2406.0
ID242,1987-06-30,2128.0
ID242,1987-09-30,2264.0
ID242,1987-12-31,3194.0
ID242,1988-03-31,3700.0
ID242,1988-06-30,3274.0
ID242,1988-09-30,2999.0
ID242,1988-12-31,3410.0
ID242,1989-03-31,3003.0
ID242,1989-06-30,3150.0
ID242,1989-09-30,2880.0
ID242,1989-12-31,3211.0
ID242,1990-03-31,3394.0
ID242,1990-06-30,3339.0
ID242,1990-09-30,3249.0
ID242,1990-12-31,3219.0
ID242,1991-03-31,2662.0
ID242,1991-06-30,2801.0
ID242,1991-09-30,2828.0
ID242,1991-12-31,3148.0
ID242,1992-03-31,3912.0
ID242,1992-06-30,2860.0
ID242,1992-09-30,3031.0
ID242,1992-12-31,3547.0
ID242,1993-03-31,3912.0
ID242,1993-06-30,3058.0
ID242,1993-09-30,3033.0
ID242,1993-12-31,3646.0
ID242,1994-03-31,3794.0
ID242,1994-06-30,3520.0
ID242,1994-09-30,3787.0
ID242,1994-12-31,3965.0
ID242,1995-03-31,4445.0
ID242,1995-06-30,3892.0
ID242,1995-09-30,3657.0
ID242,1995-12-31,4497.0
ID242,1996-03-31,4788.0
ID242,1996-06-30,4105.0
ID242,1996-09-30,4048.0
ID242,1996-12-31,5149.0
ID242,1997-03-31,5217.0
ID242,1997-06-30,4492.0
ID242,1997-09-30,4280.0
ID242,1997-12-31,4954.0
ID242,1998-03-31,5435.0
ID242,1998-06-30,4743.0
ID242,1998-09-30,4332.0
ID242,1998-12-31,4934.0
ID242,1999-03-31,5229.0
ID242,1999-06-30,4099.0
ID242,1999-09-30,5603.0
ID242,1999-12-31,6018.0
ID242,2000-03-31,6217.0
ID242,2000-06-30,4417.0
ID242,2000-09-30,4444.0
ID242,2000-12-31,5640.0
ID242,2001-03-31,5343.0
ID242,2001-06-30,4099.0
ID242,2001-09-30,3791.0
ID242,2001-12-31,4398.0
ID242,2002-03-31,5417.0
ID242,2002-06-30,3809.0
ID242,2002-09-30,4533.0
ID242,2002-12-31,5158.0
ID242,2003-03-31,5882.0
ID242,2003-06-30,3592.0
ID242,2003-09-30,3942.0
ID243,1980-03-31,3920.0
ID243,1980-06-30,2212.0
ID243,1980-09-30,3052.0
ID243,1980-12-31,4000.0
ID243,1981-03-31,3781.0
ID243,1981-06-30,2192.0
ID243,1981-09-30,2593.0
ID243,1981-12-31,2904.0
ID243,1982-03-31,3252.0
ID243,1982-06-30,2288.0
ID243,1982-09-30,2508.0
ID243,1982-12-31,2596.0
ID243,1983-03-31,3356.0
ID243,1983-06-30,2104.0
ID243,1983-09-30,3160.0
ID243,1983-12-31,3172.0
ID243,1984-03-31,3364.0
ID243,1984-06-30,2656.0
ID243,1984-09-30,2956.0
ID243,1984-12-31,3536.0
ID243,1985-03-31,3552.0
ID243,1985-06-30,2420.0
ID243,1985-09-30,3056.0
ID243,1985-12-31,3840.0
ID243,1986-03-31,4528.0
ID243,1986-06-30,3169.0
ID243,1986-09-30,3570.0
ID243,1986-12-31,4914.0
ID243,1987-03-31,6084.0
ID243,1987-06-30,4066.0
ID243,1987-09-30,5136.0
ID243,1987-12-31,6472.0
ID243,1988-03-31,4412.0
ID243,1988-06-30,3241.0
ID243,1988-09-30,3914.0
ID243,1988-12-31,5423.0
ID243,1989-03-31,4555.0
ID243,1989-06-30,3006.0
ID243,1989-09-30,3388.0
ID243,1989-12-31,3805.0
ID243,1990-03-31,3562.0
ID243,1990-06-30,3456.0
ID243,1990-09-30,4375.0
ID243,1990-12-31,4562.0
ID243,1991-03-31,4132.0
ID243,1991-06-30,3729.0
ID243,1991-09-30,5485.0
ID243,1991-12-31,4458.0
ID243,1992-03-31,4005.0
ID243,1992-06-30,3010.0
ID243,1992-09-30,3552.0
ID243,1992-12-31,4298.0
ID243,1993-03-31,4032.0
ID243,1993-06-30,3743.0
ID243,1993-09-30,3661.0
ID243,1993-12-31,3066.0
ID243,1994-03-31,4485.0
ID243,1994-06-30,3604.0
ID243,1994-09-30,4802.0
ID243,1994-12-31,4570.0
ID243,1995-03-31,4056.0
ID243,1995-06-30,3948.0
ID243,1995-09-30,4590.0
ID243,1995-12-31,3896.0
ID243,1996-03-31,4225.0
ID243,1996-06-30,3588.0
ID243,1996-09-30,3808.0
ID243,1996-12-31,3517.0
ID243,1997-03-31,3895.0
ID243,1997-06-30,3343.0
ID243,1997-09-30,4057.0
ID243,1997-12-31,4082.0
ID243,1998-03-31,5150.0
ID243,1998-06-30,4125.0
ID243,1998-09-30,4440.0
ID243,1998-12-31,4746.0
ID243,1999-03-31,4932.0
ID243,1999-06-30,3694.0
ID243,1999-09-30,4416.0
ID243,1999-12-31,3704.0
ID243,2000-03-31,4064.0
ID243,2000-06-30,4545.0
ID243,2000-09-30,6738.0
ID243,2000-12-31,3152.0
ID243,2001-03-31,4903.0
ID243,2001-06-30,4712.0
ID243,2001-09-30,6102.0
ID243,2001-12-31,3340.0
ID243,2002-03-31,5077.0
ID243,2002-06-30,5258.0
ID243,2002-09-30,5773.0
ID243,2002-12-31,3048.0
ID243,2003-03-31,6308.0
ID243,2003-06-30,4886.0
ID243,2003-09-30,6735.0
ID244,1980-03-31,30000.0
ID244,1980-06-30,11325.0
ID244,1980-09-30,11256.0
ID244,1980-12-31,25219.0
ID244,1981-03-31,27458.0
ID244,1981-06-30,12566.0
ID244,1981-09-30,13894.0
ID244,1981-12-31,22880.0
ID244,1982-03-31,24456.0
ID244,1982-06-30,14733.0
ID244,1982-09-30,15624.0
ID244,1982-12-31,21501.0
ID244,1983-03-31,23632.0
ID244,1983-06-30,17004.0
ID244,1983-09-30,19856.0
ID244,1983-12-31,26228.0
ID244,1984-03-31,30904.0
ID244,1984-06-30,21020.0
ID244,1984-09-30,18680.0
ID244,1984-12-31,30428.0
ID244,1985-03-31,32544.0
ID244,1985-06-30,24309.0
ID244,1985-09-30,21516.0
ID244,1985-12-31,44591.0
ID244,1986-03-31,43492.0
ID244,1986-06-30,29482.0
ID244,1986-09-30,26406.0
ID244,1986-12-31,54594.0
ID244,1987-03-31,52908.0
ID244,1987-06-30,33019.0
ID244,1987-09-30,33144.0
ID244,1987-12-31,61283.0
ID244,1988-03-31,48175.0
ID244,1988-06-30,32133.0
ID244,1988-09-30,35726.0
ID244,1988-12-31,51491.0
ID244,1989-03-31,41003.0
ID244,1989-06-30,27774.0
ID244,1989-09-30,28973.0
ID244,1989-12-31,39759.0
ID244,1990-03-31,40440.0
ID244,1990-06-30,27216.0
ID244,1990-09-30,29210.0
ID244,1990-12-31,42798.0
ID244,1991-03-31,39806.0
ID244,1991-06-30,24889.0
ID244,1991-09-30,29949.0
ID244,1991-12-31,38046.0
ID244,1992-03-31,41826.0
ID244,1992-06-30,24630.0
ID244,1992-09-30,23538.0
ID244,1992-12-31,41363.0
ID244,1993-03-31,44472.0
ID244,1993-06-30,27556.0
ID244,1993-09-30,26337.0
ID244,1993-12-31,45231.0
ID244,1994-03-31,51542.0
ID244,1994-06-30,29314.0
ID244,1994-09-30,29903.0
ID244,1994-12-31,47734.0
ID244,1995-03-31,48780.0
ID244,1995-06-30,29240.0
ID244,1995-09-30,27815.0
ID244,1995-12-31,46368.0
ID244,1996-03-31,48400.0
ID244,1996-06-30,27729.0
ID244,1996-09-30,26032.0
ID244,1996-12-31,45228.0
ID244,1997-03-31,47289.0
ID244,1997-06-30,26087.0
ID244,1997-09-30,26964.0
ID244,1997-12-31,43234.0
ID244,1998-03-31,55480.0
ID244,1998-06-30,30904.0
ID244,1998-09-30,26724.0
ID244,1998-12-31,49235.0
ID244,1999-03-31,59117.0
ID244,1999-06-30,32473.0
ID244,1999-09-30,30767.0
ID244,1999-12-31,58524.0
ID244,2000-03-31,65078.0
ID244,2000-06-30,38235.0
ID244,2000-09-30,35536.0
ID244,2000-12-31,56932.0
ID244,2001-03-31,64848.0
ID244,2001-06-30,37370.0
ID244,2001-09-30,34812.0
ID244,2001-12-31,50351.0
ID244,2002-03-31,73588.0
ID244,2002-06-30,36047.0
ID244,2002-09-30,35636.0
ID244,2002-12-31,60018.0
ID244,2003-03-31,74095.0
ID244,2003-06-30,38091.0
ID244,2003-09-30,35652.0
ID245,1980-03-31,6232.0
ID245,1980-06-30,1060.0
ID245,1980-09-30,992.0
ID245,1980-12-31,3504.0
ID245,1981-03-31,5748.0
ID245,1981-06-30,1400.0
ID245,1981-09-30,1412.0
ID245,1981-12-31,3352.0
ID245,1982-03-31,4588.0
ID245,1982-06-30,1656.0
ID245,1982-09-30,1668.0
ID245,1982-12-31,3658.0
ID245,1983-03-31,5040.0
ID245,1983-06-30,1892.0
ID245,1983-09-30,1980.0
ID245,1983-12-31,3824.0
ID245,1984-03-31,6432.0
ID245,1984-06-30,2324.0
ID245,1984-09-30,1960.0
ID245,1984-12-31,4416.0
ID245,1985-03-31,7048.0
ID245,1985-06-30,2580.0
ID245,1985-09-30,1825.0
ID245,1985-12-31,8708.0
ID245,1986-03-31,8972.0
ID245,1986-06-30,3355.0
ID245,1986-09-30,2740.0
ID245,1986-12-31,8898.0
ID245,1987-03-31,9336.0
ID245,1987-06-30,3784.0
ID245,1987-09-30,2720.0
ID245,1987-12-31,8513.0
ID245,1988-03-31,7754.0
ID245,1988-06-30,3821.0
ID245,1988-09-30,5039.0
ID245,1988-12-31,8327.0
ID245,1989-03-31,7179.0
ID245,1989-06-30,2538.0
ID245,1989-09-30,2896.0
ID245,1989-12-31,6377.0
ID245,1990-03-31,7330.0
ID245,1990-06-30,2565.0
ID245,1990-09-30,2529.0
ID245,1990-12-31,6864.0
ID245,1991-03-31,7470.0
ID245,1991-06-30,2425.0
ID245,1991-09-30,2090.0
ID245,1991-12-31,5707.0
ID245,1992-03-31,5791.0
ID245,1992-06-30,1810.0
ID245,1992-09-30,1845.0
ID245,1992-12-31,4698.0
ID245,1993-03-31,6360.0
ID245,1993-06-30,1993.0
ID245,1993-09-30,1873.0
ID245,1993-12-31,5499.0
ID245,1994-03-31,6595.0
ID245,1994-06-30,1706.0
ID245,1994-09-30,1902.0
ID245,1994-12-31,5667.0
ID245,1995-03-31,6288.0
ID245,1995-06-30,1769.0
ID245,1995-09-30,2190.0
ID245,1995-12-31,5137.0
ID245,1996-03-31,6252.0
ID245,1996-06-30,1609.0
ID245,1996-09-30,1792.0
ID245,1996-12-31,5070.0
ID245,1997-03-31,6844.0
ID245,1997-06-30,1571.0
ID245,1997-09-30,2007.0
ID245,1997-12-31,4745.0
ID245,1998-03-31,6415.0
ID245,1998-06-30,1755.0
ID245,1998-09-30,1992.0
ID245,1998-12-31,5370.0
ID245,1999-03-31,7781.0
ID245,1999-06-30,1878.0
ID245,1999-09-30,2169.0
ID245,1999-12-31,6222.0
ID245,2000-03-31,6908.0
ID245,2000-06-30,2148.0
ID245,2000-09-30,1904.0
ID245,2000-12-31,6389.0
ID245,2001-03-31,9296.0
ID245,2001-06-30,2447.0
ID245,2001-09-30,2681.0
ID245,2001-12-31,6696.0
ID245,2002-03-31,11110.0
ID245,2002-06-30,2860.0
ID245,2002-09-30,2553.0
ID245,2002-12-31,7866.0
ID245,2003-03-31,11455.0
ID245,2003-06-30,2710.0
ID245,2003-09-30,2010.0
ID246,1980-03-31,1372.0
ID246,1980-06-30,352.0
ID246,1980-09-30,348.0
ID246,1980-12-31,1480.0
ID246,1981-03-31,1116.0
ID246,1981-06-30,384.0
ID246,1981-09-30,516.0
ID246,1981-12-31,1228.0
ID246,1982-03-31,956.0
ID246,1982-06-30,564.0
ID246,1982-09-30,580.0
ID246,1982-12-31,1340.0
ID246,1983-03-31,1088.0
ID246,1983-06-30,632.0
ID246,1983-09-30,820.0
ID246,1983-12-31,1672.0
ID246,1984-03-31,1328.0
ID246,1984-06-30,684.0
ID246,1984-09-30,704.0
ID246,1984-12-31,1592.0
ID246,1985-03-31,1336.0
ID246,1985-06-30,660.0
ID246,1985-09-30,712.0
ID246,1985-12-31,2772.0
ID246,1986-03-31,1268.0
ID246,1986-06-30,669.0
ID246,1986-09-30,830.0
ID246,1986-12-31,2040.0
ID246,1987-03-31,1308.0
ID246,1987-06-30,897.0
ID246,1987-09-30,744.0
ID246,1987-12-31,2296.0
ID246,1988-03-31,1695.0
ID246,1988-06-30,1069.0
ID246,1988-09-30,1035.0
ID246,1988-12-31,2365.0
ID246,1989-03-31,1727.0
ID246,1989-06-30,1062.0
ID246,1989-09-30,1111.0
ID246,1989-12-31,2039.0
ID246,1990-03-31,1824.0
ID246,1990-06-30,1044.0
ID246,1990-09-30,1150.0
ID246,1990-12-31,2413.0
ID246,1991-03-31,2076.0
ID246,1991-06-30,830.0
ID246,1991-09-30,947.0
ID246,1991-12-31,2560.0
ID246,1992-03-31,2567.0
ID246,1992-06-30,1060.0
ID246,1992-09-30,991.0
ID246,1992-12-31,2294.0
ID246,1993-03-31,2172.0
ID246,1993-06-30,927.0
ID246,1993-09-30,1012.0
ID246,1993-12-31,2531.0
ID246,1994-03-31,2221.0
ID246,1994-06-30,1022.0
ID246,1994-09-30,1167.0
ID246,1994-12-31,2490.0
ID246,1995-03-31,2075.0
ID246,1995-06-30,946.0
ID246,1995-09-30,1222.0
ID246,1995-12-31,2669.0
ID246,1996-03-31,2425.0
ID246,1996-06-30,1238.0
ID246,1996-09-30,1136.0
ID246,1996-12-31,2917.0
ID246,1997-03-31,2497.0
ID246,1997-06-30,1258.0
ID246,1997-09-30,1258.0
ID246,1997-12-31,2989.0
ID246,1998-03-31,2918.0
ID246,1998-06-30,1318.0
ID246,1998-09-30,1524.0
ID246,1998-12-31,2880.0
ID246,1999-03-31,2896.0
ID246,1999-06-30,1173.0
ID246,1999-09-30,1460.0
ID246,1999-12-31,3566.0
ID246,2000-03-31,3720.0
ID246,2000-06-30,1556.0
ID246,2000-09-30,1291.0
ID246,2000-12-31,3547.0
ID246,2001-03-31,3439.0
ID246,2001-06-30,1438.0
ID246,2001-09-30,1431.0
ID246,2001-12-31,3697.0
ID246,2002-03-31,3922.0
ID246,2002-06-30,1287.0
ID246,2002-09-30,1505.0
ID246,2002-12-31,3688.0
ID246,2003-03-31,3424.0
ID246,2003-06-30,1280.0
ID246,2003-09-30,1855.0
ID247,1980-03-31,248.0
ID247,1980-06-30,188.0
ID247,1980-09-30,180.0
ID247,1980-12-31,212.0
ID247,1981-03-31,220.0
ID247,1981-06-30,216.0
ID247,1981-09-30,160.0
ID247,1981-12-31,188.0
ID247,1982-03-31,262.0
ID247,1982-06-30,244.0
ID247,1982-09-30,204.0
ID247,1982-12-31,204.0
ID247,1983-03-31,288.0
ID247,1983-06-30,224.0
ID247,1983-09-30,220.0
ID247,1983-12-31,272.0
ID247,1984-03-31,356.0
ID247,1984-06-30,300.0
ID247,1984-09-30,208.0
ID247,1984-12-31,216.0
ID247,1985-03-31,304.0
ID247,1985-06-30,268.0
ID247,1985-09-30,284.0
ID247,1985-12-31,440.0
ID247,1986-03-31,424.0
ID247,1986-06-30,381.0
ID247,1986-09-30,410.0
ID247,1986-12-31,342.0
ID247,1987-03-31,348.0
ID247,1987-06-30,349.0
ID247,1987-09-30,136.0
ID247,1987-12-31,449.0
ID247,1988-03-31,603.0
ID247,1988-06-30,333.0
ID247,1988-09-30,263.0
ID247,1988-12-31,396.0
ID247,1989-03-31,401.0
ID247,1989-06-30,522.0
ID247,1989-09-30,267.0
ID247,1989-12-31,454.0
ID247,1990-03-31,766.0
ID247,1990-06-30,495.0
ID247,1990-09-30,308.0
ID247,1990-12-31,381.0
ID247,1991-03-31,334.0
ID247,1991-06-30,222.0
ID247,1991-09-30,171.0
ID247,1991-12-31,402.0
ID247,1992-03-31,453.0
ID247,1992-06-30,320.0
ID247,1992-09-30,397.0
ID247,1992-12-31,279.0
ID247,1993-03-31,444.0
ID247,1993-06-30,434.0
ID247,1993-09-30,416.0
ID247,1993-12-31,385.0
ID247,1994-03-31,576.0
ID247,1994-06-30,450.0
ID247,1994-09-30,390.0
ID247,1994-12-31,396.0
ID247,1995-03-31,652.0
ID247,1995-06-30,499.0
ID247,1995-09-30,420.0
ID247,1995-12-31,580.0
ID247,1996-03-31,767.0
ID247,1996-06-30,438.0
ID247,1996-09-30,416.0
ID247,1996-12-31,534.0
ID247,1997-03-31,329.0
ID247,1997-06-30,473.0
ID247,1997-09-30,445.0
ID247,1997-12-31,489.0
ID247,1998-03-31,723.0
ID247,1998-06-30,465.0
ID247,1998-09-30,504.0
ID247,1998-12-31,566.0
ID247,1999-03-31,715.0
ID247,1999-06-30,557.0
ID247,1999-09-30,502.0
ID247,1999-12-31,530.0
ID247,2000-03-31,521.0
ID247,2000-06-30,632.0
ID247,2000-09-30,456.0
ID247,2000-12-31,965.0
ID247,2001-03-31,934.0
ID247,2001-06-30,704.0
ID247,2001-09-30,389.0
ID247,2001-12-31,672.0
ID247,2002-03-31,614.0
ID247,2002-06-30,323.0
ID247,2002-09-30,455.0
ID247,2002-12-31,532.0
ID247,2003-03-31,761.0
ID247,2003-06-30,416.0
ID247,2003-09-30,400.0
ID248,1980-03-31,924.0
ID248,1980-06-30,380.0
ID248,1980-09-30,420.0
ID248,1980-12-31,664.0
ID248,1981-03-31,916.0
ID248,1981-06-30,492.0
ID248,1981-09-30,496.0
ID248,1981-12-31,488.0
ID248,1982-03-31,476.0
ID248,1982-06-30,552.0
ID248,1982-09-30,488.0
ID248,1982-12-31,568.0
ID248,1983-03-31,676.0
ID248,1983-06-30,532.0
ID248,1983-09-30,728.0
ID248,1983-12-31,576.0
ID248,1984-03-31,705.0
ID248,1984-06-30,648.0
ID248,1984-09-30,612.0
ID248,1984-12-31,556.0
ID248,1985-03-31,908.0
ID248,1985-06-30,464.0
ID248,1985-09-30,592.0
ID248,1985-12-31,932.0
ID248,1986-03-31,1256.0
ID248,1986-06-30,842.0
ID248,1986-09-30,795.0
ID248,1986-12-31,1104.0
ID248,1987-03-31,1152.0
ID248,1987-06-30,1273.0
ID248,1987-09-30,992.0
ID248,1987-12-31,1256.0
ID248,1988-03-31,1040.0
ID248,1988-06-30,989.0
ID248,1988-09-30,1341.0
ID248,1988-12-31,1067.0
ID248,1989-03-31,1140.0
ID248,1989-06-30,864.0
ID248,1989-09-30,1107.0
ID248,1989-12-31,1235.0
ID248,1990-03-31,1876.0
ID248,1990-06-30,1233.0
ID248,1990-09-30,1406.0
ID248,1990-12-31,1799.0
ID248,1991-03-31,1478.0
ID248,1991-06-30,1392.0
ID248,1991-09-30,1109.0
ID248,1991-12-31,1063.0
ID248,1992-03-31,1212.0
ID248,1992-06-30,580.0
ID248,1992-09-30,699.0
ID248,1992-12-31,853.0
ID248,1993-03-31,1176.0
ID248,1993-06-30,988.0
ID248,1993-09-30,612.0
ID248,1993-12-31,933.0
ID248,1994-03-31,1403.0
ID248,1994-06-30,1086.0
ID248,1994-09-30,1198.0
ID248,1994-12-31,1480.0
ID248,1995-03-31,1645.0
ID248,1995-06-30,913.0
ID248,1995-09-30,837.0
ID248,1995-12-31,1235.0
ID248,1996-03-31,1057.0
ID248,1996-06-30,1170.0
ID248,1996-09-30,976.0
ID248,1996-12-31,1140.0
ID248,1997-03-31,1560.0
ID248,1997-06-30,1270.0
ID248,1997-09-30,985.0
ID248,1997-12-31,962.0
ID248,1998-03-31,1548.0
ID248,1998-06-30,917.0
ID248,1998-09-30,876.0
ID248,1998-12-31,1245.0
ID248,1999-03-31,1486.0
ID248,1999-06-30,964.0
ID248,1999-09-30,715.0
ID248,1999-12-31,682.0
ID248,2000-03-31,1061.0
ID248,2000-06-30,429.0
ID248,2000-09-30,644.0
ID248,2000-12-31,800.0
ID248,2001-03-31,960.0
ID248,2001-06-30,630.0
ID248,2001-09-30,656.0
ID248,2001-12-31,624.0
ID248,2002-03-31,1100.0
ID248,2002-06-30,466.0
ID248,2002-09-30,572.0
ID248,2002-12-31,816.0
ID248,2003-03-31,1107.0
ID248,2003-06-30,774.0
ID248,2003-09-30,746.0
ID249,1980-03-31,8776.0
ID249,1980-06-30,1980.0
ID249,1980-09-30,1940.0
ID249,1980-12-31,5860.0
ID249,1981-03-31,8000.0
ID249,1981-06-30,2492.0
ID249,1981-09-30,2584.0
ID249,1981-12-31,5256.0
ID249,1982-03-31,6282.0
ID249,1982-06-30,3016.0
ID249,1982-09-30,2940.0
ID249,1982-12-31,5770.0
ID249,1983-03-31,7092.0
ID249,1983-06-30,3280.0
ID249,1983-09-30,3748.0
ID249,1983-12-31,6344.0
ID249,1984-03-31,8821.0
ID249,1984-06-30,3956.0
ID249,1984-09-30,3484.0
ID249,1984-12-31,6780.0
ID249,1985-03-31,9596.0
ID249,1985-06-30,3972.0
ID249,1985-09-30,3413.0
ID249,1985-12-31,12852.0
ID249,1986-03-31,11920.0
ID249,1986-06-30,5247.0
ID249,1986-09-30,4775.0
ID249,1986-12-31,12384.0
ID249,1987-03-31,12144.0
ID249,1987-06-30,6303.0
ID249,1987-09-30,4592.0
ID249,1987-12-31,12514.0
ID249,1988-03-31,11092.0
ID249,1988-06-30,6212.0
ID249,1988-09-30,7678.0
ID249,1988-12-31,12155.0
ID249,1989-03-31,10447.0
ID249,1989-06-30,4986.0
ID249,1989-09-30,5381.0
ID249,1989-12-31,10105.0
ID249,1990-03-31,11796.0
ID249,1990-06-30,5337.0
ID249,1990-09-30,5393.0
ID249,1990-12-31,11457.0
ID249,1991-03-31,11358.0
ID249,1991-06-30,4869.0
ID249,1991-09-30,4317.0
ID249,1991-12-31,9732.0
ID249,1992-03-31,10023.0
ID249,1992-06-30,3770.0
ID249,1992-09-30,3932.0
ID249,1992-12-31,8124.0
ID249,1993-03-31,10152.0
ID249,1993-06-30,4342.0
ID249,1993-09-30,3913.0
ID249,1993-12-31,9348.0
ID249,1994-03-31,10795.0
ID249,1994-06-30,4264.0
ID249,1994-09-30,4657.0
ID249,1994-12-31,10033.0
ID249,1995-03-31,10660.0
ID249,1995-06-30,4127.0
ID249,1995-09-30,4669.0
ID249,1995-12-31,9621.0
ID249,1996-03-31,10501.0
ID249,1996-06-30,4455.0
ID249,1996-09-30,4320.0
ID249,1996-12-31,9661.0
ID249,1997-03-31,11230.0
ID249,1997-06-30,4572.0
ID249,1997-09-30,4695.0
ID249,1997-12-31,9185.0
ID249,1998-03-31,11604.0
ID249,1998-06-30,4455.0
ID249,1998-09-30,4896.0
ID249,1998-12-31,10061.0
ID249,1999-03-31,12878.0
ID249,1999-06-30,4572.0
ID249,1999-09-30,4846.0
ID249,1999-12-31,11000.0
ID249,2000-03-31,12210.0
ID249,2000-06-30,4765.0
ID249,2000-09-30,4295.0
ID249,2000-12-31,11701.0
ID249,2001-03-31,14629.0
ID249,2001-06-30,5219.0
ID249,2001-09-30,5157.0
ID249,2001-12-31,11689.0
ID249,2002-03-31,16746.0
ID249,2002-06-30,4936.0
ID249,2002-09-30,5085.0
ID249,2002-12-31,12902.0
ID249,2003-03-31,16747.0
ID249,2003-06-30,5180.0
ID249,2003-09-30,5011.0
ID25,1976-03-31,170.0
ID25,1976-06-30,369.0
ID25,1976-09-30,653.0
ID25,1976-12-31,257.0
ID25,1977-03-31,177.0
ID25,1977-06-30,430.0
ID25,1977-09-30,662.0
ID25,1977-12-31,241.0
ID25,1978-03-31,170.0
ID25,1978-06-30,425.0
ID25,1978-09-30,676.0
ID25,1978-12-31,234.0
ID25,1979-03-31,163.0
ID25,1979-06-30,456.0
ID25,1979-09-30,780.0
ID25,1979-12-31,238.0
ID25,1980-03-31,189.0
ID25,1980-06-30,410.0
ID25,1980-09-30,675.0
ID25,1980-12-31,224.0
ID25,1981-03-31,156.0
ID25,1981-06-30,411.0
ID25,1981-09-30,641.0
ID25,1981-12-31,243.0
ID25,1982-03-31,171.0
ID25,1982-06-30,404.0
ID25,1982-09-30,581.0
ID25,1982-12-31,214.0
ID25,1983-03-31,152.0
ID25,1983-06-30,414.0
ID25,1983-09-30,560.0
ID25,1983-12-31,241.0
ID25,1984-03-31,160.0
ID25,1984-06-30,410.0
ID25,1984-09-30,587.0
ID25,1984-12-31,230.0
ID25,1985-03-31,181.0
ID25,1985-06-30,458.0
ID25,1985-09-30,647.0
ID25,1985-12-31,242.0
ID25,1986-03-31,184.0
ID25,1986-06-30,409.0
ID25,1986-09-30,639.0
ID25,1986-12-31,269.0
ID25,1987-03-31,209.0
ID25,1987-06-30,461.0
ID25,1987-09-30,725.0
ID25,1987-12-31,289.0
ID25,1988-03-31,229.0
ID25,1988-06-30,501.0
ID25,1988-09-30,797.0
ID25,1988-12-31,352.0
ID25,1989-03-31,268.0
ID25,1989-06-30,527.0
ID25,1989-09-30,835.0
ID25,1989-12-31,366.0
ID25,1990-03-31,287.0
ID25,1990-06-30,573.0
ID25,1990-09-30,849.0
ID25,1990-12-31,379.0
ID25,1991-03-31,250.0
ID25,1991-06-30,493.0
ID25,1991-09-30,745.0
ID25,1991-12-31,365.0
ID25,1992-03-31,268.0
ID25,1992-06-30,550.0
ID25,1992-09-30,808.0
ID25,1992-12-31,355.0
ID25,1993-03-31,267.0
ID25,1993-06-30,568.0
ID25,1993-09-30,831.0
ID25,1993-12-31,372.0
ID25,1994-03-31,290.0
ID25,1994-06-30,554.0
ID25,1994-09-30,867.0
ID25,1994-12-31,385.0
ID25,1995-03-31,305.0
ID25,1995-06-30,616.0
ID25,1995-09-30,941.0
ID25,1995-12-31,430.0
ID25,1996-03-31,362.0
ID25,1996-06-30,680.0
ID25,1996-09-30,968.0
ID25,1996-12-31,513.0
ID25,1997-03-31,472.0
ID25,1997-06-30,764.0
ID25,1997-09-30,1073.0
ID25,1997-12-31,558.0
ID25,1998-03-31,500.0
ID25,1998-06-30,858.0
ID25,1998-09-30,1177.0
ID25,1998-12-31,605.0
ID25,1999-03-31,528.0
ID25,1999-06-30,853.0
ID25,1999-09-30,1248.0
ID25,1999-12-31,620.0
ID25,2000-03-31,541.0
ID25,2000-06-30,910.0
ID25,2000-09-30,1237.0
ID25,2000-12-31,613.0
ID25,2001-03-31,534.0
ID25,2001-06-30,798.0
ID25,2001-09-30,1195.0
ID25,2001-12-31,553.0
ID25,2002-03-31,519.0
ID25,2002-06-30,809.0
ID250,1980-03-31,200.0
ID250,1980-06-30,620.0
ID250,1980-09-30,280.0
ID250,1980-12-31,468.0
ID250,1981-03-31,316.0
ID250,1981-06-30,588.0
ID250,1981-09-30,484.0
ID250,1981-12-31,248.0
ID250,1982-03-31,368.0
ID250,1982-06-30,308.0
ID250,1982-09-30,92.0
ID250,1982-12-31,124.0
ID250,1983-03-31,172.0
ID250,1983-06-30,120.0
ID250,1983-09-30,144.0
ID250,1983-12-31,120.0
ID250,1984-03-31,108.0
ID250,1984-06-30,108.0
ID250,1984-09-30,80.0
ID250,1984-12-31,168.0
ID250,1985-03-31,424.0
ID250,1985-06-30,316.0
ID250,1985-09-30,324.0
ID250,1985-12-31,440.0
ID250,1986-03-31,808.0
ID250,1986-06-30,490.0
ID250,1986-09-30,590.0
ID250,1986-12-31,654.0
ID250,1987-03-31,612.0
ID250,1987-06-30,890.0
ID250,1987-09-30,632.0
ID250,1987-12-31,614.0
ID250,1988-03-31,772.0
ID250,1988-06-30,493.0
ID250,1988-09-30,504.0
ID250,1988-12-31,506.0
ID250,1989-03-31,736.0
ID250,1989-06-30,414.0
ID250,1989-09-30,478.0
ID250,1989-12-31,655.0
ID250,1990-03-31,580.0
ID250,1990-06-30,432.0
ID250,1990-09-30,529.0
ID250,1990-12-31,614.0
ID250,1991-03-31,690.0
ID250,1991-06-30,439.0
ID250,1991-09-30,528.0
ID250,1991-12-31,894.0
ID250,1992-03-31,936.0
ID250,1992-06-30,400.0
ID250,1992-09-30,777.0
ID250,1992-12-31,728.0
ID250,1993-03-31,840.0
ID250,1993-06-30,753.0
ID250,1993-09-30,770.0
ID250,1993-12-31,767.0
ID250,1994-03-31,1442.0
ID250,1994-06-30,678.0
ID250,1994-09-30,854.0
ID250,1994-12-31,1442.0
ID250,1995-03-31,1644.0
ID250,1995-06-30,744.0
ID250,1995-09-30,786.0
ID250,1995-12-31,1125.0
ID250,1996-03-31,1984.0
ID250,1996-06-30,1129.0
ID250,1996-09-30,832.0
ID250,1996-12-31,1841.0
ID250,1997-03-31,2404.0
ID250,1997-06-30,1129.0
ID250,1997-09-30,1263.0
ID250,1997-12-31,1618.0
ID250,1998-03-31,2567.0
ID250,1998-06-30,1011.0
ID250,1998-09-30,1200.0
ID250,1998-12-31,1634.0
ID250,1999-03-31,2854.0
ID250,1999-06-30,1124.0
ID250,1999-09-30,1108.0
ID250,1999-12-31,1902.0
ID250,2000-03-31,3236.0
ID250,2000-06-30,1446.0
ID250,2000-09-30,1066.0
ID250,2000-12-31,2277.0
ID250,2001-03-31,3416.0
ID250,2001-06-30,1453.0
ID250,2001-09-30,1561.0
ID250,2001-12-31,1459.0
ID250,2002-03-31,2510.0
ID250,2002-06-30,1185.0
ID250,2002-09-30,1257.0
ID250,2002-12-31,1532.0
ID250,2003-03-31,1911.0
ID250,2003-06-30,1047.0
ID250,2003-09-30,1118.0
ID251,1980-03-31,48.0
ID251,1980-06-30,44.0
ID251,1980-09-30,28.0
ID251,1980-12-31,48.0
ID251,1981-03-31,45.0
ID251,1981-06-30,32.0
ID251,1981-09-30,36.0
ID251,1981-12-31,108.0
ID251,1982-03-31,72.0
ID251,1982-06-30,32.0
ID251,1982-09-30,20.0
ID251,1982-12-31,60.0
ID251,1983-03-31,32.0
ID251,1983-06-30,32.0
ID251,1983-09-30,36.0
ID251,1983-12-31,36.0
ID251,1984-03-31,40.0
ID251,1984-06-30,32.0
ID251,1984-09-30,32.0
ID251,1984-12-31,44.0
ID251,1985-03-31,72.0
ID251,1985-06-30,32.0
ID251,1985-09-30,44.0
ID251,1985-12-31,104.0
ID251,1986-03-31,52.0
ID251,1986-06-30,64.0
ID251,1986-09-30,70.0
ID251,1986-12-31,108.0
ID251,1987-03-31,60.0
ID251,1987-06-30,43.0
ID251,1987-09-30,32.0
ID251,1987-12-31,214.0
ID251,1988-03-31,131.0
ID251,1988-06-30,92.0
ID251,1988-09-30,66.0
ID251,1988-12-31,66.0
ID251,1989-03-31,67.0
ID251,1989-06-30,99.0
ID251,1989-09-30,53.0
ID251,1989-12-31,77.0
ID251,1990-03-31,114.0
ID251,1990-06-30,81.0
ID251,1990-09-30,65.0
ID251,1990-12-31,151.0
ID251,1991-03-31,68.0
ID251,1991-06-30,72.0
ID251,1991-09-30,75.0
ID251,1991-12-31,92.0
ID251,1992-03-31,107.0
ID251,1992-06-30,90.0
ID251,1992-09-30,56.0
ID251,1992-12-31,199.0
ID251,1993-03-31,156.0
ID251,1993-06-30,80.0
ID251,1993-09-30,78.0
ID251,1993-12-31,240.0
ID251,1994-03-31,129.0
ID251,1994-06-30,92.0
ID251,1994-09-30,150.0
ID251,1994-12-31,267.0
ID251,1995-03-31,250.0
ID251,1995-06-30,112.0
ID251,1995-09-30,195.0
ID251,1995-12-31,363.0
ID251,1996-03-31,193.0
ID251,1996-06-30,142.0
ID251,1996-09-30,208.0
ID251,1996-12-31,404.0
ID251,1997-03-31,269.0
ID251,1997-06-30,166.0
ID251,1997-09-30,120.0
ID251,1997-12-31,277.0
ID251,1998-03-31,251.0
ID251,1998-06-30,171.0
ID251,1998-09-30,180.0
ID251,1998-12-31,342.0
ID251,1999-03-31,411.0
ID251,1999-06-30,227.0
ID251,1999-09-30,292.0
ID251,1999-12-31,310.0
ID251,2000-03-31,363.0
ID251,2000-06-30,262.0
ID251,2000-09-30,333.0
ID251,2000-12-31,378.0
ID251,2001-03-31,296.0
ID251,2001-06-30,365.0
ID251,2001-09-30,286.0
ID251,2001-12-31,400.0
ID251,2002-03-31,426.0
ID251,2002-06-30,249.0
ID251,2002-09-30,268.0
ID251,2002-12-31,462.0
ID251,2003-03-31,208.0
ID251,2003-06-30,399.0
ID251,2003-09-30,313.0
ID252,1980-03-31,40.0
ID252,1980-06-30,88.0
ID252,1980-09-30,20.0
ID252,1980-12-31,40.0
ID252,1981-03-31,8.0
ID252,1981-06-30,56.0
ID252,1981-09-30,32.0
ID252,1981-12-31,40.0
ID252,1982-03-31,36.0
ID252,1982-06-30,64.0
ID252,1982-09-30,24.0
ID252,1982-12-31,16.0
ID252,1983-03-31,36.0
ID252,1983-06-30,64.0
ID252,1983-09-30,16.0
ID252,1983-12-31,24.0
ID252,1984-03-31,12.0
ID252,1984-06-30,20.0
ID252,1984-09-30,44.0
ID252,1984-12-31,60.0
ID252,1985-03-31,48.0
ID252,1985-06-30,72.0
ID252,1985-09-30,32.0
ID252,1985-12-31,60.0
ID252,1986-03-31,64.0
ID252,1986-06-30,74.0
ID252,1986-09-30,125.0
ID252,1986-12-31,90.0
ID252,1987-03-31,60.0
ID252,1987-06-30,61.0
ID252,1987-09-30,48.0
ID252,1987-12-31,29.0
ID252,1988-03-31,63.0
ID252,1988-06-30,74.0
ID252,1988-09-30,78.0
ID252,1988-12-31,110.0
ID252,1989-03-31,74.0
ID252,1989-06-30,72.0
ID252,1989-09-30,54.0
ID252,1989-12-31,115.0
ID252,1990-03-31,54.0
ID252,1990-06-30,108.0
ID252,1990-09-30,107.0
ID252,1990-12-31,55.0
ID252,1991-03-31,30.0
ID252,1991-06-30,38.0
ID252,1991-09-30,63.0
ID252,1991-12-31,79.0
ID252,1992-03-31,10.0
ID252,1992-06-30,40.0
ID252,1992-09-30,67.0
ID252,1992-12-31,84.0
ID252,1993-03-31,48.0
ID252,1993-06-30,102.0
ID252,1993-09-30,100.0
ID252,1993-12-31,50.0
ID252,1994-03-31,171.0
ID252,1994-06-30,98.0
ID252,1994-09-30,113.0
ID252,1994-12-31,98.0
ID252,1995-03-31,45.0
ID252,1995-06-30,103.0
ID252,1995-09-30,112.0
ID252,1995-12-31,60.0
ID252,1996-03-31,131.0
ID252,1996-06-30,126.0
ID252,1996-09-30,128.0
ID252,1996-12-31,85.0
ID252,1997-03-31,155.0
ID252,1997-06-30,104.0
ID252,1997-09-30,111.0
ID252,1997-12-31,134.0
ID252,1998-03-31,190.0
ID252,1998-06-30,133.0
ID252,1998-09-30,132.0
ID252,1998-12-31,164.0
ID252,1999-03-31,110.0
ID252,1999-06-30,201.0
ID252,1999-09-30,198.0
ID252,1999-12-31,184.0
ID252,2000-03-31,75.0
ID252,2000-06-30,135.0
ID252,2000-09-30,161.0
ID252,2000-12-31,147.0
ID252,2001-03-31,148.0
ID252,2001-06-30,56.0
ID252,2001-09-30,145.0
ID252,2001-12-31,196.0
ID252,2002-03-31,122.0
ID252,2002-06-30,185.0
ID252,2002-09-30,161.0
ID252,2002-12-31,164.0
ID252,2003-03-31,194.0
ID252,2003-06-30,138.0
ID252,2003-09-30,200.0
ID253,1980-03-31,100.0
ID253,1980-06-30,104.0
ID253,1980-09-30,60.0
ID253,1980-12-31,224.0
ID253,1981-03-31,268.0
ID253,1981-06-30,148.0
ID253,1981-09-30,104.0
ID253,1981-12-31,108.0
ID253,1982-03-31,188.0
ID253,1982-06-30,104.0
ID253,1982-09-30,28.0
ID253,1982-12-31,32.0
ID253,1983-03-31,64.0
ID253,1983-06-30,24.0
ID253,1983-09-30,32.0
ID253,1983-12-31,36.0
ID253,1984-03-31,40.0
ID253,1984-06-30,8.0
ID253,1984-09-30,8.0
ID253,1984-12-31,52.0
ID253,1985-03-31,284.0
ID253,1985-06-30,116.0
ID253,1985-09-30,220.0
ID253,1985-12-31,448.0
ID253,1986-03-31,828.0
ID253,1986-06-30,207.0
ID253,1986-09-30,415.0
ID253,1986-12-31,432.0
ID253,1987-03-31,720.0
ID253,1987-06-30,323.0
ID253,1987-09-30,456.0
ID253,1987-12-31,433.0
ID253,1988-03-31,381.0
ID253,1988-06-30,444.0
ID253,1988-09-30,350.0
ID253,1988-12-31,385.0
ID253,1989-03-31,295.0
ID253,1989-06-30,216.0
ID253,1989-09-30,106.0
ID253,1989-12-31,169.0
ID253,1990-03-31,132.0
ID253,1990-06-30,153.0
ID253,1990-09-30,170.0
ID253,1990-12-31,113.0
ID253,1991-03-31,286.0
ID253,1991-06-30,165.0
ID253,1991-09-30,159.0
ID253,1991-12-31,239.0
ID253,1992-03-31,357.0
ID253,1992-06-30,150.0
ID253,1992-09-30,449.0
ID253,1992-12-31,94.0
ID253,1993-03-31,948.0
ID253,1993-06-30,268.0
ID253,1993-09-30,415.0
ID253,1993-12-31,181.0
ID253,1994-03-31,474.0
ID253,1994-06-30,252.0
ID253,1994-09-30,325.0
ID253,1994-12-31,554.0
ID253,1995-03-31,561.0
ID253,1995-06-30,319.0
ID253,1995-09-30,544.0
ID253,1995-12-31,289.0
ID253,1996-03-31,293.0
ID253,1996-06-30,312.0
ID253,1996-09-30,640.0
ID253,1996-12-31,456.0
ID253,1997-03-31,596.0
ID253,1997-06-30,466.0
ID253,1997-09-30,554.0
ID253,1997-12-31,259.0
ID253,1998-03-31,802.0
ID253,1998-06-30,349.0
ID253,1998-09-30,480.0
ID253,1998-12-31,369.0
ID253,1999-03-31,760.0
ID253,1999-06-30,297.0
ID253,1999-09-30,651.0
ID253,1999-12-31,542.0
ID253,2000-03-31,1046.0
ID253,2000-06-30,443.0
ID253,2000-09-30,563.0
ID253,2000-12-31,538.0
ID253,2001-03-31,1129.0
ID253,2001-06-30,572.0
ID253,2001-09-30,851.0
ID253,2001-12-31,635.0
ID253,2002-03-31,932.0
ID253,2002-06-30,691.0
ID253,2002-09-30,815.0
ID253,2002-12-31,600.0
ID253,2003-03-31,1073.0
ID253,2003-06-30,464.0
ID253,2003-09-30,648.0
ID254,1980-03-31,388.0
ID254,1980-06-30,856.0
ID254,1980-09-30,388.0
ID254,1980-12-31,780.0
ID254,1981-03-31,637.0
ID254,1981-06-30,824.0
ID254,1981-09-30,656.0
ID254,1981-12-31,504.0
ID254,1982-03-31,664.0
ID254,1982-06-30,508.0
ID254,1982-09-30,164.0
ID254,1982-12-31,232.0
ID254,1983-03-31,304.0
ID254,1983-06-30,240.0
ID254,1983-09-30,228.0
ID254,1983-12-31,216.0
ID254,1984-03-31,200.0
ID254,1984-06-30,168.0
ID254,1984-09-30,164.0
ID254,1984-12-31,324.0
ID254,1985-03-31,828.0
ID254,1985-06-30,536.0
ID254,1985-09-30,620.0
ID254,1985-12-31,1052.0
ID254,1986-03-31,1752.0
ID254,1986-06-30,835.0
ID254,1986-09-30,1200.0
ID254,1986-12-31,1284.0
ID254,1987-03-31,1452.0
ID254,1987-06-30,1317.0
ID254,1987-09-30,1168.0
ID254,1987-12-31,1290.0
ID254,1988-03-31,1347.0
ID254,1988-06-30,1103.0
ID254,1988-09-30,998.0
ID254,1988-12-31,1067.0
ID254,1989-03-31,1172.0
ID254,1989-06-30,801.0
ID254,1989-09-30,691.0
ID254,1989-12-31,1016.0
ID254,1990-03-31,880.0
ID254,1990-06-30,774.0
ID254,1990-09-30,871.0
ID254,1990-12-31,933.0
ID254,1991-03-31,1074.0
ID254,1991-06-30,714.0
ID254,1991-09-30,825.0
ID254,1991-12-31,1304.0
ID254,1992-03-31,1410.0
ID254,1992-06-30,680.0
ID254,1992-09-30,1349.0
ID254,1992-12-31,1105.0
ID254,1993-03-31,1992.0
ID254,1993-06-30,1203.0
ID254,1993-09-30,1363.0
ID254,1993-12-31,1238.0
ID254,1994-03-31,2216.0
ID254,1994-06-30,1120.0
ID254,1994-09-30,1442.0
ID254,1994-12-31,2361.0
ID254,1995-03-31,2500.0
ID254,1995-06-30,1278.0
ID254,1995-09-30,1637.0
ID254,1995-12-31,1837.0
ID254,1996-03-31,2601.0
ID254,1996-06-30,1709.0
ID254,1996-09-30,1808.0
ID254,1996-12-31,2786.0
ID254,1997-03-31,3424.0
ID254,1997-06-30,1865.0
ID254,1997-09-30,2048.0
ID254,1997-12-31,2288.0
ID254,1998-03-31,3810.0
ID254,1998-06-30,1664.0
ID254,1998-09-30,1992.0
ID254,1998-12-31,2509.0
ID254,1999-03-31,4135.0
ID254,1999-06-30,1849.0
ID254,1999-09-30,2249.0
ID254,1999-12-31,2938.0
ID254,2000-03-31,4720.0
ID254,2000-06-30,2286.0
ID254,2000-09-30,2123.0
ID254,2000-12-31,3340.0
ID254,2001-03-31,4989.0
ID254,2001-06-30,2446.0
ID254,2001-09-30,2843.0
ID254,2001-12-31,2690.0
ID254,2002-03-31,3990.0
ID254,2002-06-30,2310.0
ID254,2002-09-30,2501.0
ID254,2002-12-31,2758.0
ID254,2003-03-31,3386.0
ID254,2003-06-30,2048.0
ID254,2003-09-30,2279.0
ID255,1980-03-31,92.0
ID255,1980-06-30,128.0
ID255,1980-09-30,148.0
ID255,1980-12-31,180.0
ID255,1981-03-31,92.0
ID255,1981-06-30,124.0
ID255,1981-09-30,168.0
ID255,1981-12-31,188.0
ID255,1982-03-31,164.0
ID255,1982-06-30,100.0
ID255,1982-09-30,80.0
ID255,1982-12-31,148.0
ID255,1983-03-31,112.0
ID255,1983-06-30,84.0
ID255,1983-09-30,224.0
ID255,1983-12-31,108.0
ID255,1984-03-31,112.0
ID255,1984-06-30,96.0
ID255,1984-09-30,124.0
ID255,1984-12-31,152.0
ID255,1985-03-31,128.0
ID255,1985-06-30,164.0
ID255,1985-09-30,164.0
ID255,1985-12-31,172.0
ID255,1986-03-31,264.0
ID255,1986-06-30,125.0
ID255,1986-09-30,245.0
ID255,1986-12-31,294.0
ID255,1987-03-31,246.0
ID255,1987-06-30,167.0
ID255,1987-09-30,328.0
ID255,1987-12-31,324.0
ID255,1988-03-31,230.0
ID255,1988-06-30,155.0
ID255,1988-09-30,280.0
ID255,1988-12-31,264.0
ID255,1989-03-31,202.0
ID255,1989-06-30,135.0
ID255,1989-09-30,170.0
ID255,1989-12-31,403.0
ID255,1990-03-31,330.0
ID255,1990-06-30,180.0
ID255,1990-09-30,393.0
ID255,1990-12-31,416.0
ID255,1991-03-31,174.0
ID255,1991-06-30,182.0
ID255,1991-09-30,264.0
ID255,1991-12-31,268.0
ID255,1992-03-31,326.0
ID255,1992-06-30,290.0
ID255,1992-09-30,315.0
ID255,1992-12-31,421.0
ID255,1993-03-31,216.0
ID255,1993-06-30,367.0
ID255,1993-09-30,302.0
ID255,1993-12-31,517.0
ID255,1994-03-31,566.0
ID255,1994-06-30,278.0
ID255,1994-09-30,397.0
ID255,1994-12-31,672.0
ID255,1995-03-31,333.0
ID255,1995-06-30,264.0
ID255,1995-09-30,343.0
ID255,1995-12-31,478.0
ID255,1996-03-31,390.0
ID255,1996-06-30,299.0
ID255,1996-09-30,240.0
ID255,1996-12-31,469.0
ID255,1997-03-31,422.0
ID255,1997-06-30,233.0
ID255,1997-09-30,206.0
ID255,1997-12-31,543.0
ID255,1998-03-31,378.0
ID255,1998-06-30,247.0
ID255,1998-09-30,252.0
ID255,1998-12-31,496.0
ID255,1999-03-31,450.0
ID255,1999-06-30,336.0
ID255,1999-09-30,322.0
ID255,1999-12-31,830.0
ID255,2000-03-31,528.0
ID255,2000-06-30,438.0
ID255,2000-09-30,604.0
ID255,2000-12-31,908.0
ID255,2001-03-31,471.0
ID255,2001-06-30,516.0
ID255,2001-09-30,429.0
ID255,2001-12-31,703.0
ID255,2002-03-31,1181.0
ID255,2002-06-30,464.0
ID255,2002-09-30,764.0
ID255,2002-12-31,1026.0
ID255,2003-03-31,681.0
ID255,2003-06-30,468.0
ID255,2003-09-30,621.0
ID256,1980-03-31,4.0
ID256,1980-06-30,37.0
ID256,1980-09-30,12.0
ID256,1980-12-31,60.0
ID256,1981-03-31,40.0
ID256,1981-06-30,36.0
ID256,1981-09-30,16.0
ID256,1981-12-31,56.0
ID256,1982-03-31,28.0
ID256,1982-06-30,20.0
ID256,1982-09-30,52.0
ID256,1982-12-31,72.0
ID256,1983-03-31,56.0
ID256,1983-06-30,32.0
ID256,1983-09-30,28.0
ID256,1983-12-31,84.0
ID256,1984-03-31,16.0
ID256,1984-06-30,12.0
ID256,1984-09-30,32.0
ID256,1984-12-31,48.0
ID256,1985-03-31,44.0
ID256,1985-06-30,20.0
ID256,1985-09-30,16.0
ID256,1985-12-31,48.0
ID256,1986-03-31,8.0
ID256,1986-06-30,41.0
ID256,1986-09-30,60.0
ID256,1986-12-31,78.0
ID256,1987-03-31,30.0
ID256,1987-06-30,37.0
ID256,1987-09-30,120.0
ID256,1987-12-31,72.0
ID256,1988-03-31,85.0
ID256,1988-06-30,66.0
ID256,1988-09-30,107.0
ID256,1988-12-31,77.0
ID256,1989-03-31,38.0
ID256,1989-06-30,36.0
ID256,1989-09-30,62.0
ID256,1989-12-31,53.0
ID256,1990-03-31,66.0
ID256,1990-06-30,90.0
ID256,1990-09-30,98.0
ID256,1990-12-31,59.0
ID256,1991-03-31,98.0
ID256,1991-06-30,34.0
ID256,1991-09-30,65.0
ID256,1991-12-31,141.0
ID256,1992-03-31,21.0
ID256,1992-06-30,70.0
ID256,1992-09-30,67.0
ID256,1992-12-31,71.0
ID256,1993-03-31,60.0
ID256,1993-06-30,89.0
ID256,1993-09-30,67.0
ID256,1993-12-31,121.0
ID256,1994-03-31,65.0
ID256,1994-06-30,58.0
ID256,1994-09-30,87.0
ID256,1994-12-31,144.0
ID256,1995-03-31,77.0
ID256,1995-06-30,68.0
ID256,1995-09-30,194.0
ID256,1995-12-31,189.0
ID256,1996-03-31,130.0
ID256,1996-06-30,83.0
ID256,1996-09-30,96.0
ID256,1996-12-31,210.0
ID256,1997-03-31,102.0
ID256,1997-06-30,59.0
ID256,1997-09-30,79.0
ID256,1997-12-31,201.0
ID256,1998-03-31,131.0
ID256,1998-06-30,93.0
ID256,1998-09-30,108.0
ID256,1998-12-31,157.0
ID256,1999-03-31,139.0
ID256,1999-06-30,33.0
ID256,1999-09-30,133.0
ID256,1999-12-31,214.0
ID256,2000-03-31,98.0
ID256,2000-06-30,113.0
ID256,2000-09-30,133.0
ID256,2000-12-31,234.0
ID256,2001-03-31,202.0
ID256,2001-06-30,168.0
ID256,2001-09-30,143.0
ID256,2001-12-31,132.0
ID256,2002-03-31,134.0
ID256,2002-06-30,105.0
ID256,2002-09-30,195.0
ID256,2002-12-31,204.0
ID256,2003-03-31,203.0
ID256,2003-06-30,69.0
ID256,2003-09-30,190.0
ID257,1980-03-31,16.0
ID257,1980-06-30,0.0
ID257,1980-09-30,20.0
ID257,1980-12-31,36.0
ID257,1981-03-31,20.0
ID257,1981-06-30,28.0
ID257,1981-09-30,28.0
ID257,1981-12-31,16.0
ID257,1982-03-31,20.0
ID257,1982-06-30,16.0
ID257,1982-09-30,12.0
ID257,1982-12-31,16.0
ID257,1983-03-31,36.0
ID257,1983-06-30,8.0
ID257,1983-09-30,28.0
ID257,1983-12-31,20.0
ID257,1984-03-31,20.0
ID257,1984-06-30,20.0
ID257,1984-09-30,8.0
ID257,1984-12-31,8.0
ID257,1985-03-31,20.0
ID257,1985-06-30,56.0
ID257,1985-09-30,12.0
ID257,1985-12-31,8.0
ID257,1986-03-31,0.0
ID257,1986-06-30,18.0
ID257,1986-09-30,5.0
ID257,1986-12-31,0.0
ID257,1987-03-31,30.0
ID257,1987-06-30,18.0
ID257,1987-09-30,32.0
ID257,1987-12-31,8.0
ID257,1988-03-31,20.0
ID257,1988-06-30,0.0
ID257,1988-09-30,19.0
ID257,1988-12-31,44.0
ID257,1989-03-31,27.0
ID257,1989-06-30,18.0
ID257,1989-09-30,43.0
ID257,1989-12-31,51.0
ID257,1990-03-31,32.0
ID257,1990-06-30,45.0
ID257,1990-09-30,10.0
ID257,1990-12-31,56.0
ID257,1991-03-31,40.0
ID257,1991-06-30,0.0
ID257,1991-09-30,44.0
ID257,1991-12-31,12.0
ID257,1992-03-31,22.0
ID257,1992-06-30,50.0
ID257,1992-09-30,57.0
ID257,1992-12-31,11.0
ID257,1993-03-31,48.0
ID257,1993-06-30,95.0
ID257,1993-09-30,12.0
ID257,1993-12-31,52.0
ID257,1994-03-31,40.0
ID257,1994-06-30,24.0
ID257,1994-09-30,22.0
ID257,1994-12-31,29.0
ID257,1995-03-31,46.0
ID257,1995-06-30,66.0
ID257,1995-09-30,27.0
ID257,1995-12-31,46.0
ID257,1996-03-31,66.0
ID257,1996-06-30,28.0
ID257,1996-09-30,32.0
ID257,1996-12-31,17.0
ID257,1997-03-31,51.0
ID257,1997-06-30,59.0
ID257,1997-09-30,0.0
ID257,1997-12-31,36.0
ID257,1998-03-31,13.0
ID257,1998-06-30,60.0
ID257,1998-09-30,60.0
ID257,1998-12-31,67.0
ID257,1999-03-31,42.0
ID257,1999-06-30,41.0
ID257,1999-09-30,78.0
ID257,1999-12-31,72.0
ID257,2000-03-31,109.0
ID257,2000-06-30,79.0
ID257,2000-09-30,89.0
ID257,2000-12-31,32.0
ID257,2001-03-31,85.0
ID257,2001-06-30,30.0
ID257,2001-09-30,32.0
ID257,2001-12-31,17.0
ID257,2002-03-31,21.0
ID257,2002-06-30,34.0
ID257,2002-09-30,15.0
ID257,2002-12-31,72.0
ID257,2003-03-31,80.0
ID257,2003-06-30,64.0
ID257,2003-09-30,33.0
ID258,1980-03-31,72.0
ID258,1980-06-30,104.0
ID258,1980-09-30,136.0
ID258,1980-12-31,40.0
ID258,1981-03-31,76.0
ID258,1981-06-30,20.0
ID258,1981-09-30,60.0
ID258,1981-12-31,96.0
ID258,1982-03-31,40.0
ID258,1982-06-30,29.0
ID258,1982-09-30,4.0
ID258,1982-12-31,16.0
ID258,1983-03-31,56.0
ID258,1983-06-30,16.0
ID258,1983-09-30,68.0
ID258,1983-12-31,16.0
ID258,1984-03-31,12.0
ID258,1984-06-30,24.0
ID258,1984-09-30,32.0
ID258,1984-12-31,8.0
ID258,1985-03-31,20.0
ID258,1985-06-30,28.0
ID258,1985-09-30,16.0
ID258,1985-12-31,40.0
ID258,1986-03-31,48.0
ID258,1986-06-30,55.0
ID258,1986-09-30,40.0
ID258,1986-12-31,42.0
ID258,1987-03-31,72.0
ID258,1987-06-30,19.0
ID258,1987-09-30,96.0
ID258,1987-12-31,45.0
ID258,1988-03-31,54.0
ID258,1988-06-30,58.0
ID258,1988-09-30,28.0
ID258,1988-12-31,55.0
ID258,1989-03-31,27.0
ID258,1989-06-30,54.0
ID258,1989-09-30,42.0
ID258,1989-12-31,42.0
ID258,1990-03-31,126.0
ID258,1990-06-30,162.0
ID258,1990-09-30,74.0
ID258,1990-12-31,45.0
ID258,1991-03-31,60.0
ID258,1991-06-30,27.0
ID258,1991-09-30,55.0
ID258,1991-12-31,34.0
ID258,1992-03-31,98.0
ID258,1992-06-30,20.0
ID258,1992-09-30,33.0
ID258,1992-12-31,48.0
ID258,1993-03-31,72.0
ID258,1993-06-30,91.0
ID258,1993-09-30,67.0
ID258,1993-12-31,64.0
ID258,1994-03-31,90.0
ID258,1994-06-30,46.0
ID258,1994-09-30,50.0
ID258,1994-12-31,170.0
ID258,1995-03-31,62.0
ID258,1995-06-30,79.0
ID258,1995-09-30,68.0
ID258,1995-12-31,16.0
ID258,1996-03-31,17.0
ID258,1996-06-30,109.0
ID258,1996-09-30,64.0
ID258,1996-12-31,106.0
ID258,1997-03-31,138.0
ID258,1997-06-30,76.0
ID258,1997-09-30,83.0
ID258,1997-12-31,100.0
ID258,1998-03-31,116.0
ID258,1998-06-30,71.0
ID258,1998-09-30,12.0
ID258,1998-12-31,117.0
ID258,1999-03-31,152.0
ID258,1999-06-30,97.0
ID258,1999-09-30,171.0
ID258,1999-12-31,154.0
ID258,2000-03-31,147.0
ID258,2000-06-30,52.0
ID258,2000-09-30,88.0
ID258,2000-12-31,97.0
ID258,2001-03-31,34.0
ID258,2001-06-30,99.0
ID258,2001-09-30,79.0
ID258,2001-12-31,113.0
ID258,2002-03-31,159.0
ID258,2002-06-30,217.0
ID258,2002-09-30,109.0
ID258,2002-12-31,36.0
ID258,2003-03-31,195.0
ID258,2003-06-30,92.0
ID258,2003-09-30,118.0
ID259,1980-03-31,184.0
ID259,1980-06-30,269.0
ID259,1980-09-30,316.0
ID259,1980-12-31,316.0
ID259,1981-03-31,228.0
ID259,1981-06-30,208.0
ID259,1981-09-30,272.0
ID259,1981-12-31,356.0
ID259,1982-03-31,252.0
ID259,1982-06-30,165.0
ID259,1982-09-30,148.0
ID259,1982-12-31,252.0
ID259,1983-03-31,260.0
ID259,1983-06-30,140.0
ID259,1983-09-30,348.0
ID259,1983-12-31,228.0
ID259,1984-03-31,160.0
ID259,1984-06-30,152.0
ID259,1984-09-30,196.0
ID259,1984-12-31,216.0
ID259,1985-03-31,212.0
ID259,1985-06-30,268.0
ID259,1985-09-30,208.0
ID259,1985-12-31,268.0
ID259,1986-03-31,320.0
ID259,1986-06-30,239.0
ID259,1986-09-30,350.0
ID259,1986-12-31,414.0
ID259,1987-03-31,378.0
ID259,1987-06-30,241.0
ID259,1987-09-30,576.0
ID259,1987-12-31,449.0
ID259,1988-03-31,389.0
ID259,1988-06-30,279.0
ID259,1988-09-30,434.0
ID259,1988-12-31,440.0
ID259,1989-03-31,294.0
ID259,1989-06-30,243.0
ID259,1989-09-30,317.0
ID259,1989-12-31,549.0
ID259,1990-03-31,554.0
ID259,1990-06-30,477.0
ID259,1990-09-30,575.0
ID259,1990-12-31,576.0
ID259,1991-03-31,372.0
ID259,1991-06-30,243.0
ID259,1991-09-30,428.0
ID259,1991-12-31,455.0
ID259,1992-03-31,467.0
ID259,1992-06-30,430.0
ID259,1992-09-30,472.0
ID259,1992-12-31,551.0
ID259,1993-03-31,396.0
ID259,1993-06-30,642.0
ID259,1993-09-30,448.0
ID259,1993-12-31,754.0
ID259,1994-03-31,761.0
ID259,1994-06-30,406.0
ID259,1994-09-30,556.0
ID259,1994-12-31,1015.0
ID259,1995-03-31,518.0
ID259,1995-06-30,477.0
ID259,1995-09-30,632.0
ID259,1995-12-31,729.0
ID259,1996-03-31,603.0
ID259,1996-06-30,519.0
ID259,1996-09-30,432.0
ID259,1996-12-31,802.0
ID259,1997-03-31,713.0
ID259,1997-06-30,427.0
ID259,1997-09-30,368.0
ID259,1997-12-31,880.0
ID259,1998-03-31,638.0
ID259,1998-06-30,471.0
ID259,1998-09-30,432.0
ID259,1998-12-31,837.0
ID259,1999-03-31,783.0
ID259,1999-06-30,507.0
ID259,1999-09-30,704.0
ID259,1999-12-31,1270.0
ID259,2000-03-31,882.0
ID259,2000-06-30,682.0
ID259,2000-09-30,914.0
ID259,2000-12-31,1271.0
ID259,2001-03-31,792.0
ID259,2001-06-30,813.0
ID259,2001-09-30,683.0
ID259,2001-12-31,965.0
ID259,2002-03-31,1495.0
ID259,2002-06-30,820.0
ID259,2002-09-30,1083.0
ID259,2002-12-31,1338.0
ID259,2003-03-31,1159.0
ID259,2003-06-30,693.0
ID259,2003-09-30,962.0
ID26,1979-12-31,45.0
ID26,1980-03-31,35.0
ID26,1980-06-30,59.0
ID26,1980-09-30,102.0
ID26,1980-12-31,48.0
ID26,1981-03-31,38.0
ID26,1981-06-30,64.0
ID26,1981-09-30,114.0
ID26,1981-12-31,55.0
ID26,1982-03-31,39.0
ID26,1982-06-30,66.0
ID26,1982-09-30,110.0
ID26,1982-12-31,55.0
ID26,1983-03-31,43.0
ID26,1983-06-30,80.0
ID26,1983-09-30,140.0
ID26,1983-12-31,67.0
ID26,1984-03-31,45.0
ID26,1984-06-30,113.0
ID26,1984-09-30,183.0
ID26,1984-12-31,89.0
ID26,1985-03-31,55.0
ID26,1985-06-30,132.0
ID26,1985-09-30,209.0
ID26,1985-12-31,103.0
ID26,1986-03-31,70.0
ID26,1986-06-30,168.0
ID26,1986-09-30,252.0
ID26,1986-12-31,127.0
ID26,1987-03-31,73.0
ID26,1987-06-30,190.0
ID26,1987-09-30,255.0
ID26,1987-12-31,134.0
ID26,1988-03-31,83.0
ID26,1988-06-30,222.0
ID26,1988-09-30,322.0
ID26,1988-12-31,187.0
ID26,1989-03-31,122.0
ID26,1989-06-30,289.0
ID26,1989-09-30,420.0
ID26,1989-12-31,240.0
ID26,1990-03-31,173.0
ID26,1990-06-30,400.0
ID26,1990-09-30,503.0
ID26,1990-12-31,250.0
ID26,1991-03-31,95.0
ID26,1991-06-30,326.0
ID26,1991-09-30,535.0
ID26,1991-12-31,366.0
ID26,1992-03-31,257.0
ID26,1992-06-30,635.0
ID26,1992-09-30,798.0
ID26,1992-12-31,457.0
ID26,1993-03-31,320.0
ID26,1993-06-30,561.0
ID26,1993-09-30,680.0
ID26,1993-12-31,386.0
ID26,1994-03-31,252.0
ID26,1994-06-30,572.0
ID26,1994-09-30,729.0
ID26,1994-12-31,389.0
ID26,1995-03-31,220.0
ID26,1995-06-30,554.0
ID26,1995-09-30,690.0
ID26,1995-12-31,370.0
ID26,1996-03-31,245.0
ID26,1996-06-30,421.0
ID26,1996-09-30,531.0
ID26,1996-12-31,325.0
ID26,1997-03-31,226.0
ID26,1997-06-30,459.0
ID26,1997-09-30,622.0
ID26,1997-12-31,386.0
ID26,1998-03-31,236.0
ID26,1998-06-30,561.0
ID26,1998-09-30,813.0
ID26,1998-12-31,424.0
ID26,1999-03-31,268.0
ID26,1999-06-30,655.0
ID26,1999-09-30,925.0
ID26,1999-12-31,487.0
ID26,2000-03-31,295.0
ID26,2000-06-30,760.0
ID26,2000-09-30,1053.0
ID26,2000-12-31,562.0
ID26,2001-03-31,306.0
ID26,2001-06-30,808.0
ID26,2001-09-30,1183.0
ID26,2001-12-31,560.0
ID26,2002-03-31,302.0
ID26,2002-06-30,778.0
ID260,1980-03-31,28664.0
ID260,1980-06-30,8449.0
ID260,1980-09-30,7236.0
ID260,1980-12-31,21374.0
ID260,1981-03-31,25752.0
ID260,1981-06-30,9592.0
ID260,1981-09-30,10310.0
ID260,1981-12-31,19820.0
ID260,1982-03-31,21980.0
ID260,1982-06-30,11144.0
ID260,1982-09-30,11632.0
ID260,1982-12-31,18822.0
ID260,1983-03-31,20896.0
ID260,1983-06-30,13400.0
ID260,1983-09-30,15176.0
ID260,1983-12-31,22196.0
ID260,1984-03-31,29368.0
ID260,1984-06-30,16908.0
ID260,1984-09-30,13908.0
ID260,1984-12-31,26317.0
ID260,1985-03-31,31736.0
ID260,1985-06-30,20572.0
ID260,1985-09-30,16953.0
ID260,1985-12-31,43704.0
ID260,1986-03-31,43500.0
ID260,1986-06-30,25486.0
ID260,1986-09-30,22201.0
ID260,1986-12-31,53256.0
ID260,1987-03-31,51564.0
ID260,1987-06-30,29380.0
ID260,1987-09-30,26880.0
ID260,1987-12-31,56727.0
ID260,1988-03-31,45189.0
ID260,1988-06-30,27355.0
ID260,1988-09-30,31911.0
ID260,1988-12-31,47047.0
ID260,1989-03-31,38094.0
ID260,1989-06-30,21987.0
ID260,1989-09-30,23543.0
ID260,1989-12-31,35685.0
ID260,1990-03-31,37980.0
ID260,1990-06-30,20709.0
ID260,1990-09-30,22012.0
ID260,1990-12-31,37907.0
ID260,1991-03-31,36886.0
ID260,1991-06-30,18607.0
ID260,1991-09-30,21049.0
ID260,1991-12-31,32796.0
ID260,1992-03-31,35594.0
ID260,1992-06-30,17810.0
ID260,1992-09-30,16815.0
ID260,1992-12-31,33669.0
ID260,1993-03-31,38904.0
ID260,1993-06-30,20829.0
ID260,1993-09-30,19583.0
ID260,1993-12-31,39326.0
ID260,1994-03-31,46286.0
ID260,1994-06-30,21328.0
ID260,1994-09-30,21039.0
ID260,1994-12-31,41275.0
ID260,1995-03-31,43293.0
ID260,1995-06-30,20557.0
ID260,1995-09-30,19796.0
ID260,1995-12-31,38124.0
ID260,1996-03-31,42290.0
ID260,1996-06-30,18488.0
ID260,1996-09-30,17056.0
ID260,1996-12-31,37210.0
ID260,1997-03-31,41601.0
ID260,1997-06-30,17528.0
ID260,1997-09-30,17941.0
ID260,1997-12-31,33304.0
ID260,1998-03-31,46849.0
ID260,1998-06-30,20011.0
ID260,1998-09-30,17064.0
ID260,1998-12-31,39257.0
ID260,1999-03-31,52726.0
ID260,1999-06-30,22494.0
ID260,1999-09-30,19662.0
ID260,1999-12-31,48164.0
ID260,2000-03-31,56224.0
ID260,2000-06-30,26860.0
ID260,2000-09-30,22243.0
ID260,2000-12-31,47356.0
ID260,2001-03-31,58402.0
ID260,2001-06-30,26291.0
ID260,2001-09-30,23748.0
ID260,2001-12-31,41744.0
ID260,2002-03-31,67488.0
ID260,2002-06-30,24847.0
ID260,2002-09-30,23858.0
ID260,2002-12-31,50896.0
ID260,2003-03-31,66122.0
ID260,2003-06-30,27044.0
ID260,2003-09-30,22073.0
ID261,1980-03-31,3560.0
ID261,1980-06-30,1461.0
ID261,1980-09-30,1288.0
ID261,1980-12-31,3685.0
ID261,1981-03-31,3222.0
ID261,1981-06-30,1502.0
ID261,1981-09-30,1910.0
ID261,1981-12-31,3556.0
ID261,1982-03-31,3080.0
ID261,1982-06-30,2064.0
ID261,1982-09-30,2096.0
ID261,1982-12-31,3648.0
ID261,1983-03-31,3400.0
ID261,1983-06-30,2360.0
ID261,1983-09-30,2744.0
ID261,1983-12-31,4468.0
ID261,1984-03-31,3712.0
ID261,1984-06-30,2592.0
ID261,1984-09-30,2472.0
ID261,1984-12-31,4779.0
ID261,1985-03-31,3996.0
ID261,1985-06-30,2892.0
ID261,1985-09-30,2792.0
ID261,1985-12-31,7039.0
ID261,1986-03-31,4084.0
ID261,1986-06-30,3107.0
ID261,1986-09-30,3080.0
ID261,1986-12-31,6408.0
ID261,1987-03-31,4446.0
ID261,1987-06-30,3263.0
ID261,1987-09-30,3440.0
ID261,1987-12-31,6923.0
ID261,1988-03-31,5541.0
ID261,1988-06-30,3959.0
ID261,1988-09-30,3933.0
ID261,1988-12-31,7216.0
ID261,1989-03-31,5300.0
ID261,1989-06-30,3915.0
ID261,1989-09-30,3932.0
ID261,1989-12-31,6662.0
ID261,1990-03-31,5748.0
ID261,1990-06-30,4104.0
ID261,1990-09-30,4338.0
ID261,1990-12-31,7627.0
ID261,1991-03-31,6702.0
ID261,1991-06-30,3734.0
ID261,1991-09-30,4556.0
ID261,1991-12-31,7306.0
ID261,1992-03-31,8063.0
ID261,1992-06-30,4670.0
ID261,1992-09-30,4191.0
ID261,1992-12-31,8260.0
ID261,1993-03-31,7428.0
ID261,1993-06-30,4135.0
ID261,1993-09-30,4162.0
ID261,1993-12-31,8868.0
ID261,1994-03-31,7995.0
ID261,1994-06-30,4696.0
ID261,1994-09-30,4832.0
ID261,1994-12-31,8606.0
ID261,1995-03-31,7653.0
ID261,1995-06-30,4746.0
ID261,1995-09-30,4702.0
ID261,1995-12-31,9812.0
ID261,1996-03-31,8471.0
ID261,1996-06-30,6048.0
ID261,1996-09-30,5424.0
ID261,1996-12-31,10263.0
ID261,1997-03-31,9114.0
ID261,1997-06-30,5140.0
ID261,1997-09-30,5619.0
ID261,1997-12-31,11267.0
ID261,1998-03-31,10706.0
ID261,1998-06-30,6620.0
ID261,1998-09-30,6144.0
ID261,1998-12-31,11177.0
ID261,1999-03-31,10761.0
ID261,1999-06-30,6957.0
ID261,1999-09-30,6570.0
ID261,1999-12-31,13682.0
ID261,2000-03-31,13426.0
ID261,2000-06-30,8376.0
ID261,2000-09-30,7442.0
ID261,2000-12-31,14517.0
ID261,2001-03-31,13320.0
ID261,2001-06-30,8655.0
ID261,2001-09-30,7702.0
ID261,2001-12-31,13956.0
ID261,2002-03-31,14889.0
ID261,2002-06-30,8283.0
ID261,2002-09-30,8014.0
ID261,2002-12-31,15694.0
ID261,2003-03-31,13665.0
ID261,2003-06-30,8542.0
ID261,2003-09-30,9009.0
ID262,1980-03-31,2108.0
ID262,1980-06-30,1720.0
ID262,1980-09-30,1708.0
ID262,1980-12-31,2188.0
ID262,1981-03-31,2308.0
ID262,1981-06-30,2144.0
ID262,1981-09-30,1933.0
ID262,1981-12-31,2024.0
ID262,1982-03-31,2638.0
ID262,1982-06-30,2241.0
ID262,1982-09-30,2120.0
ID262,1982-12-31,2073.0
ID262,1983-03-31,2840.0
ID262,1983-06-30,2228.0
ID262,1983-09-30,2272.0
ID262,1983-12-31,2552.0
ID262,1984-03-31,2884.0
ID262,1984-06-30,2460.0
ID262,1984-09-30,2536.0
ID262,1984-12-31,2500.0
ID262,1985-03-31,2684.0
ID262,1985-06-30,2593.0
ID262,1985-09-30,2128.0
ID262,1985-12-31,2760.0
ID262,1986-03-31,3240.0
ID262,1986-06-30,2937.0
ID262,1986-09-30,2630.0
ID262,1986-12-31,2520.0
ID262,1987-03-31,2844.0
ID262,1987-06-30,2556.0
ID262,1987-09-30,2480.0
ID262,1987-12-31,3680.0
ID262,1988-03-31,4386.0
ID262,1988-06-30,3681.0
ID262,1988-09-30,3359.0
ID262,1988-12-31,3960.0
ID262,1989-03-31,3505.0
ID262,1989-06-30,3762.0
ID262,1989-09-30,3244.0
ID262,1989-12-31,3831.0
ID262,1990-03-31,4246.0
ID262,1990-06-30,3987.0
ID262,1990-09-30,3674.0
ID262,1990-12-31,3711.0
ID262,1991-03-31,3066.0
ID262,1991-06-30,3061.0
ID262,1991-09-30,3106.0
ID262,1991-12-31,3641.0
ID262,1992-03-31,4397.0
ID262,1992-06-30,3270.0
ID262,1992-09-30,3552.0
ID262,1992-12-31,3921.0
ID262,1993-03-31,4452.0
ID262,1993-06-30,3689.0
ID262,1993-09-30,3561.0
ID262,1993-12-31,4133.0
ID262,1994-03-31,4581.0
ID262,1994-06-30,4092.0
ID262,1994-09-30,4312.0
ID262,1994-12-31,4488.0
ID262,1995-03-31,5188.0
ID262,1995-06-30,4560.0
ID262,1995-09-30,4216.0
ID262,1995-12-31,5183.0
ID262,1996-03-31,5752.0
ID262,1996-06-30,4697.0
ID262,1996-09-30,4624.0
ID262,1996-12-31,5785.0
ID262,1997-03-31,5752.0
ID262,1997-06-30,5128.0
ID262,1997-09-30,4836.0
ID262,1997-12-31,5613.0
ID262,1998-03-31,6361.0
ID262,1998-06-30,5401.0
ID262,1998-09-30,5028.0
ID262,1998-12-31,5731.0
ID262,1999-03-31,6096.0
ID262,1999-06-30,4898.0
ID262,1999-09-30,6381.0
ID262,1999-12-31,6804.0
ID262,2000-03-31,6922.0
ID262,2000-06-30,5263.0
ID262,2000-09-30,5150.0
ID262,2000-12-31,6784.0
ID262,2001-03-31,6510.0
ID262,2001-06-30,4889.0
ID262,2001-09-30,4357.0
ID262,2001-12-31,5283.0
ID262,2002-03-31,6174.0
ID262,2002-06-30,4351.0
ID262,2002-09-30,5164.0
ID262,2002-12-31,5926.0
ID262,2003-03-31,6917.0
ID262,2003-06-30,4210.0
ID262,2003-09-30,4575.0
ID263,1980-03-31,5016.0
ID263,1980-06-30,2800.0
ID263,1980-09-30,3668.0
ID263,1980-12-31,4928.0
ID263,1981-03-31,5041.0
ID263,1981-06-30,2852.0
ID263,1981-09-30,3253.0
ID263,1981-12-31,3596.0
ID263,1982-03-31,3956.0
ID263,1982-06-30,2973.0
ID263,1982-09-30,3028.0
ID263,1982-12-31,3212.0
ID263,1983-03-31,4152.0
ID263,1983-06-30,2676.0
ID263,1983-09-30,3988.0
ID263,1983-12-31,3800.0
ID263,1984-03-31,4121.0
ID263,1984-06-30,3336.0
ID263,1984-09-30,3608.0
ID263,1984-12-31,4152.0
ID263,1985-03-31,4764.0
ID263,1985-06-30,3028.0
ID263,1985-09-30,3884.0
ID263,1985-12-31,5260.0
ID263,1986-03-31,6660.0
ID263,1986-06-30,4273.0
ID263,1986-09-30,4820.0
ID263,1986-12-31,6492.0
ID263,1987-03-31,8028.0
ID263,1987-06-30,5681.0
ID263,1987-09-30,6680.0
ID263,1987-12-31,8206.0
ID263,1988-03-31,5887.0
ID263,1988-06-30,4732.0
ID263,1988-09-30,5633.0
ID263,1988-12-31,6930.0
ID263,1989-03-31,6017.0
ID263,1989-06-30,4140.0
ID263,1989-09-30,4643.0
ID263,1989-12-31,5251.0
ID263,1990-03-31,5696.0
ID263,1990-06-30,5004.0
ID263,1990-09-30,6025.0
ID263,1990-12-31,6519.0
ID263,1991-03-31,5956.0
ID263,1991-06-30,5313.0
ID263,1991-09-30,6808.0
ID263,1991-12-31,5794.0
ID263,1992-03-31,5672.0
ID263,1992-06-30,3760.0
ID263,1992-09-30,4733.0
ID263,1992-12-31,5293.0
ID263,1993-03-31,6228.0
ID263,1993-06-30,5090.0
ID263,1993-09-30,4755.0
ID263,1993-12-31,4244.0
ID263,1994-03-31,6452.0
ID263,1994-06-30,4988.0
ID263,1994-09-30,6375.0
ID263,1994-12-31,6774.0
ID263,1995-03-31,6324.0
ID263,1995-06-30,5259.0
ID263,1995-09-30,6039.0
ID263,1995-12-31,5436.0
ID263,1996-03-31,5592.0
ID263,1996-06-30,5179.0
ID263,1996-09-30,5488.0
ID263,1996-12-31,5219.0
ID263,1997-03-31,6189.0
ID263,1997-06-30,5155.0
ID263,1997-09-30,5679.0
ID263,1997-12-31,5403.0
ID263,1998-03-31,7616.0
ID263,1998-06-30,5462.0
ID263,1998-09-30,5808.0
ID263,1998-12-31,6477.0
ID263,1999-03-31,7330.0
ID263,1999-06-30,5052.0
ID263,1999-09-30,5953.0
ID263,1999-12-31,5082.0
ID263,2000-03-31,6318.0
ID263,2000-06-30,5469.0
ID263,2000-09-30,8033.0
ID263,2000-12-31,4587.0
ID263,2001-03-31,7026.0
ID263,2001-06-30,6013.0
ID263,2001-09-30,7688.0
ID263,2001-12-31,4712.0
ID263,2002-03-31,7268.0
ID263,2002-06-30,6632.0
ID263,2002-09-30,7269.0
ID263,2002-12-31,4500.0
ID263,2003-03-31,8683.0
ID263,2003-06-30,6216.0
ID263,2003-09-30,8247.0
ID264,1980-03-31,39348.0
ID264,1980-06-30,14430.0
ID264,1980-09-30,13900.0
ID264,1980-12-31,32175.0
ID264,1981-03-31,36323.0
ID264,1981-06-30,16090.0
ID264,1981-09-30,17406.0
ID264,1981-12-31,28996.0
ID264,1982-03-31,31654.0
ID264,1982-06-30,18422.0
ID264,1982-09-30,18876.0
ID264,1982-12-31,27755.0
ID264,1983-03-31,31288.0
ID264,1983-06-30,20664.0
ID264,1983-09-30,24180.0
ID264,1983-12-31,33016.0
ID264,1984-03-31,40085.0
ID264,1984-06-30,25296.0
ID264,1984-09-30,22524.0
ID264,1984-12-31,37748.0
ID264,1985-03-31,43180.0
ID264,1985-06-30,29085.0
ID264,1985-09-30,25757.0
ID264,1985-12-31,58763.0
ID264,1986-03-31,57484.0
ID264,1986-06-30,35803.0
ID264,1986-09-30,32731.0
ID264,1986-12-31,68676.0
ID264,1987-03-31,66882.0
ID264,1987-06-30,40880.0
ID264,1987-09-30,39480.0
ID264,1987-12-31,75536.0
ID264,1988-03-31,61003.0
ID264,1988-06-30,39727.0
ID264,1988-09-30,44836.0
ID264,1988-12-31,65153.0
ID264,1989-03-31,52916.0
ID264,1989-06-30,33804.0
ID264,1989-09-30,35362.0
ID264,1989-12-31,51429.0
ID264,1990-03-31,53670.0
ID264,1990-06-30,33804.0
ID264,1990-09-30,36049.0
ID264,1990-12-31,55764.0
ID264,1991-03-31,52610.0
ID264,1991-06-30,30715.0
ID264,1991-09-30,35519.0
ID264,1991-12-31,49537.0
ID264,1992-03-31,53726.0
ID264,1992-06-30,29510.0
ID264,1992-09-30,29291.0
ID264,1992-12-31,51143.0
ID264,1993-03-31,57012.0
ID264,1993-06-30,33743.0
ID264,1993-09-30,32061.0
ID264,1993-12-31,56571.0
ID264,1994-03-31,65314.0
ID264,1994-06-30,35104.0
ID264,1994-09-30,36558.0
ID264,1994-12-31,61143.0
ID264,1995-03-31,62458.0
ID264,1995-06-30,35122.0
ID264,1995-09-30,34753.0
ID264,1995-12-31,58555.0
ID264,1996-03-31,62105.0
ID264,1996-06-30,34412.0
ID264,1996-09-30,32592.0
ID264,1996-12-31,58477.0
ID264,1997-03-31,62656.0
ID264,1997-06-30,32951.0
ID264,1997-09-30,34075.0
ID264,1997-12-31,55587.0
ID264,1998-03-31,71532.0
ID264,1998-06-30,37494.0
ID264,1998-09-30,34044.0
ID264,1998-12-31,62642.0
ID264,1999-03-31,76913.0
ID264,1999-06-30,39401.0
ID264,1999-09-30,38566.0
ID264,1999-12-31,73732.0
ID264,2000-03-31,82890.0
ID264,2000-06-30,45968.0
ID264,2000-09-30,42868.0
ID264,2000-12-31,73244.0
ID264,2001-03-31,85258.0
ID264,2001-06-30,45848.0
ID264,2001-09-30,43495.0
ID264,2001-12-31,65695.0
ID264,2002-03-31,95819.0
ID264,2002-06-30,44113.0
ID264,2002-09-30,44305.0
ID264,2002-12-31,77016.0
ID264,2003-03-31,95387.0
ID264,2003-06-30,46012.0
ID264,2003-09-30,43904.0
ID265,1980-03-31,4724.0
ID265,1980-06-30,1304.0
ID265,1980-09-30,2588.0
ID265,1980-12-31,5308.0
ID265,1981-03-31,6096.0
ID265,1981-06-30,3432.0
ID265,1981-09-30,2776.0
ID265,1981-12-31,7884.0
ID265,1982-03-31,6028.0
ID265,1982-06-30,4288.0
ID265,1982-09-30,3204.0
ID265,1982-12-31,8164.0
ID265,1983-03-31,7372.0
ID265,1983-06-30,4160.0
ID265,1983-09-30,4316.0
ID265,1983-12-31,10524.0
ID265,1984-03-31,9336.0
ID265,1984-06-30,6320.0
ID265,1984-09-30,5608.0
ID265,1984-12-31,13696.0
ID265,1985-03-31,14244.0
ID265,1985-06-30,7156.0
ID265,1985-09-30,6368.0
ID265,1985-12-31,14420.0
ID265,1986-03-31,16052.0
ID265,1986-06-30,10053.0
ID265,1986-09-30,9880.0
ID265,1986-12-31,17532.0
ID265,1987-03-31,18762.0
ID265,1987-06-30,10484.0
ID265,1987-09-30,14256.0
ID265,1987-12-31,21092.0
ID265,1988-03-31,22330.0
ID265,1988-06-30,16365.0
ID265,1988-09-30,18817.0
ID265,1988-12-31,22957.0
ID265,1989-03-31,23970.0
ID265,1989-06-30,14670.0
ID265,1989-09-30,19873.0
ID265,1989-12-31,24112.0
ID265,1990-03-31,25664.0
ID265,1990-06-30,15984.0
ID265,1990-09-30,24219.0
ID265,1990-12-31,25407.0
ID265,1991-03-31,24044.0
ID265,1991-06-30,16573.0
ID265,1991-09-30,26227.0
ID265,1991-12-31,31307.0
ID265,1992-03-31,33884.0
ID265,1992-06-30,21560.0
ID265,1992-09-30,28773.0
ID265,1992-12-31,28581.0
ID265,1993-03-31,36300.0
ID265,1993-06-30,21368.0
ID265,1993-09-30,30034.0
ID265,1993-12-31,32640.0
ID265,1994-03-31,40041.0
ID265,1994-06-30,23028.0
ID265,1994-09-30,30868.0
ID265,1994-12-31,36199.0
ID265,1995-03-31,38147.0
ID265,1995-06-30,23401.0
ID265,1995-09-30,34715.0
ID265,1995-12-31,36367.0
ID265,1996-03-31,44150.0
ID265,1996-06-30,26583.0
ID265,1996-09-30,35952.0
ID265,1996-12-31,38003.0
ID265,1997-03-31,40910.0
ID265,1997-06-30,25171.0
ID265,1997-09-30,36094.0
ID265,1997-12-31,38131.0
ID265,1998-03-31,42646.0
ID265,1998-06-30,21579.0
ID265,1998-09-30,31908.0
ID265,1998-12-31,36940.0
ID265,1999-03-31,39059.0
ID265,1999-06-30,21503.0
ID265,1999-09-30,27731.0
ID265,1999-12-31,37226.0
ID265,2000-03-31,36199.0
ID265,2000-06-30,22063.0
ID265,2000-09-30,29698.0
ID265,2000-12-31,39670.0
ID265,2001-03-31,42301.0
ID265,2001-06-30,25181.0
ID265,2001-09-30,30501.0
ID265,2001-12-31,25556.0
ID265,2002-03-31,41844.0
ID265,2002-06-30,24889.0
ID265,2002-09-30,30269.0
ID265,2002-12-31,46002.0
ID265,2003-03-31,39931.0
ID265,2003-06-30,16226.0
ID265,2003-09-30,25083.0
ID266,1980-03-31,76.0
ID266,1980-06-30,76.0
ID266,1980-09-30,112.0
ID266,1980-12-31,128.0
ID266,1981-03-31,100.0
ID266,1981-06-30,80.0
ID266,1981-09-30,112.0
ID266,1981-12-31,112.0
ID266,1982-03-31,132.0
ID266,1982-06-30,24.0
ID266,1982-09-30,60.0
ID266,1982-12-31,144.0
ID266,1983-03-31,128.0
ID266,1983-06-30,72.0
ID266,1983-09-30,144.0
ID266,1983-12-31,156.0
ID266,1984-03-31,108.0
ID266,1984-06-30,64.0
ID266,1984-09-30,156.0
ID266,1984-12-31,124.0
ID266,1985-03-31,160.0
ID266,1985-06-30,72.0
ID266,1985-09-30,216.0
ID266,1985-12-31,264.0
ID266,1986-03-31,212.0
ID266,1986-06-30,92.0
ID266,1986-09-30,235.0
ID266,1986-12-31,318.0
ID266,1987-03-31,342.0
ID266,1987-06-30,158.0
ID266,1987-09-30,272.0
ID266,1987-12-31,414.0
ID266,1988-03-31,592.0
ID266,1988-06-30,240.0
ID266,1988-09-30,446.0
ID266,1988-12-31,572.0
ID266,1989-03-31,511.0
ID266,1989-06-30,342.0
ID266,1989-09-30,475.0
ID266,1989-12-31,619.0
ID266,1990-03-31,634.0
ID266,1990-06-30,369.0
ID266,1990-09-30,659.0
ID266,1990-12-31,785.0
ID266,1991-03-31,936.0
ID266,1991-06-30,477.0
ID266,1991-09-30,746.0
ID266,1991-12-31,848.0
ID266,1992-03-31,924.0
ID266,1992-06-30,450.0
ID266,1992-09-30,890.0
ID266,1992-12-31,1196.0
ID266,1993-03-31,1248.0
ID266,1993-06-30,623.0
ID266,1993-09-30,1048.0
ID266,1993-12-31,1191.0
ID266,1994-03-31,1257.0
ID266,1994-06-30,722.0
ID266,1994-09-30,947.0
ID266,1994-12-31,1477.0
ID266,1995-03-31,1758.0
ID266,1995-06-30,730.0
ID266,1995-09-30,1380.0
ID266,1995-12-31,1597.0
ID266,1996-03-31,1823.0
ID266,1996-06-30,810.0
ID266,1996-09-30,1120.0
ID266,1996-12-31,2024.0
ID266,1997-03-31,1909.0
ID266,1997-06-30,977.0
ID266,1997-09-30,1410.0
ID266,1997-12-31,2034.0
ID266,1998-03-31,2277.0
ID266,1998-06-30,1186.0
ID266,1998-09-30,1860.0
ID266,1998-12-31,1773.0
ID266,1999-03-31,2092.0
ID266,1999-06-30,1246.0
ID266,1999-09-30,2027.0
ID266,1999-12-31,2426.0
ID266,2000-03-31,2627.0
ID266,2000-06-30,1532.0
ID266,2000-09-30,2122.0
ID266,2000-12-31,2779.0
ID266,2001-03-31,2440.0
ID266,2001-06-30,1620.0
ID266,2001-09-30,2838.0
ID266,2001-12-31,2798.0
ID266,2002-03-31,3138.0
ID266,2002-06-30,2336.0
ID266,2002-09-30,3219.0
ID266,2002-12-31,3444.0
ID266,2003-03-31,2928.0
ID266,2003-06-30,1902.0
ID266,2003-09-30,2983.0
ID267,1980-03-31,676.0
ID267,1980-06-30,632.0
ID267,1980-09-30,680.0
ID267,1980-12-31,764.0
ID267,1981-03-31,748.0
ID267,1981-06-30,660.0
ID267,1981-09-30,804.0
ID267,1981-12-31,968.0
ID267,1982-03-31,761.0
ID267,1982-06-30,712.0
ID267,1982-09-30,844.0
ID267,1982-12-31,1000.0
ID267,1983-03-31,984.0
ID267,1983-06-30,688.0
ID267,1983-09-30,944.0
ID267,1983-12-31,960.0
ID267,1984-03-31,1192.0
ID267,1984-06-30,884.0
ID267,1984-09-30,952.0
ID267,1984-12-31,1432.0
ID267,1985-03-31,1240.0
ID267,1985-06-30,1072.0
ID267,1985-09-30,1300.0
ID267,1985-12-31,1392.0
ID267,1986-03-31,1252.0
ID267,1986-06-30,1076.0
ID267,1986-09-30,965.0
ID267,1986-12-31,1302.0
ID267,1987-03-31,1428.0
ID267,1987-06-30,1166.0
ID267,1987-09-30,1128.0
ID267,1987-12-31,1217.0
ID267,1988-03-31,1715.0
ID267,1988-06-30,1390.0
ID267,1988-09-30,1312.0
ID267,1988-12-31,1507.0
ID267,1989-03-31,1545.0
ID267,1989-06-30,1719.0
ID267,1989-09-30,1528.0
ID267,1989-12-31,1599.0
ID267,1990-03-31,1700.0
ID267,1990-06-30,1503.0
ID267,1990-09-30,1551.0
ID267,1990-12-31,1618.0
ID267,1991-03-31,1032.0
ID267,1991-06-30,1602.0
ID267,1991-09-30,1379.0
ID267,1991-12-31,1793.0
ID267,1992-03-31,1419.0
ID267,1992-06-30,1150.0
ID267,1992-09-30,1155.0
ID267,1992-12-31,1424.0
ID267,1993-03-31,1296.0
ID267,1993-06-30,1358.0
ID267,1993-09-30,1262.0
ID267,1993-12-31,1295.0
ID267,1994-03-31,1614.0
ID267,1994-06-30,1338.0
ID267,1994-09-30,1318.0
ID267,1994-12-31,1840.0
ID267,1995-03-31,1284.0
ID267,1995-06-30,1649.0
ID267,1995-09-30,1632.0
ID267,1995-12-31,1511.0
ID267,1996-03-31,1516.0
ID267,1996-06-30,1452.0
ID267,1996-09-30,1488.0
ID267,1996-12-31,1594.0
ID267,1997-03-31,1699.0
ID267,1997-06-30,1406.0
ID267,1997-09-30,1162.0
ID267,1997-12-31,1359.0
ID267,1998-03-31,1561.0
ID267,1998-06-30,1541.0
ID267,1998-09-30,1380.0
ID267,1998-12-31,1292.0
ID267,1999-03-31,1430.0
ID267,1999-06-30,1300.0
ID267,1999-09-30,1473.0
ID267,1999-12-31,1462.0
ID267,2000-03-31,1791.0
ID267,2000-06-30,1307.0
ID267,2000-09-30,1503.0
ID267,2000-12-31,1790.0
ID267,2001-03-31,1636.0
ID267,2001-06-30,1235.0
ID267,2001-09-30,1283.0
ID267,2001-12-31,1515.0
ID267,2002-03-31,1475.0
ID267,2002-06-30,1477.0
ID267,2002-09-30,1616.0
ID267,2002-12-31,1884.0
ID267,2003-03-31,2187.0
ID267,2003-06-30,1700.0
ID267,2003-09-30,1402.0
ID268,1980-03-31,788.0
ID268,1980-06-30,424.0
ID268,1980-09-30,472.0
ID268,1980-12-31,444.0
ID268,1981-03-31,656.0
ID268,1981-06-30,404.0
ID268,1981-09-30,400.0
ID268,1981-12-31,504.0
ID268,1982-03-31,484.0
ID268,1982-06-30,620.0
ID268,1982-09-30,568.0
ID268,1982-12-31,300.0
ID268,1983-03-31,436.0
ID268,1983-06-30,368.0
ID268,1983-09-30,644.0
ID268,1983-12-31,585.0
ID268,1984-03-31,464.0
ID268,1984-06-30,428.0
ID268,1984-09-30,568.0
ID268,1984-12-31,556.0
ID268,1985-03-31,628.0
ID268,1985-06-30,372.0
ID268,1985-09-30,624.0
ID268,1985-12-31,736.0
ID268,1986-03-31,696.0
ID268,1986-06-30,834.0
ID268,1986-09-30,855.0
ID268,1986-12-31,1302.0
ID268,1987-03-31,1428.0
ID268,1987-06-30,1190.0
ID268,1987-09-30,1304.0
ID268,1987-12-31,1509.0
ID268,1988-03-31,1101.0
ID268,1988-06-30,1403.0
ID268,1988-09-30,1414.0
ID268,1988-12-31,1628.0
ID268,1989-03-31,1380.0
ID268,1989-06-30,1260.0
ID268,1989-09-30,1937.0
ID268,1989-12-31,1782.0
ID268,1990-03-31,2434.0
ID268,1990-06-30,1764.0
ID268,1990-09-30,1792.0
ID268,1990-12-31,1757.0
ID268,1991-03-31,2296.0
ID268,1991-06-30,1451.0
ID268,1991-09-30,1977.0
ID268,1991-12-31,2030.0
ID268,1992-03-31,2589.0
ID268,1992-06-30,1500.0
ID268,1992-09-30,1907.0
ID268,1992-12-31,1560.0
ID268,1993-03-31,2088.0
ID268,1993-06-30,1180.0
ID268,1993-09-30,1491.0
ID268,1993-12-31,1512.0
ID268,1994-03-31,2491.0
ID268,1994-06-30,1178.0
ID268,1994-09-30,2336.0
ID268,1994-12-31,1508.0
ID268,1995-03-31,2368.0
ID268,1995-06-30,1504.0
ID268,1995-09-30,1956.0
ID268,1995-12-31,1544.0
ID268,1996-03-31,2495.0
ID268,1996-06-30,1924.0
ID268,1996-09-30,2480.0
ID268,1996-12-31,1600.0
ID268,1997-03-31,3188.0
ID268,1997-06-30,1560.0
ID268,1997-09-30,2342.0
ID268,1997-12-31,1694.0
ID268,1998-03-31,2062.0
ID268,1998-06-30,1268.0
ID268,1998-09-30,2064.0
ID268,1998-12-31,1640.0
ID268,1999-03-31,2549.0
ID268,1999-06-30,1160.0
ID268,1999-09-30,2673.0
ID268,1999-12-31,1988.0
ID268,2000-03-31,2805.0
ID268,2000-06-30,1335.0
ID268,2000-09-30,2391.0
ID268,2000-12-31,1761.0
ID268,2001-03-31,3181.0
ID268,2001-06-30,1969.0
ID268,2001-09-30,3131.0
ID268,2001-12-31,1900.0
ID268,2002-03-31,3512.0
ID268,2002-06-30,2150.0
ID268,2002-09-30,3888.0
ID268,2002-12-31,2424.0
ID268,2003-03-31,4072.0
ID268,2003-06-30,1696.0
ID268,2003-09-30,2897.0
ID269,1980-03-31,6264.0
ID269,1980-06-30,2436.0
ID269,1980-09-30,3852.0
ID269,1980-12-31,6644.0
ID269,1981-03-31,7600.0
ID269,1981-06-30,4576.0
ID269,1981-09-30,4092.0
ID269,1981-12-31,9468.0
ID269,1982-03-31,7405.0
ID269,1982-06-30,5644.0
ID269,1982-09-30,4676.0
ID269,1982-12-31,9608.0
ID269,1983-03-31,8920.0
ID269,1983-06-30,5288.0
ID269,1983-09-30,6048.0
ID269,1983-12-31,12225.0
ID269,1984-03-31,11100.0
ID269,1984-06-30,7696.0
ID269,1984-09-30,7284.0
ID269,1984-12-31,15808.0
ID269,1985-03-31,16272.0
ID269,1985-06-30,8672.0
ID269,1985-09-30,8508.0
ID269,1985-12-31,16812.0
ID269,1986-03-31,18212.0
ID269,1986-06-30,12055.0
ID269,1986-09-30,11935.0
ID269,1986-12-31,20454.0
ID269,1987-03-31,21960.0
ID269,1987-06-30,12998.0
ID269,1987-09-30,16960.0
ID269,1987-12-31,24232.0
ID269,1988-03-31,25738.0
ID269,1988-06-30,19398.0
ID269,1988-09-30,21989.0
ID269,1988-12-31,26664.0
ID269,1989-03-31,27406.0
ID269,1989-06-30,17991.0
ID269,1989-09-30,23813.0
ID269,1989-12-31,28112.0
ID269,1990-03-31,30432.0
ID269,1990-06-30,19620.0
ID269,1990-09-30,28221.0
ID269,1990-12-31,29567.0
ID269,1991-03-31,28308.0
ID269,1991-06-30,20103.0
ID269,1991-09-30,30329.0
ID269,1991-12-31,35978.0
ID269,1992-03-31,38816.0
ID269,1992-06-30,24660.0
ID269,1992-09-30,32725.0
ID269,1992-12-31,32761.0
ID269,1993-03-31,40932.0
ID269,1993-06-30,24529.0
ID269,1993-09-30,33835.0
ID269,1993-12-31,36638.0
ID269,1994-03-31,45403.0
ID269,1994-06-30,26266.0
ID269,1994-09-30,35469.0
ID269,1994-12-31,41024.0
ID269,1995-03-31,43557.0
ID269,1995-06-30,27284.0
ID269,1995-09-30,39683.0
ID269,1995-12-31,41019.0
ID269,1996-03-31,49984.0
ID269,1996-06-30,30769.0
ID269,1996-09-30,41040.0
ID269,1996-12-31,43221.0
ID269,1997-03-31,47706.0
ID269,1997-06-30,29114.0
ID269,1997-09-30,41008.0
ID269,1997-12-31,43218.0
ID269,1998-03-31,48546.0
ID269,1998-06-30,25574.0
ID269,1998-09-30,37212.0
ID269,1998-12-31,41645.0
ID269,1999-03-31,45130.0
ID269,1999-06-30,25209.0
ID269,1999-09-30,33904.0
ID269,1999-12-31,43102.0
ID269,2000-03-31,43422.0
ID269,2000-06-30,26237.0
ID269,2000-09-30,35714.0
ID269,2000-12-31,46000.0
ID269,2001-03-31,49558.0
ID269,2001-06-30,30005.0
ID269,2001-09-30,37753.0
ID269,2001-12-31,31769.0
ID269,2002-03-31,49969.0
ID269,2002-06-30,30852.0
ID269,2002-09-30,38992.0
ID269,2002-12-31,53754.0
ID269,2003-03-31,49118.0
ID269,2003-06-30,21524.0
ID269,2003-09-30,32365.0
ID27,1976-03-31,648.0
ID27,1976-06-30,1329.0
ID27,1976-09-30,1815.0
ID27,1976-12-31,872.0
ID27,1977-03-31,653.0
ID27,1977-06-30,1226.0
ID27,1977-09-30,1831.0
ID27,1977-12-31,908.0
ID27,1978-03-31,716.0
ID27,1978-06-30,1509.0
ID27,1978-09-30,2173.0
ID27,1978-12-31,1155.0
ID27,1979-03-31,806.0
ID27,1979-06-30,1591.0
ID27,1979-09-30,2200.0
ID27,1979-12-31,1053.0
ID27,1980-03-31,738.0
ID27,1980-06-30,1602.0
ID27,1980-09-30,2258.0
ID27,1980-12-31,994.0
ID27,1981-03-31,641.0
ID27,1981-06-30,1786.0
ID27,1981-09-30,2683.0
ID27,1981-12-31,1222.0
ID27,1982-03-31,813.0
ID27,1982-06-30,2283.0
ID27,1982-09-30,3187.0
ID27,1982-12-31,1341.0
ID27,1983-03-31,824.0
ID27,1983-06-30,2407.0
ID27,1983-09-30,3517.0
ID27,1983-12-31,1545.0
ID27,1984-03-31,980.0
ID27,1984-06-30,2919.0
ID27,1984-09-30,3817.0
ID27,1984-12-31,1502.0
ID27,1985-03-31,895.0
ID27,1985-06-30,2102.0
ID27,1985-09-30,3205.0
ID27,1985-12-31,1506.0
ID27,1986-03-31,989.0
ID27,1986-06-30,2982.0
ID27,1986-09-30,4372.0
ID27,1986-12-31,1948.0
ID27,1987-03-31,1138.0
ID27,1987-06-30,3741.0
ID27,1987-09-30,4930.0
ID27,1987-12-31,2110.0
ID27,1988-03-31,1223.0
ID27,1988-06-30,3573.0
ID27,1988-09-30,4770.0
ID27,1988-12-31,2172.0
ID27,1989-03-31,1309.0
ID27,1989-06-30,3401.0
ID27,1989-09-30,4557.0
ID27,1989-12-31,1843.0
ID27,1990-03-31,1116.0
ID27,1990-06-30,2587.0
ID27,1990-09-30,3608.0
ID27,1990-12-31,1605.0
ID27,1991-03-31,930.0
ID27,1991-06-30,2243.0
ID27,1991-09-30,3595.0
ID27,1991-12-31,1638.0
ID27,1992-03-31,1062.0
ID27,1992-06-30,2745.0
ID27,1992-09-30,3796.0
ID27,1992-12-31,1682.0
ID27,1993-03-31,1066.0
ID27,1993-06-30,2857.0
ID27,1993-09-30,4219.0
ID27,1993-12-31,1932.0
ID27,1994-03-31,1193.0
ID27,1994-06-30,3543.0
ID27,1994-09-30,5159.0
ID27,1994-12-31,2263.0
ID27,1995-03-31,1312.0
ID27,1995-06-30,3906.0
ID27,1995-09-30,5325.0
ID27,1995-12-31,2267.0
ID27,1996-03-31,1505.0
ID27,1996-06-30,3700.0
ID27,1996-09-30,5089.0
ID27,1996-12-31,2377.0
ID27,1997-03-31,1615.0
ID27,1997-06-30,4119.0
ID27,1997-09-30,5579.0
ID27,1997-12-31,2659.0
ID27,1998-03-31,1778.0
ID27,1998-06-30,4596.0
ID27,1998-09-30,6155.0
ID27,1998-12-31,2952.0
ID27,1999-03-31,1921.0
ID27,1999-06-30,4889.0
ID27,1999-09-30,6682.0
ID27,1999-12-31,3257.0
ID27,2000-03-31,2091.0
ID27,2000-06-30,5427.0
ID27,2000-09-30,7440.0
ID27,2000-12-31,3560.0
ID27,2001-03-31,2390.0
ID27,2001-06-30,5346.0
ID27,2001-09-30,7797.0
ID27,2001-12-31,3610.0
ID27,2002-03-31,2641.0
ID27,2002-06-30,6079.0
ID270,1980-03-31,184.0
ID270,1980-06-30,172.0
ID270,1980-09-30,12.0
ID270,1980-12-31,668.0
ID270,1981-03-31,184.0
ID270,1981-06-30,52.0
ID270,1981-09-30,36.0
ID270,1981-12-31,596.0
ID270,1982-03-31,244.0
ID270,1982-06-30,148.0
ID270,1982-09-30,56.0
ID270,1982-12-31,552.0
ID270,1983-03-31,440.0
ID270,1983-06-30,200.0
ID270,1983-09-30,56.0
ID270,1983-12-31,620.0
ID270,1984-03-31,644.0
ID270,1984-06-30,248.0
ID270,1984-09-30,60.0
ID270,1984-12-31,1144.0
ID270,1985-03-31,1060.0
ID270,1985-06-30,300.0
ID270,1985-09-30,124.0
ID270,1985-12-31,984.0
ID270,1986-03-31,1360.0
ID270,1986-06-30,562.0
ID270,1986-09-30,255.0
ID270,1986-12-31,1986.0
ID270,1987-03-31,2508.0
ID270,1987-06-30,663.0
ID270,1987-09-30,408.0
ID270,1987-12-31,2421.0
ID270,1988-03-31,2539.0
ID270,1988-06-30,677.0
ID270,1988-09-30,938.0
ID270,1988-12-31,3069.0
ID270,1989-03-31,4084.0
ID270,1989-06-30,1098.0
ID270,1989-09-30,2001.0
ID270,1989-12-31,4144.0
ID270,1990-03-31,4618.0
ID270,1990-06-30,1350.0
ID270,1990-09-30,1469.0
ID270,1990-12-31,2148.0
ID270,1991-03-31,2618.0
ID270,1991-06-30,1268.0
ID270,1991-09-30,1911.0
ID270,1991-12-31,4868.0
ID270,1992-03-31,7166.0
ID270,1992-06-30,2830.0
ID270,1992-09-30,2575.0
ID270,1992-12-31,8294.0
ID270,1993-03-31,13608.0
ID270,1993-06-30,6229.0
ID270,1993-09-30,5068.0
ID270,1993-12-31,15424.0
ID270,1994-03-31,16324.0
ID270,1994-06-30,9716.0
ID270,1994-09-30,6561.0
ID270,1994-12-31,15936.0
ID270,1995-03-31,18095.0
ID270,1995-06-30,10129.0
ID270,1995-09-30,8773.0
ID270,1995-12-31,14794.0
ID270,1996-03-31,15443.0
ID270,1996-06-30,7664.0
ID270,1996-09-30,6080.0
ID270,1996-12-31,12586.0
ID270,1997-03-31,13638.0
ID270,1997-06-30,5969.0
ID270,1997-09-30,5381.0
ID270,1997-12-31,9572.0
ID270,1998-03-31,11035.0
ID270,1998-06-30,4549.0
ID270,1998-09-30,5616.0
ID270,1998-12-31,8178.0
ID270,1999-03-31,9516.0
ID270,1999-06-30,7485.0
ID270,1999-09-30,5329.0
ID270,1999-12-31,6062.0
ID270,2000-03-31,8910.0
ID270,2000-06-30,6304.0
ID270,2000-09-30,5817.0
ID270,2000-12-31,8208.0
ID270,2001-03-31,9094.0
ID270,2001-06-30,5014.0
ID270,2001-09-30,4704.0
ID270,2001-12-31,5712.0
ID270,2002-03-31,7673.0
ID270,2002-06-30,5563.0
ID270,2002-09-30,6134.0
ID270,2002-12-31,6078.0
ID270,2003-03-31,5580.0
ID270,2003-06-30,1142.0
ID270,2003-09-30,3199.0
ID271,1980-03-31,0.0
ID271,1980-06-30,0.0
ID271,1980-09-30,4.0
ID271,1980-12-31,12.0
ID271,1981-03-31,12.0
ID271,1981-06-30,4.0
ID271,1981-09-30,4.0
ID271,1981-12-31,8.0
ID271,1982-03-31,4.0
ID271,1982-06-30,12.0
ID271,1982-09-30,4.0
ID271,1982-12-31,17.0
ID271,1983-03-31,4.0
ID271,1983-06-30,16.0
ID271,1983-09-30,20.0
ID271,1983-12-31,28.0
ID271,1984-03-31,8.0
ID271,1984-06-30,12.0
ID271,1984-09-30,16.0
ID271,1984-12-31,16.0
ID271,1985-03-31,16.0
ID271,1985-06-30,8.0
ID271,1985-09-30,0.0
ID271,1985-12-31,8.0
ID271,1986-03-31,44.0
ID271,1986-06-30,10.0
ID271,1986-09-30,15.0
ID271,1986-12-31,6.0
ID271,1987-03-31,6.0
ID271,1987-06-30,12.0
ID271,1987-09-30,24.0
ID271,1987-12-31,30.0
ID271,1988-03-31,56.0
ID271,1988-06-30,24.0
ID271,1988-09-30,48.0
ID271,1988-12-31,209.0
ID271,1989-03-31,179.0
ID271,1989-06-30,99.0
ID271,1989-09-30,161.0
ID271,1989-12-31,224.0
ID271,1990-03-31,266.0
ID271,1990-06-30,198.0
ID271,1990-09-30,333.0
ID271,1990-12-31,273.0
ID271,1991-03-31,482.0
ID271,1991-06-30,193.0
ID271,1991-09-30,442.0
ID271,1991-12-31,494.0
ID271,1992-03-31,601.0
ID271,1992-06-30,300.0
ID271,1992-09-30,481.0
ID271,1992-12-31,409.0
ID271,1993-03-31,636.0
ID271,1993-06-30,363.0
ID271,1993-09-30,761.0
ID271,1993-12-31,433.0
ID271,1994-03-31,961.0
ID271,1994-06-30,1208.0
ID271,1994-09-30,1147.0
ID271,1994-12-31,934.0
ID271,1995-03-31,1822.0
ID271,1995-06-30,1355.0
ID271,1995-09-30,1762.0
ID271,1995-12-31,1075.0
ID271,1996-03-31,2158.0
ID271,1996-06-30,1321.0
ID271,1996-09-30,1824.0
ID271,1996-12-31,1509.0
ID271,1997-03-31,2201.0
ID271,1997-06-30,1228.0
ID271,1997-09-30,1770.0
ID271,1997-12-31,1463.0
ID271,1998-03-31,1866.0
ID271,1998-06-30,1409.0
ID271,1998-09-30,1836.0
ID271,1998-12-31,1476.0
ID271,1999-03-31,1967.0
ID271,1999-06-30,1378.0
ID271,1999-09-30,2030.0
ID271,1999-12-31,1394.0
ID271,2000-03-31,2384.0
ID271,2000-06-30,1808.0
ID271,2000-09-30,2102.0
ID271,2000-12-31,1097.0
ID271,2001-03-31,1733.0
ID271,2001-06-30,1762.0
ID271,2001-09-30,2200.0
ID271,2001-12-31,1270.0
ID271,2002-03-31,2317.0
ID271,2002-06-30,1430.0
ID271,2002-09-30,1713.0
ID271,2002-12-31,1078.0
ID271,2003-03-31,1679.0
ID271,2003-06-30,1211.0
ID271,2003-09-30,1759.0
ID272,1980-03-31,16.0
ID272,1980-06-30,8.0
ID272,1980-09-30,20.0
ID272,1980-12-31,20.0
ID272,1981-03-31,0.0
ID272,1981-06-30,28.0
ID272,1981-09-30,40.0
ID272,1981-12-31,40.0
ID272,1982-03-31,32.0
ID272,1982-06-30,28.0
ID272,1982-09-30,24.0
ID272,1982-12-31,24.0
ID272,1983-03-31,36.0
ID272,1983-06-30,56.0
ID272,1983-09-30,48.0
ID272,1983-12-31,12.0
ID272,1984-03-31,40.0
ID272,1984-06-30,16.0
ID272,1984-09-30,44.0
ID272,1984-12-31,96.0
ID272,1985-03-31,44.0
ID272,1985-06-30,60.0
ID272,1985-09-30,56.0
ID272,1985-12-31,32.0
ID272,1986-03-31,48.0
ID272,1986-06-30,48.0
ID272,1986-09-30,50.0
ID272,1986-12-31,48.0
ID272,1987-03-31,42.0
ID272,1987-06-30,94.0
ID272,1987-09-30,32.0
ID272,1987-12-31,86.0
ID272,1988-03-31,76.0
ID272,1988-06-30,43.0
ID272,1988-09-30,154.0
ID272,1988-12-31,176.0
ID272,1989-03-31,137.0
ID272,1989-06-30,153.0
ID272,1989-09-30,234.0
ID272,1989-12-31,225.0
ID272,1990-03-31,196.0
ID272,1990-06-30,225.0
ID272,1990-09-30,116.0
ID272,1990-12-31,68.0
ID272,1991-03-31,202.0
ID272,1991-06-30,85.0
ID272,1991-09-30,181.0
ID272,1991-12-31,145.0
ID272,1992-03-31,182.0
ID272,1992-06-30,180.0
ID272,1992-09-30,169.0
ID272,1992-12-31,132.0
ID272,1993-03-31,192.0
ID272,1993-06-30,160.0
ID272,1993-09-30,171.0
ID272,1993-12-31,129.0
ID272,1994-03-31,413.0
ID272,1994-06-30,310.0
ID272,1994-09-30,237.0
ID272,1994-12-31,372.0
ID272,1995-03-31,473.0
ID272,1995-06-30,188.0
ID272,1995-09-30,193.0
ID272,1995-12-31,263.0
ID272,1996-03-31,579.0
ID272,1996-06-30,239.0
ID272,1996-09-30,208.0
ID272,1996-12-31,226.0
ID272,1997-03-31,398.0
ID272,1997-06-30,208.0
ID272,1997-09-30,182.0
ID272,1997-12-31,256.0
ID272,1998-03-31,218.0
ID272,1998-06-30,185.0
ID272,1998-09-30,180.0
ID272,1998-12-31,184.0
ID272,1999-03-31,230.0
ID272,1999-06-30,217.0
ID272,1999-09-30,236.0
ID272,1999-12-31,604.0
ID272,2000-03-31,270.0
ID272,2000-06-30,218.0
ID272,2000-09-30,203.0
ID272,2000-12-31,296.0
ID272,2001-03-31,210.0
ID272,2001-06-30,228.0
ID272,2001-09-30,92.0
ID272,2001-12-31,633.0
ID272,2002-03-31,459.0
ID272,2002-06-30,315.0
ID272,2002-09-30,383.0
ID272,2002-12-31,298.0
ID272,2003-03-31,194.0
ID272,2003-06-30,112.0
ID272,2003-09-30,270.0
ID273,1980-03-31,292.0
ID273,1980-06-30,8.0
ID273,1980-09-30,12.0
ID273,1980-12-31,240.0
ID273,1981-03-31,296.0
ID273,1981-06-30,16.0
ID273,1981-09-30,24.0
ID273,1981-12-31,356.0
ID273,1982-03-31,288.0
ID273,1982-06-30,8.0
ID273,1982-09-30,4.0
ID273,1982-12-31,472.0
ID273,1983-03-31,224.0
ID273,1983-06-30,12.0
ID273,1983-09-30,4.0
ID273,1983-12-31,760.0
ID273,1984-03-31,4.0
ID273,1984-06-30,16.0
ID273,1984-09-30,8.0
ID273,1984-12-31,292.0
ID273,1985-03-31,284.0
ID273,1985-06-30,16.0
ID273,1985-09-30,84.0
ID273,1985-12-31,112.0
ID273,1986-03-31,80.0
ID273,1986-06-30,12.0
ID273,1986-09-30,5.0
ID273,1986-12-31,120.0
ID273,1987-03-31,192.0
ID273,1987-06-30,0.0
ID273,1987-09-30,24.0
ID273,1987-12-31,101.0
ID273,1988-03-31,47.0
ID273,1988-06-30,56.0
ID273,1988-09-30,166.0
ID273,1988-12-31,143.0
ID273,1989-03-31,229.0
ID273,1989-06-30,171.0
ID273,1989-09-30,278.0
ID273,1989-12-31,411.0
ID273,1990-03-31,660.0
ID273,1990-06-30,261.0
ID273,1990-09-30,291.0
ID273,1990-12-31,373.0
ID273,1991-03-31,642.0
ID273,1991-06-30,381.0
ID273,1991-09-30,490.0
ID273,1991-12-31,409.0
ID273,1992-03-31,657.0
ID273,1992-06-30,320.0
ID273,1992-09-30,392.0
ID273,1992-12-31,372.0
ID273,1993-03-31,732.0
ID273,1993-06-30,204.0
ID273,1993-09-30,437.0
ID273,1993-12-31,268.0
ID273,1994-03-31,795.0
ID273,1994-06-30,922.0
ID273,1994-09-30,1047.0
ID273,1994-12-31,657.0
ID273,1995-03-31,1523.0
ID273,1995-06-30,745.0
ID273,1995-09-30,1981.0
ID273,1995-12-31,1800.0
ID273,1996-03-31,1721.0
ID273,1996-06-30,918.0
ID273,1996-09-30,1504.0
ID273,1996-12-31,1110.0
ID273,1997-03-31,1266.0
ID273,1997-06-30,575.0
ID273,1997-09-30,1163.0
ID273,1997-12-31,587.0
ID273,1998-03-31,976.0
ID273,1998-06-30,634.0
ID273,1998-09-30,1176.0
ID273,1998-12-31,857.0
ID273,1999-03-31,1134.0
ID273,1999-06-30,660.0
ID273,1999-09-30,1290.0
ID273,1999-12-31,696.0
ID273,2000-03-31,850.0
ID273,2000-06-30,935.0
ID273,2000-09-30,937.0
ID273,2000-12-31,509.0
ID273,2001-03-31,1003.0
ID273,2001-06-30,546.0
ID273,2001-09-30,1450.0
ID273,2001-12-31,537.0
ID273,2002-03-31,1448.0
ID273,2002-06-30,1062.0
ID273,2002-09-30,1475.0
ID273,2002-12-31,932.0
ID273,2003-03-31,886.0
ID273,2003-06-30,395.0
ID273,2003-09-30,1490.0
ID274,1980-03-31,492.0
ID274,1980-06-30,188.0
ID274,1980-09-30,48.0
ID274,1980-12-31,940.0
ID274,1981-03-31,492.0
ID274,1981-06-30,100.0
ID274,1981-09-30,104.0
ID274,1981-12-31,1000.0
ID274,1982-03-31,568.0
ID274,1982-06-30,196.0
ID274,1982-09-30,88.0
ID274,1982-12-31,1065.0
ID274,1983-03-31,704.0
ID274,1983-06-30,284.0
ID274,1983-09-30,128.0
ID274,1983-12-31,1420.0
ID274,1984-03-31,696.0
ID274,1984-06-30,292.0
ID274,1984-09-30,128.0
ID274,1984-12-31,1548.0
ID274,1985-03-31,1404.0
ID274,1985-06-30,384.0
ID274,1985-09-30,264.0
ID274,1985-12-31,1136.0
ID274,1986-03-31,1532.0
ID274,1986-06-30,632.0
ID274,1986-09-30,325.0
ID274,1986-12-31,2160.0
ID274,1987-03-31,2748.0
ID274,1987-06-30,769.0
ID274,1987-09-30,488.0
ID274,1987-12-31,2638.0
ID274,1988-03-31,2718.0
ID274,1988-06-30,800.0
ID274,1988-09-30,1306.0
ID274,1988-12-31,3597.0
ID274,1989-03-31,4629.0
ID274,1989-06-30,1521.0
ID274,1989-09-30,2674.0
ID274,1989-12-31,5004.0
ID274,1990-03-31,5740.0
ID274,1990-06-30,2034.0
ID274,1990-09-30,2209.0
ID274,1990-12-31,2862.0
ID274,1991-03-31,3944.0
ID274,1991-06-30,1927.0
ID274,1991-09-30,3024.0
ID274,1991-12-31,5916.0
ID274,1992-03-31,8606.0
ID274,1992-06-30,3630.0
ID274,1992-09-30,3617.0
ID274,1992-12-31,9207.0
ID274,1993-03-31,15168.0
ID274,1993-06-30,6956.0
ID274,1993-09-30,6437.0
ID274,1993-12-31,16254.0
ID274,1994-03-31,18493.0
ID274,1994-06-30,12156.0
ID274,1994-09-30,8992.0
ID274,1994-12-31,17899.0
ID274,1995-03-31,21913.0
ID274,1995-06-30,12417.0
ID274,1995-09-30,12709.0
ID274,1995-12-31,17932.0
ID274,1996-03-31,19901.0
ID274,1996-06-30,10142.0
ID274,1996-09-30,9616.0
ID274,1996-12-31,15431.0
ID274,1997-03-31,17503.0
ID274,1997-06-30,7980.0
ID274,1997-09-30,8496.0
ID274,1997-12-31,11878.0
ID274,1998-03-31,14095.0
ID274,1998-06-30,6777.0
ID274,1998-09-30,8808.0
ID274,1998-12-31,10695.0
ID274,1999-03-31,12847.0
ID274,1999-06-30,9740.0
ID274,1999-09-30,8885.0
ID274,1999-12-31,8756.0
ID274,2000-03-31,12414.0
ID274,2000-06-30,9265.0
ID274,2000-09-30,9059.0
ID274,2000-12-31,10110.0
ID274,2001-03-31,12040.0
ID274,2001-06-30,7550.0
ID274,2001-09-30,8446.0
ID274,2001-12-31,8152.0
ID274,2002-03-31,11897.0
ID274,2002-06-30,8370.0
ID274,2002-09-30,9705.0
ID274,2002-12-31,8386.0
ID274,2003-03-31,8339.0
ID274,2003-06-30,2860.0
ID274,2003-09-30,6718.0
ID275,1980-03-31,432.0
ID275,1980-06-30,260.0
ID275,1980-09-30,416.0
ID275,1980-12-31,336.0
ID275,1981-03-31,516.0
ID275,1981-06-30,224.0
ID275,1981-09-30,408.0
ID275,1981-12-31,396.0
ID275,1982-03-31,397.0
ID275,1982-06-30,248.0
ID275,1982-09-30,416.0
ID275,1982-12-31,473.0
ID275,1983-03-31,680.0
ID275,1983-06-30,284.0
ID275,1983-09-30,680.0
ID275,1983-12-31,588.0
ID275,1984-03-31,456.0
ID275,1984-06-30,332.0
ID275,1984-09-30,496.0
ID275,1984-12-31,580.0
ID275,1985-03-31,764.0
ID275,1985-06-30,300.0
ID275,1985-09-30,580.0
ID275,1985-12-31,752.0
ID275,1986-03-31,1032.0
ID275,1986-06-30,392.0
ID275,1986-09-30,1025.0
ID275,1986-12-31,1080.0
ID275,1987-03-31,1248.0
ID275,1987-06-30,787.0
ID275,1987-09-30,1328.0
ID275,1987-12-31,1199.0
ID275,1988-03-31,1466.0
ID275,1988-06-30,732.0
ID275,1988-09-30,1317.0
ID275,1988-12-31,1320.0
ID275,1989-03-31,2073.0
ID275,1989-06-30,1125.0
ID275,1989-09-30,3693.0
ID275,1989-12-31,2628.0
ID275,1990-03-31,2432.0
ID275,1990-06-30,1422.0
ID275,1990-09-30,2401.0
ID275,1990-12-31,2561.0
ID275,1991-03-31,2862.0
ID275,1991-06-30,1365.0
ID275,1991-09-30,2772.0
ID275,1991-12-31,2984.0
ID275,1992-03-31,3404.0
ID275,1992-06-30,1720.0
ID275,1992-09-30,2735.0
ID275,1992-12-31,2943.0
ID275,1993-03-31,3864.0
ID275,1993-06-30,2456.0
ID275,1993-09-30,3063.0
ID275,1993-12-31,4269.0
ID275,1994-03-31,4727.0
ID275,1994-06-30,2614.0
ID275,1994-09-30,4279.0
ID275,1994-12-31,5087.0
ID275,1995-03-31,5013.0
ID275,1995-06-30,3313.0
ID275,1995-09-30,4659.0
ID275,1995-12-31,5419.0
ID275,1996-03-31,5587.0
ID275,1996-06-30,3528.0
ID275,1996-09-30,4272.0
ID275,1996-12-31,7369.0
ID275,1997-03-31,7203.0
ID275,1997-06-30,2426.0
ID275,1997-09-30,3776.0
ID275,1997-12-31,5803.0
ID275,1998-03-31,4860.0
ID275,1998-06-30,3156.0
ID275,1998-09-30,3648.0
ID275,1998-12-31,6363.0
ID275,1999-03-31,6195.0
ID275,1999-06-30,3263.0
ID275,1999-09-30,3949.0
ID275,1999-12-31,5246.0
ID275,2000-03-31,5720.0
ID275,2000-06-30,3454.0
ID275,2000-09-30,4207.0
ID275,2000-12-31,5614.0
ID275,2001-03-31,6201.0
ID275,2001-06-30,3215.0
ID275,2001-09-30,4196.0
ID275,2001-12-31,5180.0
ID275,2002-03-31,5652.0
ID275,2002-06-30,2432.0
ID275,2002-09-30,3991.0
ID275,2002-12-31,4906.0
ID275,2003-03-31,4238.0
ID275,2003-06-30,2174.0
ID275,2003-09-30,3803.0
ID276,1980-03-31,128.0
ID276,1980-06-30,120.0
ID276,1980-09-30,112.0
ID276,1980-12-31,148.0
ID276,1981-03-31,136.0
ID276,1981-06-30,100.0
ID276,1981-09-30,148.0
ID276,1981-12-31,160.0
ID276,1982-03-31,144.0
ID276,1982-06-30,104.0
ID276,1982-09-30,168.0
ID276,1982-12-31,180.0
ID276,1983-03-31,208.0
ID276,1983-06-30,124.0
ID276,1983-09-30,224.0
ID276,1983-12-31,216.0
ID276,1984-03-31,228.0
ID276,1984-06-30,144.0
ID276,1984-09-30,228.0
ID276,1984-12-31,200.0
ID276,1985-03-31,272.0
ID276,1985-06-30,204.0
ID276,1985-09-30,260.0
ID276,1985-12-31,240.0
ID276,1986-03-31,168.0
ID276,1986-06-30,167.0
ID276,1986-09-30,175.0
ID276,1986-12-31,366.0
ID276,1987-03-31,324.0
ID276,1987-06-30,271.0
ID276,1987-09-30,328.0
ID276,1987-12-31,497.0
ID276,1988-03-31,332.0
ID276,1988-06-30,269.0
ID276,1988-09-30,496.0
ID276,1988-12-31,506.0
ID276,1989-03-31,582.0
ID276,1989-06-30,423.0
ID276,1989-09-30,870.0
ID276,1989-12-31,878.0
ID276,1990-03-31,662.0
ID276,1990-06-30,414.0
ID276,1990-09-30,1029.0
ID276,1990-12-31,808.0
ID276,1991-03-31,732.0
ID276,1991-06-30,593.0
ID276,1991-09-30,1091.0
ID276,1991-12-31,1051.0
ID276,1992-03-31,988.0
ID276,1992-06-30,920.0
ID276,1992-09-30,1124.0
ID276,1992-12-31,1238.0
ID276,1993-03-31,1152.0
ID276,1993-06-30,1159.0
ID276,1993-09-30,1108.0
ID276,1993-12-31,1540.0
ID276,1994-03-31,1708.0
ID276,1994-06-30,1298.0
ID276,1994-09-30,1747.0
ID276,1994-12-31,1791.0
ID276,1995-03-31,1698.0
ID276,1995-06-30,1648.0
ID276,1995-09-30,1998.0
ID276,1995-12-31,1903.0
ID276,1996-03-31,1861.0
ID276,1996-06-30,1437.0
ID276,1996-09-30,2032.0
ID276,1996-12-31,2142.0
ID276,1997-03-31,2173.0
ID276,1997-06-30,1365.0
ID276,1997-09-30,1681.0
ID276,1997-12-31,1615.0
ID276,1998-03-31,1561.0
ID276,1998-06-30,1620.0
ID276,1998-09-30,1524.0
ID276,1998-12-31,1652.0
ID276,1999-03-31,1964.0
ID276,1999-06-30,1256.0
ID276,1999-09-30,1752.0
ID276,1999-12-31,1712.0
ID276,2000-03-31,1780.0
ID276,2000-06-30,1540.0
ID276,2000-09-30,1586.0
ID276,2000-12-31,1904.0
ID276,2001-03-31,1818.0
ID276,2001-06-30,1511.0
ID276,2001-09-30,1808.0
ID276,2001-12-31,1691.0
ID276,2002-03-31,1885.0
ID276,2002-06-30,1348.0
ID276,2002-09-30,1795.0
ID276,2002-12-31,1980.0
ID276,2003-03-31,1463.0
ID276,2003-06-30,1821.0
ID276,2003-09-30,1783.0
ID277,1980-03-31,208.0
ID277,1980-06-30,148.0
ID277,1980-09-30,60.0
ID277,1980-12-31,84.0
ID277,1981-03-31,100.0
ID277,1981-06-30,180.0
ID277,1981-09-30,140.0
ID277,1981-12-31,156.0
ID277,1982-03-31,148.0
ID277,1982-06-30,120.0
ID277,1982-09-30,136.0
ID277,1982-12-31,120.0
ID277,1983-03-31,188.0
ID277,1983-06-30,128.0
ID277,1983-09-30,120.0
ID277,1983-12-31,188.0
ID277,1984-03-31,176.0
ID277,1984-06-30,140.0
ID277,1984-09-30,168.0
ID277,1984-12-31,176.0
ID277,1985-03-31,152.0
ID277,1985-06-30,212.0
ID277,1985-09-30,128.0
ID277,1985-12-31,140.0
ID277,1986-03-31,176.0
ID277,1986-06-30,241.0
ID277,1986-09-30,310.0
ID277,1986-12-31,240.0
ID277,1987-03-31,276.0
ID277,1987-06-30,309.0
ID277,1987-09-30,232.0
ID277,1987-12-31,271.0
ID277,1988-03-31,379.0
ID277,1988-06-30,308.0
ID277,1988-09-30,436.0
ID277,1988-12-31,363.0
ID277,1989-03-31,387.0
ID277,1989-06-30,333.0
ID277,1989-09-30,551.0
ID277,1989-12-31,558.0
ID277,1990-03-31,430.0
ID277,1990-06-30,432.0
ID277,1990-09-30,333.0
ID277,1990-12-31,270.0
ID277,1991-03-31,326.0
ID277,1991-06-30,317.0
ID277,1991-09-30,463.0
ID277,1991-12-31,535.0
ID277,1992-03-31,440.0
ID277,1992-06-30,440.0
ID277,1992-09-30,339.0
ID277,1992-12-31,585.0
ID277,1993-03-31,576.0
ID277,1993-06-30,492.0
ID277,1993-09-30,559.0
ID277,1993-12-31,400.0
ID277,1994-03-31,523.0
ID277,1994-06-30,514.0
ID277,1994-09-30,538.0
ID277,1994-12-31,541.0
ID277,1995-03-31,595.0
ID277,1995-06-30,639.0
ID277,1995-09-30,683.0
ID277,1995-12-31,521.0
ID277,1996-03-31,682.0
ID277,1996-06-30,517.0
ID277,1996-09-30,496.0
ID277,1996-12-31,522.0
ID277,1997-03-31,516.0
ID277,1997-06-30,585.0
ID277,1997-09-30,585.0
ID277,1997-12-31,563.0
ID277,1998-03-31,604.0
ID277,1998-06-30,521.0
ID277,1998-09-30,552.0
ID277,1998-12-31,570.0
ID277,1999-03-31,514.0
ID277,1999-06-30,537.0
ID277,1999-09-30,833.0
ID277,1999-12-31,666.0
ID277,2000-03-31,691.0
ID277,2000-06-30,622.0
ID277,2000-09-30,701.0
ID277,2000-12-31,568.0
ID277,2001-03-31,545.0
ID277,2001-06-30,784.0
ID277,2001-09-30,583.0
ID277,2001-12-31,558.0
ID277,2002-03-31,644.0
ID277,2002-06-30,481.0
ID277,2002-09-30,644.0
ID277,2002-12-31,612.0
ID277,2003-03-31,512.0
ID277,2003-06-30,476.0
ID277,2003-09-30,569.0
ID278,1980-03-31,116.0
ID278,1980-06-30,84.0
ID278,1980-09-30,76.0
ID278,1980-12-31,60.0
ID278,1981-03-31,112.0
ID278,1981-06-30,96.0
ID278,1981-09-30,92.0
ID278,1981-12-31,60.0
ID278,1982-03-31,140.0
ID278,1982-06-30,64.0
ID278,1982-09-30,100.0
ID278,1982-12-31,72.0
ID278,1983-03-31,160.0
ID278,1983-06-30,88.0
ID278,1983-09-30,120.0
ID278,1983-12-31,76.0
ID278,1984-03-31,168.0
ID278,1984-06-30,40.0
ID278,1984-09-30,100.0
ID278,1984-12-31,100.0
ID278,1985-03-31,84.0
ID278,1985-06-30,100.0
ID278,1985-09-30,88.0
ID278,1985-12-31,76.0
ID278,1986-03-31,108.0
ID278,1986-06-30,33.0
ID278,1986-09-30,90.0
ID278,1986-12-31,258.0
ID278,1987-03-31,132.0
ID278,1987-06-30,122.0
ID278,1987-09-30,136.0
ID278,1987-12-31,218.0
ID278,1988-03-31,285.0
ID278,1988-06-30,125.0
ID278,1988-09-30,242.0
ID278,1988-12-31,154.0
ID278,1989-03-31,390.0
ID278,1989-06-30,297.0
ID278,1989-09-30,407.0
ID278,1989-12-31,279.0
ID278,1990-03-31,526.0
ID278,1990-06-30,567.0
ID278,1990-09-30,712.0
ID278,1990-12-31,461.0
ID278,1991-03-31,784.0
ID278,1991-06-30,490.0
ID278,1991-09-30,1560.0
ID278,1991-12-31,639.0
ID278,1992-03-31,659.0
ID278,1992-06-30,490.0
ID278,1992-09-30,694.0
ID278,1992-12-31,608.0
ID278,1993-03-31,888.0
ID278,1993-06-30,539.0
ID278,1993-09-30,832.0
ID278,1993-12-31,491.0
ID278,1994-03-31,793.0
ID278,1994-06-30,510.0
ID278,1994-09-30,883.0
ID278,1994-12-31,602.0
ID278,1995-03-31,692.0
ID278,1995-06-30,958.0
ID278,1995-09-30,772.0
ID278,1995-12-31,936.0
ID278,1996-03-31,748.0
ID278,1996-06-30,577.0
ID278,1996-09-30,848.0
ID278,1996-12-31,690.0
ID278,1997-03-31,700.0
ID278,1997-06-30,405.0
ID278,1997-09-30,580.0
ID278,1997-12-31,416.0
ID278,1998-03-31,693.0
ID278,1998-06-30,383.0
ID278,1998-09-30,660.0
ID278,1998-12-31,546.0
ID278,1999-03-31,525.0
ID278,1999-06-30,312.0
ID278,1999-09-30,536.0
ID278,1999-12-31,434.0
ID278,2000-03-31,460.0
ID278,2000-06-30,312.0
ID278,2000-09-30,522.0
ID278,2000-12-31,261.0
ID278,2001-03-31,553.0
ID278,2001-06-30,490.0
ID278,2001-09-30,784.0
ID278,2001-12-31,522.0
ID278,2002-03-31,747.0
ID278,2002-06-30,413.0
ID278,2002-09-30,879.0
ID278,2002-12-31,464.0
ID278,2003-03-31,500.0
ID278,2003-06-30,264.0
ID278,2003-09-30,345.0
ID279,1980-03-31,884.0
ID279,1980-06-30,612.0
ID279,1980-09-30,664.0
ID279,1980-12-31,628.0
ID279,1981-03-31,864.0
ID279,1981-06-30,600.0
ID279,1981-09-30,788.0
ID279,1981-12-31,772.0
ID279,1982-03-31,829.0
ID279,1982-06-30,536.0
ID279,1982-09-30,820.0
ID279,1982-12-31,845.0
ID279,1983-03-31,1236.0
ID279,1983-06-30,624.0
ID279,1983-09-30,1144.0
ID279,1983-12-31,1068.0
ID279,1984-03-31,1028.0
ID279,1984-06-30,656.0
ID279,1984-09-30,992.0
ID279,1984-12-31,1056.0
ID279,1985-03-31,1272.0
ID279,1985-06-30,816.0
ID279,1985-09-30,1056.0
ID279,1985-12-31,1208.0
ID279,1986-03-31,1484.0
ID279,1986-06-30,833.0
ID279,1986-09-30,1600.0
ID279,1986-12-31,1944.0
ID279,1987-03-31,1980.0
ID279,1987-06-30,1489.0
ID279,1987-09-30,2024.0
ID279,1987-12-31,2185.0
ID279,1988-03-31,2462.0
ID279,1988-06-30,1434.0
ID279,1988-09-30,2491.0
ID279,1988-12-31,2343.0
ID279,1989-03-31,3432.0
ID279,1989-06-30,2178.0
ID279,1989-09-30,5521.0
ID279,1989-12-31,4343.0
ID279,1990-03-31,4050.0
ID279,1990-06-30,2835.0
ID279,1990-09-30,4475.0
ID279,1990-12-31,4100.0
ID279,1991-03-31,4704.0
ID279,1991-06-30,2765.0
ID279,1991-09-30,5886.0
ID279,1991-12-31,5209.0
ID279,1992-03-31,5491.0
ID279,1992-06-30,3570.0
ID279,1992-09-30,4892.0
ID279,1992-12-31,5374.0
ID279,1993-03-31,6480.0
ID279,1993-06-30,4646.0
ID279,1993-09-30,5562.0
ID279,1993-12-31,6700.0
ID279,1994-03-31,7751.0
ID279,1994-06-30,4936.0
ID279,1994-09-30,7447.0
ID279,1994-12-31,8021.0
ID279,1995-03-31,7998.0
ID279,1995-06-30,6558.0
ID279,1995-09-30,8112.0
ID279,1995-12-31,8779.0
ID279,1996-03-31,8878.0
ID279,1996-06-30,6059.0
ID279,1996-09-30,7648.0
ID279,1996-12-31,10723.0
ID279,1997-03-31,10592.0
ID279,1997-06-30,4781.0
ID279,1997-09-30,6622.0
ID279,1997-12-31,8397.0
ID279,1998-03-31,7718.0
ID279,1998-06-30,5680.0
ID279,1998-09-30,6384.0
ID279,1998-12-31,9131.0
ID279,1999-03-31,9198.0
ID279,1999-06-30,5368.0
ID279,1999-09-30,7070.0
ID279,1999-12-31,8058.0
ID279,2000-03-31,8651.0
ID279,2000-06-30,5928.0
ID279,2000-09-30,7016.0
ID279,2000-12-31,8347.0
ID279,2001-03-31,9117.0
ID279,2001-06-30,6000.0
ID279,2001-09-30,7371.0
ID279,2001-12-31,7951.0
ID279,2002-03-31,8928.0
ID279,2002-06-30,4674.0
ID279,2002-09-30,7309.0
ID279,2002-12-31,7962.0
ID279,2003-03-31,6713.0
ID279,2003-06-30,4735.0
ID279,2003-09-30,6500.0
ID28,1991-03-31,1333.0
ID28,1991-06-30,1444.0
ID28,1991-09-30,1552.0
ID28,1991-12-31,1310.0
ID28,1992-03-31,1224.0
ID28,1992-06-30,1496.0
ID28,1992-09-30,1638.0
ID28,1992-12-31,1338.0
ID28,1993-03-31,1343.0
ID28,1993-06-30,1550.0
ID28,1993-09-30,1719.0
ID28,1993-12-31,1398.0
ID28,1994-03-31,1386.0
ID28,1994-06-30,1583.0
ID28,1994-09-30,1791.0
ID28,1994-12-31,1497.0
ID28,1995-03-31,1539.0
ID28,1995-06-30,1406.0
ID28,1995-09-30,1739.0
ID28,1995-12-31,1881.0
ID28,1996-03-31,1595.0
ID28,1996-06-30,1539.0
ID28,1996-09-30,1973.0
ID28,1996-12-31,1673.0
ID28,1997-03-31,1533.0
ID28,1997-06-30,1836.0
ID28,1997-09-30,2078.0
ID28,1997-12-31,1734.0
ID28,1998-03-31,1583.0
ID28,1998-06-30,1943.0
ID28,1998-09-30,2142.0
ID28,1998-12-31,1837.0
ID28,1999-03-31,1765.0
ID28,1999-06-30,2080.0
ID28,1999-09-30,2327.0
ID28,1999-12-31,1988.0
ID28,2000-03-31,1894.0
ID28,2000-06-30,2254.0
ID28,2000-09-30,2498.0
ID28,2000-12-31,2125.0
ID28,2001-03-31,1950.0
ID28,2001-06-30,2191.0
ID28,2001-09-30,2403.0
ID28,2001-12-31,1882.0
ID28,2002-03-31,1892.0
ID28,2002-06-30,2168.0
ID280,1980-03-31,12.0
ID280,1980-06-30,12.0
ID280,1980-09-30,32.0
ID280,1980-12-31,20.0
ID280,1981-03-31,16.0
ID280,1981-06-30,4.0
ID280,1981-09-30,32.0
ID280,1981-12-31,168.0
ID280,1982-03-31,28.0
ID280,1982-06-30,32.0
ID280,1982-09-30,40.0
ID280,1982-12-31,64.0
ID280,1983-03-31,68.0
ID280,1983-06-30,32.0
ID280,1983-09-30,88.0
ID280,1983-12-31,168.0
ID280,1984-03-31,12.0
ID280,1984-06-30,48.0
ID280,1984-09-30,44.0
ID280,1984-12-31,180.0
ID280,1985-03-31,108.0
ID280,1985-06-30,72.0
ID280,1985-09-30,100.0
ID280,1985-12-31,180.0
ID280,1986-03-31,64.0
ID280,1986-06-30,53.0
ID280,1986-09-30,35.0
ID280,1986-12-31,282.0
ID280,1987-03-31,240.0
ID280,1987-06-30,131.0
ID280,1987-09-30,248.0
ID280,1987-12-31,194.0
ID280,1988-03-31,484.0
ID280,1988-06-30,249.0
ID280,1988-09-30,298.0
ID280,1988-12-31,286.0
ID280,1989-03-31,550.0
ID280,1989-06-30,252.0
ID280,1989-09-30,298.0
ID280,1989-12-31,277.0
ID280,1990-03-31,518.0
ID280,1990-06-30,351.0
ID280,1990-09-30,455.0
ID280,1990-12-31,599.0
ID280,1991-03-31,550.0
ID280,1991-06-30,1170.0
ID280,1991-09-30,1325.0
ID280,1991-12-31,1340.0
ID280,1992-03-31,2989.0
ID280,1992-06-30,1740.0
ID280,1992-09-30,2429.0
ID280,1992-12-31,2983.0
ID280,1993-03-31,6252.0
ID280,1993-06-30,3582.0
ID280,1993-09-30,4465.0
ID280,1993-12-31,8849.0
ID280,1994-03-31,15207.0
ID280,1994-06-30,7638.0
ID280,1994-09-30,13081.0
ID280,1994-12-31,17292.0
ID280,1995-03-31,26940.0
ID280,1995-06-30,13904.0
ID280,1995-09-30,19960.0
ID280,1995-12-31,30736.0
ID280,1996-03-31,32281.0
ID280,1996-06-30,19842.0
ID280,1996-09-30,22576.0
ID280,1996-12-31,35563.0
ID280,1997-03-31,34055.0
ID280,1997-06-30,19353.0
ID280,1997-09-30,19872.0
ID280,1997-12-31,18978.0
ID280,1998-03-31,1205.0
ID280,1998-06-30,1172.0
ID280,1998-09-30,2040.0
ID280,1998-12-31,4905.0
ID280,1999-03-31,7414.0
ID280,1999-06-30,4548.0
ID280,1999-09-30,6401.0
ID280,1999-12-31,11076.0
ID280,2000-03-31,15256.0
ID280,2000-06-30,8317.0
ID280,2000-09-30,9525.0
ID280,2000-12-31,13950.0
ID280,2001-03-31,17743.0
ID280,2001-06-30,10488.0
ID280,2001-09-30,14946.0
ID280,2001-12-31,15341.0
ID280,2002-03-31,20767.0
ID280,2002-06-30,13901.0
ID280,2002-09-30,15271.0
ID280,2002-12-31,22644.0
ID280,2003-03-31,25020.0
ID280,2003-06-30,9568.0
ID280,2003-09-30,16806.0
ID281,1980-03-31,4.0
ID281,1980-06-30,12.0
ID281,1980-09-30,8.0
ID281,1980-12-31,12.0
ID281,1981-03-31,16.0
ID281,1981-06-30,4.0
ID281,1981-09-30,8.0
ID281,1981-12-31,4.0
ID281,1982-03-31,8.0
ID281,1982-06-30,8.0
ID281,1982-09-30,8.0
ID281,1982-12-31,12.0
ID281,1983-03-31,0.0
ID281,1983-06-30,12.0
ID281,1983-09-30,12.0
ID281,1983-12-31,8.0
ID281,1984-03-31,16.0
ID281,1984-06-30,20.0
ID281,1984-09-30,20.0
ID281,1984-12-31,16.0
ID281,1985-03-31,12.0
ID281,1985-06-30,8.0
ID281,1985-09-30,12.0
ID281,1985-12-31,12.0
ID281,1986-03-31,12.0
ID281,1986-06-30,20.0
ID281,1986-09-30,20.0
ID281,1986-12-31,12.0
ID281,1987-03-31,24.0
ID281,1987-06-30,12.0
ID281,1987-09-30,0.0
ID281,1987-12-31,8.0
ID281,1988-03-31,62.0
ID281,1988-06-30,17.0
ID281,1988-09-30,18.0
ID281,1988-12-31,22.0
ID281,1989-03-31,38.0
ID281,1989-06-30,18.0
ID281,1989-09-30,22.0
ID281,1989-12-31,85.0
ID281,1990-03-31,22.0
ID281,1990-06-30,36.0
ID281,1990-09-30,87.0
ID281,1990-12-31,78.0
ID281,1991-03-31,66.0
ID281,1991-06-30,66.0
ID281,1991-09-30,75.0
ID281,1991-12-31,138.0
ID281,1992-03-31,139.0
ID281,1992-06-30,80.0
ID281,1992-09-30,156.0
ID281,1992-12-31,199.0
ID281,1993-03-31,192.0
ID281,1993-06-30,228.0
ID281,1993-09-30,361.0
ID281,1993-12-31,478.0
ID281,1994-03-31,961.0
ID281,1994-06-30,460.0
ID281,1994-09-30,756.0
ID281,1994-12-31,1031.0
ID281,1995-03-31,1485.0
ID281,1995-06-30,1042.0
ID281,1995-09-30,1338.0
ID281,1995-12-31,1944.0
ID281,1996-03-31,1856.0
ID281,1996-06-30,1319.0
ID281,1996-09-30,2144.0
ID281,1996-12-31,2245.0
ID281,1997-03-31,2703.0
ID281,1997-06-30,1348.0
ID281,1997-09-30,2123.0
ID281,1997-12-31,1826.0
ID281,1998-03-31,1256.0
ID281,1998-06-30,910.0
ID281,1998-09-30,1356.0
ID281,1998-12-31,1808.0
ID281,1999-03-31,1777.0
ID281,1999-06-30,1311.0
ID281,1999-09-30,1553.0
ID281,1999-12-31,3150.0
ID281,2000-03-31,3309.0
ID281,2000-06-30,1902.0
ID281,2000-09-30,2505.0
ID281,2000-12-31,3652.0
ID281,2001-03-31,4460.0
ID281,2001-06-30,3287.0
ID281,2001-09-30,4600.0
ID281,2001-12-31,5365.0
ID281,2002-03-31,5981.0
ID281,2002-06-30,3986.0
ID281,2002-09-30,5960.0
ID281,2002-12-31,6196.0
ID281,2003-03-31,6860.0
ID281,2003-06-30,4623.0
ID281,2003-09-30,6636.0
ID282,1980-03-31,36.0
ID282,1980-06-30,60.0
ID282,1980-09-30,52.0
ID282,1980-12-31,24.0
ID282,1981-03-31,48.0
ID282,1981-06-30,36.0
ID282,1981-09-30,60.0
ID282,1981-12-31,52.0
ID282,1982-03-31,108.0
ID282,1982-06-30,60.0
ID282,1982-09-30,48.0
ID282,1982-12-31,60.0
ID282,1983-03-31,76.0
ID282,1983-06-30,40.0
ID282,1983-09-30,116.0
ID282,1983-12-31,56.0
ID282,1984-03-31,48.0
ID282,1984-06-30,52.0
ID282,1984-09-30,64.0
ID282,1984-12-31,56.0
ID282,1985-03-31,80.0
ID282,1985-06-30,68.0
ID282,1985-09-30,72.0
ID282,1985-12-31,68.0
ID282,1986-03-31,48.0
ID282,1986-06-30,99.0
ID282,1986-09-30,65.0
ID282,1986-12-31,66.0
ID282,1987-03-31,54.0
ID282,1987-06-30,112.0
ID282,1987-09-30,112.0
ID282,1987-12-31,91.0
ID282,1988-03-31,172.0
ID282,1988-06-30,167.0
ID282,1988-09-30,106.0
ID282,1988-12-31,77.0
ID282,1989-03-31,145.0
ID282,1989-06-30,81.0
ID282,1989-09-30,85.0
ID282,1989-12-31,180.0
ID282,1990-03-31,244.0
ID282,1990-06-30,162.0
ID282,1990-09-30,179.0
ID282,1990-12-31,168.0
ID282,1991-03-31,298.0
ID282,1991-06-30,188.0
ID282,1991-09-30,128.0
ID282,1991-12-31,181.0
ID282,1992-03-31,191.0
ID282,1992-06-30,240.0
ID282,1992-09-30,203.0
ID282,1992-12-31,217.0
ID282,1993-03-31,240.0
ID282,1993-06-30,188.0
ID282,1993-09-30,290.0
ID282,1993-12-31,511.0
ID282,1994-03-31,637.0
ID282,1994-06-30,424.0
ID282,1994-09-30,598.0
ID282,1994-12-31,599.0
ID282,1995-03-31,686.0
ID282,1995-06-30,503.0
ID282,1995-09-30,516.0
ID282,1995-12-31,809.0
ID282,1996-03-31,668.0
ID282,1996-06-30,663.0
ID282,1996-09-30,512.0
ID282,1996-12-31,662.0
ID282,1997-03-31,500.0
ID282,1997-06-30,531.0
ID282,1997-09-30,722.0
ID282,1997-12-31,547.0
ID282,1998-03-31,290.0
ID282,1998-06-30,317.0
ID282,1998-09-30,288.0
ID282,1998-12-31,425.0
ID282,1999-03-31,381.0
ID282,1999-06-30,398.0
ID282,1999-09-30,502.0
ID282,1999-12-31,740.0
ID282,2000-03-31,479.0
ID282,2000-06-30,534.0
ID282,2000-09-30,488.0
ID282,2000-12-31,684.0
ID282,2001-03-31,599.0
ID282,2001-06-30,568.0
ID282,2001-09-30,630.0
ID282,2001-12-31,676.0
ID282,2002-03-31,885.0
ID282,2002-06-30,601.0
ID282,2002-09-30,810.0
ID282,2002-12-31,1088.0
ID282,2003-03-31,646.0
ID282,2003-06-30,638.0
ID282,2003-09-30,781.0
ID283,1980-03-31,64.0
ID283,1980-06-30,20.0
ID283,1980-09-30,36.0
ID283,1980-12-31,96.0
ID283,1981-03-31,76.0
ID283,1981-06-30,64.0
ID283,1981-09-30,64.0
ID283,1981-12-31,64.0
ID283,1982-03-31,104.0
ID283,1982-06-30,28.0
ID283,1982-09-30,36.0
ID283,1982-12-31,92.0
ID283,1983-03-31,144.0
ID283,1983-06-30,80.0
ID283,1983-09-30,16.0
ID283,1983-12-31,336.0
ID283,1984-03-31,88.0
ID283,1984-06-30,104.0
ID283,1984-09-30,24.0
ID283,1984-12-31,236.0
ID283,1985-03-31,64.0
ID283,1985-06-30,76.0
ID283,1985-09-30,128.0
ID283,1985-12-31,80.0
ID283,1986-03-31,28.0
ID283,1986-06-30,69.0
ID283,1986-09-30,70.0
ID283,1986-12-31,198.0
ID283,1987-03-31,342.0
ID283,1987-06-30,186.0
ID283,1987-09-30,144.0
ID283,1987-12-31,120.0
ID283,1988-03-31,114.0
ID283,1988-06-30,81.0
ID283,1988-09-30,89.0
ID283,1988-12-31,231.0
ID283,1989-03-31,292.0
ID283,1989-06-30,99.0
ID283,1989-09-30,95.0
ID283,1989-12-31,328.0
ID283,1990-03-31,816.0
ID283,1990-06-30,153.0
ID283,1990-09-30,227.0
ID283,1990-12-31,89.0
ID283,1991-03-31,314.0
ID283,1991-06-30,126.0
ID283,1991-09-30,212.0
ID283,1991-12-31,192.0
ID283,1992-03-31,230.0
ID283,1992-06-30,160.0
ID283,1992-09-30,405.0
ID283,1992-12-31,396.0
ID283,1993-03-31,516.0
ID283,1993-06-30,240.0
ID283,1993-09-30,318.0
ID283,1993-12-31,630.0
ID283,1994-03-31,757.0
ID283,1994-06-30,646.0
ID283,1994-09-30,793.0
ID283,1994-12-31,703.0
ID283,1995-03-31,1093.0
ID283,1995-06-30,917.0
ID283,1995-09-30,1043.0
ID283,1995-12-31,1473.0
ID283,1996-03-31,1672.0
ID283,1996-06-30,1449.0
ID283,1996-09-30,1760.0
ID283,1996-12-31,2144.0
ID283,1997-03-31,1754.0
ID283,1997-06-30,1528.0
ID283,1997-09-30,1152.0
ID283,1997-12-31,1274.0
ID283,1998-03-31,363.0
ID283,1998-06-30,263.0
ID283,1998-09-30,432.0
ID283,1998-12-31,656.0
ID283,1999-03-31,753.0
ID283,1999-06-30,534.0
ID283,1999-09-30,1112.0
ID283,1999-12-31,1584.0
ID283,2000-03-31,1734.0
ID283,2000-06-30,1000.0
ID283,2000-09-30,1595.0
ID283,2000-12-31,1651.0
ID283,2001-03-31,2053.0
ID283,2001-06-30,1369.0
ID283,2001-09-30,2439.0
ID283,2001-12-31,2603.0
ID283,2002-03-31,3333.0
ID283,2002-06-30,1826.0
ID283,2002-09-30,3561.0
ID283,2002-12-31,3126.0
ID283,2003-03-31,3821.0
ID283,2003-06-30,1200.0
ID283,2003-09-30,2658.0
ID284,1980-03-31,116.0
ID284,1980-06-30,104.0
ID284,1980-09-30,128.0
ID284,1980-12-31,152.0
ID284,1981-03-31,156.0
ID284,1981-06-30,108.0
ID284,1981-09-30,164.0
ID284,1981-12-31,288.0
ID284,1982-03-31,248.0
ID284,1982-06-30,128.0
ID284,1982-09-30,132.0
ID284,1982-12-31,228.0
ID284,1983-03-31,288.0
ID284,1983-06-30,164.0
ID284,1983-09-30,232.0
ID284,1983-12-31,568.0
ID284,1984-03-31,164.0
ID284,1984-06-30,224.0
ID284,1984-09-30,152.0
ID284,1984-12-31,488.0
ID284,1985-03-31,264.0
ID284,1985-06-30,224.0
ID284,1985-09-30,312.0
ID284,1985-12-31,340.0
ID284,1986-03-31,152.0
ID284,1986-06-30,241.0
ID284,1986-09-30,190.0
ID284,1986-12-31,558.0
ID284,1987-03-31,660.0
ID284,1987-06-30,441.0
ID284,1987-09-30,504.0
ID284,1987-12-31,413.0
ID284,1988-03-31,832.0
ID284,1988-06-30,514.0
ID284,1988-09-30,511.0
ID284,1988-12-31,616.0
ID284,1989-03-31,1025.0
ID284,1989-06-30,450.0
ID284,1989-09-30,500.0
ID284,1989-12-31,870.0
ID284,1990-03-31,1600.0
ID284,1990-06-30,702.0
ID284,1990-09-30,948.0
ID284,1990-12-31,934.0
ID284,1991-03-31,1228.0
ID284,1991-06-30,1550.0
ID284,1991-09-30,1740.0
ID284,1991-12-31,1851.0
ID284,1992-03-31,3549.0
ID284,1992-06-30,2220.0
ID284,1992-09-30,3193.0
ID284,1992-12-31,3795.0
ID284,1993-03-31,7200.0
ID284,1993-06-30,4238.0
ID284,1993-09-30,5434.0
ID284,1993-12-31,10468.0
ID284,1994-03-31,17562.0
ID284,1994-06-30,9168.0
ID284,1994-09-30,15228.0
ID284,1994-12-31,19625.0
ID284,1995-03-31,30204.0
ID284,1995-06-30,16366.0
ID284,1995-09-30,22857.0
ID284,1995-12-31,34962.0
ID284,1996-03-31,36477.0
ID284,1996-06-30,23273.0
ID284,1996-09-30,26992.0
ID284,1996-12-31,40614.0
ID284,1997-03-31,39012.0
ID284,1997-06-30,22760.0
ID284,1997-09-30,23869.0
ID284,1997-12-31,22625.0
ID284,1998-03-31,3114.0
ID284,1998-06-30,2662.0
ID284,1998-09-30,4116.0
ID284,1998-12-31,7794.0
ID284,1999-03-31,10325.0
ID284,1999-06-30,6791.0
ID284,1999-09-30,9568.0
ID284,1999-12-31,16550.0
ID284,2000-03-31,20778.0
ID284,2000-06-30,11753.0
ID284,2000-09-30,14113.0
ID284,2000-12-31,19937.0
ID284,2001-03-31,24855.0
ID284,2001-06-30,15712.0
ID284,2001-09-30,22615.0
ID284,2001-12-31,23985.0
ID284,2002-03-31,30966.0
ID284,2002-06-30,20314.0
ID284,2002-09-30,25602.0
ID284,2002-12-31,33054.0
ID284,2003-03-31,36347.0
ID284,2003-06-30,16029.0
ID284,2003-09-30,26881.0
ID285,1980-03-31,72.0
ID285,1980-06-30,44.0
ID285,1980-09-30,28.0
ID285,1980-12-31,108.0
ID285,1981-03-31,132.0
ID285,1981-06-30,92.0
ID285,1981-09-30,28.0
ID285,1981-12-31,184.0
ID285,1982-03-31,40.0
ID285,1982-06-30,64.0
ID285,1982-09-30,12.0
ID285,1982-12-31,96.0
ID285,1983-03-31,20.0
ID285,1983-06-30,44.0
ID285,1983-09-30,36.0
ID285,1983-12-31,64.0
ID285,1984-03-31,48.0
ID285,1984-06-30,40.0
ID285,1984-09-30,16.0
ID285,1984-12-31,152.0
ID285,1985-03-31,108.0
ID285,1985-06-30,48.0
ID285,1985-09-30,48.0
ID285,1985-12-31,372.0
ID285,1986-03-31,148.0
ID285,1986-06-30,36.0
ID285,1986-09-30,75.0
ID285,1986-12-31,240.0
ID285,1987-03-31,390.0
ID285,1987-06-30,58.0
ID285,1987-09-30,96.0
ID285,1987-12-31,149.0
ID285,1988-03-31,256.0
ID285,1988-06-30,193.0
ID285,1988-09-30,145.0
ID285,1988-12-31,253.0
ID285,1989-03-31,147.0
ID285,1989-06-30,99.0
ID285,1989-09-30,76.0
ID285,1989-12-31,108.0
ID285,1990-03-31,146.0
ID285,1990-06-30,36.0
ID285,1990-09-30,42.0
ID285,1990-12-31,81.0
ID285,1991-03-31,82.0
ID285,1991-06-30,58.0
ID285,1991-09-30,64.0
ID285,1991-12-31,123.0
ID285,1992-03-31,179.0
ID285,1992-06-30,70.0
ID285,1992-09-30,69.0
ID285,1992-12-31,143.0
ID285,1993-03-31,180.0
ID285,1993-06-30,22.0
ID285,1993-09-30,113.0
ID285,1993-12-31,209.0
ID285,1994-03-31,268.0
ID285,1994-06-30,250.0
ID285,1994-09-30,411.0
ID285,1994-12-31,717.0
ID285,1995-03-31,503.0
ID285,1995-06-30,343.0
ID285,1995-09-30,388.0
ID285,1995-12-31,769.0
ID285,1996-03-31,721.0
ID285,1996-06-30,872.0
ID285,1996-09-30,720.0
ID285,1996-12-31,1479.0
ID285,1997-03-31,1669.0
ID285,1997-06-30,1448.0
ID285,1997-09-30,1125.0
ID285,1997-12-31,2202.0
ID285,1998-03-31,1959.0
ID285,1998-06-30,1261.0
ID285,1998-09-30,732.0
ID285,1998-12-31,1758.0
ID285,1999-03-31,1874.0
ID285,1999-06-30,1777.0
ID285,1999-09-30,1331.0
ID285,1999-12-31,3032.0
ID285,2000-03-31,3667.0
ID285,2000-06-30,2430.0
ID285,2000-09-30,2118.0
ID285,2000-12-31,4872.0
ID285,2001-03-31,7367.0
ID285,2001-06-30,4357.0
ID285,2001-09-30,5212.0
ID285,2001-12-31,5551.0
ID285,2002-03-31,9002.0
ID285,2002-06-30,5449.0
ID285,2002-09-30,5983.0
ID285,2002-12-31,9054.0
ID285,2003-03-31,11120.0
ID285,2003-06-30,1920.0
ID285,2003-09-30,4461.0
ID286,1980-03-31,4.0
ID286,1980-06-30,4.0
ID286,1980-09-30,16.0
ID286,1980-12-31,20.0
ID286,1981-03-31,28.0
ID286,1981-06-30,20.0
ID286,1981-09-30,16.0
ID286,1981-12-31,44.0
ID286,1982-03-31,12.0
ID286,1982-06-30,20.0
ID286,1982-09-30,24.0
ID286,1982-12-31,20.0
ID286,1983-03-31,12.0
ID286,1983-06-30,20.0
ID286,1983-09-30,24.0
ID286,1983-12-31,28.0
ID286,1984-03-31,4.0
ID286,1984-06-30,12.0
ID286,1984-09-30,28.0
ID286,1984-12-31,40.0
ID286,1985-03-31,28.0
ID286,1985-06-30,20.0
ID286,1985-09-30,20.0
ID286,1985-12-31,36.0
ID286,1986-03-31,36.0
ID286,1986-06-30,48.0
ID286,1986-09-30,30.0
ID286,1986-12-31,72.0
ID286,1987-03-31,126.0
ID286,1987-06-30,157.0
ID286,1987-09-30,136.0
ID286,1987-12-31,99.0
ID286,1988-03-31,114.0
ID286,1988-06-30,123.0
ID286,1988-09-30,125.0
ID286,1988-12-31,165.0
ID286,1989-03-31,202.0
ID286,1989-06-30,153.0
ID286,1989-09-30,200.0
ID286,1989-12-31,84.0
ID286,1990-03-31,142.0
ID286,1990-06-30,81.0
ID286,1990-09-30,117.0
ID286,1990-12-31,295.0
ID286,1991-03-31,96.0
ID286,1991-06-30,136.0
ID286,1991-09-30,105.0
ID286,1991-12-31,126.0
ID286,1992-03-31,207.0
ID286,1992-06-30,130.0
ID286,1992-09-30,124.0
ID286,1992-12-31,164.0
ID286,1993-03-31,156.0
ID286,1993-06-30,153.0
ID286,1993-09-30,182.0
ID286,1993-12-31,182.0
ID286,1994-03-31,169.0
ID286,1994-06-30,136.0
ID286,1994-09-30,270.0
ID286,1994-12-31,258.0
ID286,1995-03-31,289.0
ID286,1995-06-30,228.0
ID286,1995-09-30,473.0
ID286,1995-12-31,448.0
ID286,1996-03-31,589.0
ID286,1996-06-30,390.0
ID286,1996-09-30,592.0
ID286,1996-12-31,970.0
ID286,1997-03-31,774.0
ID286,1997-06-30,529.0
ID286,1997-09-30,534.0
ID286,1997-12-31,753.0
ID286,1998-03-31,539.0
ID286,1998-06-30,612.0
ID286,1998-09-30,528.0
ID286,1998-12-31,793.0
ID286,1999-03-31,760.0
ID286,1999-06-30,736.0
ID286,1999-09-30,866.0
ID286,1999-12-31,1324.0
ID286,2000-03-31,1311.0
ID286,2000-06-30,1067.0
ID286,2000-09-30,1364.0
ID286,2000-12-31,1908.0
ID286,2001-03-31,1829.0
ID286,2001-06-30,1607.0
ID286,2001-09-30,1980.0
ID286,2001-12-31,1920.0
ID286,2002-03-31,2679.0
ID286,2002-06-30,2068.0
ID286,2002-09-30,2703.0
ID286,2002-12-31,2628.0
ID286,2003-03-31,3082.0
ID286,2003-06-30,1404.0
ID286,2003-09-30,2456.0
ID287,1980-03-31,52.0
ID287,1980-06-30,68.0
ID287,1980-09-30,48.0
ID287,1980-12-31,36.0
ID287,1981-03-31,20.0
ID287,1981-06-30,28.0
ID287,1981-09-30,52.0
ID287,1981-12-31,44.0
ID287,1982-03-31,40.0
ID287,1982-06-30,48.0
ID287,1982-09-30,64.0
ID287,1982-12-31,64.0
ID287,1983-03-31,36.0
ID287,1983-06-30,72.0
ID287,1983-09-30,40.0
ID287,1983-12-31,68.0
ID287,1984-03-31,24.0
ID287,1984-06-30,64.0
ID287,1984-09-30,76.0
ID287,1984-12-31,88.0
ID287,1985-03-31,92.0
ID287,1985-06-30,156.0
ID287,1985-09-30,120.0
ID287,1985-12-31,96.0
ID287,1986-03-31,88.0
ID287,1986-06-30,137.0
ID287,1986-09-30,190.0
ID287,1986-12-31,126.0
ID287,1987-03-31,90.0
ID287,1987-06-30,175.0
ID287,1987-09-30,184.0
ID287,1987-12-31,211.0
ID287,1988-03-31,85.0
ID287,1988-06-30,341.0
ID287,1988-09-30,229.0
ID287,1988-12-31,242.0
ID287,1989-03-31,143.0
ID287,1989-06-30,243.0
ID287,1989-09-30,181.0
ID287,1989-12-31,208.0
ID287,1990-03-31,192.0
ID287,1990-06-30,324.0
ID287,1990-09-30,252.0
ID287,1990-12-31,319.0
ID287,1991-03-31,132.0
ID287,1991-06-30,263.0
ID287,1991-09-30,227.0
ID287,1991-12-31,520.0
ID287,1992-03-31,216.0
ID287,1992-06-30,400.0
ID287,1992-09-30,501.0
ID287,1992-12-31,568.0
ID287,1993-03-31,252.0
ID287,1993-06-30,653.0
ID287,1993-09-30,803.0
ID287,1993-12-31,640.0
ID287,1994-03-31,543.0
ID287,1994-06-30,858.0
ID287,1994-09-30,560.0
ID287,1994-12-31,1039.0
ID287,1995-03-31,765.0
ID287,1995-06-30,1119.0
ID287,1995-09-30,879.0
ID287,1995-12-31,1504.0
ID287,1996-03-31,1309.0
ID287,1996-06-30,1203.0
ID287,1996-09-30,1040.0
ID287,1996-12-31,1567.0
ID287,1997-03-31,1828.0
ID287,1997-06-30,1689.0
ID287,1997-09-30,1215.0
ID287,1997-12-31,1714.0
ID287,1998-03-31,1513.0
ID287,1998-06-30,1640.0
ID287,1998-09-30,1536.0
ID287,1998-12-31,1479.0
ID287,1999-03-31,1252.0
ID287,1999-06-30,1920.0
ID287,1999-09-30,1820.0
ID287,1999-12-31,2206.0
ID287,2000-03-31,1682.0
ID287,2000-06-30,2307.0
ID287,2000-09-30,1940.0
ID287,2000-12-31,2904.0
ID287,2001-03-31,2199.0
ID287,2001-06-30,2792.0
ID287,2001-09-30,2945.0
ID287,2001-12-31,4552.0
ID287,2002-03-31,3443.0
ID287,2002-06-30,4620.0
ID287,2002-09-30,3790.0
ID287,2002-12-31,6064.0
ID287,2003-03-31,3724.0
ID287,2003-06-30,1616.0
ID287,2003-09-30,2929.0
ID288,1980-03-31,8.0
ID288,1980-06-30,32.0
ID288,1980-09-30,32.0
ID288,1980-12-31,76.0
ID288,1981-03-31,120.0
ID288,1981-06-30,32.0
ID288,1981-09-30,64.0
ID288,1981-12-31,32.0
ID288,1982-03-31,40.0
ID288,1982-06-30,16.0
ID288,1982-09-30,16.0
ID288,1982-12-31,24.0
ID288,1983-03-31,24.0
ID288,1983-06-30,40.0
ID288,1983-09-30,16.0
ID288,1983-12-31,52.0
ID288,1984-03-31,36.0
ID288,1984-06-30,20.0
ID288,1984-09-30,20.0
ID288,1984-12-31,28.0
ID288,1985-03-31,44.0
ID288,1985-06-30,60.0
ID288,1985-09-30,52.0
ID288,1985-12-31,44.0
ID288,1986-03-31,32.0
ID288,1986-06-30,19.0
ID288,1986-09-30,50.0
ID288,1986-12-31,84.0
ID288,1987-03-31,108.0
ID288,1987-06-30,77.0
ID288,1987-09-30,56.0
ID288,1987-12-31,87.0
ID288,1988-03-31,152.0
ID288,1988-06-30,102.0
ID288,1988-09-30,115.0
ID288,1988-12-31,242.0
ID288,1989-03-31,230.0
ID288,1989-06-30,243.0
ID288,1989-09-30,92.0
ID288,1989-12-31,104.0
ID288,1990-03-31,142.0
ID288,1990-06-30,207.0
ID288,1990-09-30,193.0
ID288,1990-12-31,513.0
ID288,1991-03-31,236.0
ID288,1991-06-30,171.0
ID288,1991-09-30,190.0
ID288,1991-12-31,67.0
ID288,1992-03-31,137.0
ID288,1992-06-30,150.0
ID288,1992-09-30,212.0
ID288,1992-12-31,342.0
ID288,1993-03-31,156.0
ID288,1993-06-30,155.0
ID288,1993-09-30,213.0
ID288,1993-12-31,232.0
ID288,1994-03-31,180.0
ID288,1994-06-30,236.0
ID288,1994-09-30,194.0
ID288,1994-12-31,398.0
ID288,1995-03-31,338.0
ID288,1995-06-30,444.0
ID288,1995-09-30,183.0
ID288,1995-12-31,245.0
ID288,1996-03-31,408.0
ID288,1996-06-30,411.0
ID288,1996-09-30,368.0
ID288,1996-12-31,1007.0
ID288,1997-03-31,798.0
ID288,1997-06-30,540.0
ID288,1997-09-30,257.0
ID288,1997-12-31,476.0
ID288,1998-03-31,590.0
ID288,1998-06-30,424.0
ID288,1998-09-30,420.0
ID288,1998-12-31,626.0
ID288,1999-03-31,630.0
ID288,1999-06-30,804.0
ID288,1999-09-30,1315.0
ID288,1999-12-31,1594.0
ID288,2000-03-31,1417.0
ID288,2000-06-30,1336.0
ID288,2000-09-30,1694.0
ID288,2000-12-31,1485.0
ID288,2001-03-31,2337.0
ID288,2001-06-30,2122.0
ID288,2001-09-30,3548.0
ID288,2001-12-31,2856.0
ID288,2002-03-31,5182.0
ID288,2002-06-30,4103.0
ID288,2002-09-30,5866.0
ID288,2002-12-31,3900.0
ID288,2003-03-31,5612.0
ID288,2003-06-30,2245.0
ID288,2003-09-30,2757.0
ID289,1980-03-31,136.0
ID289,1980-06-30,148.0
ID289,1980-09-30,124.0
ID289,1980-12-31,240.0
ID289,1981-03-31,300.0
ID289,1981-06-30,172.0
ID289,1981-09-30,160.0
ID289,1981-12-31,304.0
ID289,1982-03-31,132.0
ID289,1982-06-30,148.0
ID289,1982-09-30,116.0
ID289,1982-12-31,204.0
ID289,1983-03-31,92.0
ID289,1983-06-30,176.0
ID289,1983-09-30,116.0
ID289,1983-12-31,212.0
ID289,1984-03-31,112.0
ID289,1984-06-30,136.0
ID289,1984-09-30,140.0
ID289,1984-12-31,308.0
ID289,1985-03-31,272.0
ID289,1985-06-30,284.0
ID289,1985-09-30,240.0
ID289,1985-12-31,548.0
ID289,1986-03-31,304.0
ID289,1986-06-30,240.0
ID289,1986-09-30,345.0
ID289,1986-12-31,522.0
ID289,1987-03-31,714.0
ID289,1987-06-30,467.0
ID289,1987-09-30,472.0
ID289,1987-12-31,546.0
ID289,1988-03-31,607.0
ID289,1988-06-30,759.0
ID289,1988-09-30,614.0
ID289,1988-12-31,902.0
ID289,1989-03-31,722.0
ID289,1989-06-30,738.0
ID289,1989-09-30,549.0
ID289,1989-12-31,504.0
ID289,1990-03-31,622.0
ID289,1990-06-30,648.0
ID289,1990-09-30,604.0
ID289,1990-12-31,1208.0
ID289,1991-03-31,546.0
ID289,1991-06-30,628.0
ID289,1991-09-30,586.0
ID289,1991-12-31,836.0
ID289,1992-03-31,739.0
ID289,1992-06-30,750.0
ID289,1992-09-30,906.0
ID289,1992-12-31,1217.0
ID289,1993-03-31,744.0
ID289,1993-06-30,983.0
ID289,1993-09-30,1311.0
ID289,1993-12-31,1263.0
ID289,1994-03-31,1160.0
ID289,1994-06-30,1480.0
ID289,1994-09-30,1435.0
ID289,1994-12-31,2412.0
ID289,1995-03-31,1895.0
ID289,1995-06-30,2134.0
ID289,1995-09-30,1923.0
ID289,1995-12-31,2966.0
ID289,1996-03-31,3027.0
ID289,1996-06-30,2876.0
ID289,1996-09-30,2720.0
ID289,1996-12-31,5023.0
ID289,1997-03-31,5069.0
ID289,1997-06-30,4206.0
ID289,1997-09-30,3131.0
ID289,1997-12-31,5145.0
ID289,1998-03-31,4601.0
ID289,1998-06-30,3937.0
ID289,1998-09-30,3216.0
ID289,1998-12-31,4656.0
ID289,1999-03-31,4516.0
ID289,1999-06-30,5237.0
ID289,1999-09-30,5332.0
ID289,1999-12-31,8156.0
ID289,2000-03-31,8077.0
ID289,2000-06-30,7140.0
ID289,2000-09-30,7116.0
ID289,2000-12-31,11169.0
ID289,2001-03-31,13732.0
ID289,2001-06-30,10878.0
ID289,2001-09-30,13685.0
ID289,2001-12-31,14879.0
ID289,2002-03-31,20306.0
ID289,2002-06-30,16240.0
ID289,2002-09-30,18342.0
ID289,2002-12-31,21646.0
ID289,2003-03-31,23538.0
ID289,2003-06-30,7185.0
ID289,2003-09-30,12603.0
ID29,1979-12-31,449.0
ID29,1980-03-31,420.0
ID29,1980-06-30,438.0
ID29,1980-09-30,587.0
ID29,1980-12-31,415.0
ID29,1981-03-31,385.0
ID29,1981-06-30,442.0
ID29,1981-09-30,574.0
ID29,1981-12-31,405.0
ID29,1982-03-31,370.0
ID29,1982-06-30,424.0
ID29,1982-09-30,567.0
ID29,1982-12-31,364.0
ID29,1983-03-31,339.0
ID29,1983-06-30,390.0
ID29,1983-09-30,540.0
ID29,1983-12-31,374.0
ID29,1984-03-31,351.0
ID29,1984-06-30,420.0
ID29,1984-09-30,518.0
ID29,1984-12-31,371.0
ID29,1985-03-31,332.0
ID29,1985-06-30,459.0
ID29,1985-09-30,581.0
ID29,1985-12-31,413.0
ID29,1986-03-31,398.0
ID29,1986-06-30,463.0
ID29,1986-09-30,701.0
ID29,1986-12-31,546.0
ID29,1987-03-31,480.0
ID29,1987-06-30,650.0
ID29,1987-09-30,927.0
ID29,1987-12-31,664.0
ID29,1988-03-31,657.0
ID29,1988-06-30,839.0
ID29,1988-09-30,1170.0
ID29,1988-12-31,857.0
ID29,1989-03-31,821.0
ID29,1989-06-30,964.0
ID29,1989-09-30,1335.0
ID29,1989-12-31,973.0
ID29,1990-03-31,902.0
ID29,1990-06-30,1147.0
ID29,1990-09-30,1434.0
ID29,1990-12-31,954.0
ID29,1991-03-31,790.0
ID29,1991-06-30,972.0
ID29,1991-09-30,1271.0
ID29,1991-12-31,915.0
ID29,1992-03-31,834.0
ID29,1992-06-30,1087.0
ID29,1992-09-30,1425.0
ID29,1992-12-31,978.0
ID29,1993-03-31,867.0
ID29,1993-06-30,1107.0
ID29,1993-09-30,1376.0
ID29,1993-12-31,1014.0
ID29,1994-03-31,1012.0
ID29,1994-06-30,1263.0
ID29,1994-09-30,1609.0
ID29,1994-12-31,1243.0
ID29,1995-03-31,1192.0
ID29,1995-06-30,1470.0
ID29,1995-09-30,1859.0
ID29,1995-12-31,1495.0
ID29,1996-03-31,1460.0
ID29,1996-06-30,1700.0
ID29,1996-09-30,2107.0
ID29,1996-12-31,1673.0
ID29,1997-03-31,1620.0
ID29,1997-06-30,2036.0
ID29,1997-09-30,2269.0
ID29,1997-12-31,1856.0
ID29,1998-03-31,1748.0
ID29,1998-06-30,2189.0
ID29,1998-09-30,2529.0
ID29,1998-12-31,2061.0
ID29,1999-03-31,1972.0
ID29,1999-06-30,2329.0
ID29,1999-09-30,2582.0
ID29,1999-12-31,2088.0
ID29,2000-03-31,1967.0
ID29,2000-06-30,2384.0
ID29,2000-09-30,2714.0
ID29,2000-12-31,2235.0
ID29,2001-03-31,1923.0
ID29,2001-06-30,2231.0
ID29,2001-09-30,2716.0
ID29,2001-12-31,2308.0
ID29,2002-03-31,2193.0
ID29,2002-06-30,2411.0
ID290,1980-03-31,5428.0
ID290,1980-06-30,1796.0
ID290,1980-09-30,3080.0
ID290,1980-12-31,6440.0
ID290,1981-03-31,6944.0
ID290,1981-06-30,3804.0
ID290,1981-09-30,3280.0
ID290,1981-12-31,9228.0
ID290,1982-03-31,6737.0
ID290,1982-06-30,4780.0
ID290,1982-09-30,3728.0
ID290,1982-12-31,9353.0
ID290,1983-03-31,8584.0
ID290,1983-06-30,4736.0
ID290,1983-09-30,5176.0
ID290,1983-12-31,11964.0
ID290,1984-03-31,10508.0
ID290,1984-06-30,6996.0
ID290,1984-09-30,6228.0
ID290,1984-12-31,15764.0
ID290,1985-03-31,16284.0
ID290,1985-06-30,7876.0
ID290,1985-09-30,7224.0
ID290,1985-12-31,16712.0
ID290,1986-03-31,18672.0
ID290,1986-06-30,11100.0
ID290,1986-09-30,11275.0
ID290,1986-12-31,21156.0
ID290,1987-03-31,23160.0
ID290,1987-06-30,12123.0
ID290,1987-09-30,16336.0
ID290,1987-12-31,25066.0
ID290,1988-03-31,27120.0
ID290,1988-06-30,18240.0
ID290,1988-09-30,21534.0
ID290,1988-12-31,27896.0
ID290,1989-03-31,30844.0
ID290,1989-06-30,17253.0
ID290,1989-09-30,25963.0
ID290,1989-12-31,31322.0
ID290,1990-03-31,33420.0
ID290,1990-06-30,19179.0
ID290,1990-09-30,28608.0
ID290,1990-12-31,30864.0
ID290,1991-03-31,30166.0
ID290,1991-06-30,20454.0
ID290,1991-09-30,32353.0
ID290,1991-12-31,40689.0
ID290,1992-03-31,47622.0
ID290,1992-06-30,27940.0
ID290,1992-09-30,36626.0
ID290,1992-12-31,42978.0
ID290,1993-03-31,60228.0
ID290,1993-06-30,33732.0
ID290,1993-09-30,42800.0
ID290,1993-12-31,61531.0
ID290,1994-03-31,76615.0
ID290,1994-06-30,43302.0
ID290,1994-09-30,55370.0
ID290,1994-12-31,75275.0
ID290,1995-03-31,88714.0
ID290,1995-06-30,51112.0
ID290,1995-09-30,68610.0
ID290,1995-12-31,88133.0
ID290,1996-03-31,98246.0
ID290,1996-06-30,58529.0
ID290,1996-09-30,69680.0
ID290,1996-12-31,95121.0
ID290,1997-03-31,97579.0
ID290,1997-06-30,54398.0
ID290,1997-09-30,66322.0
ID290,1997-12-31,74814.0
ID290,1998-03-31,61745.0
ID290,1998-06-30,31745.0
ID290,1998-09-30,44016.0
ID290,1998-12-31,58256.0
ID290,1999-03-31,64168.0
ID290,1999-06-30,38656.0
ID290,1999-09-30,44833.0
ID290,1999-12-31,62916.0
ID290,2000-03-31,69799.0
ID290,2000-06-30,42610.0
ID290,2000-09-30,51421.0
ID290,2000-12-31,72411.0
ID290,2001-03-31,82743.0
ID290,2001-06-30,48315.0
ID290,2001-09-30,59574.0
ID290,2001-12-31,57438.0
ID290,2002-03-31,84973.0
ID290,2002-06-30,52261.0
ID290,2002-09-30,61712.0
ID290,2002-12-31,88702.0
ID290,2003-03-31,85930.0
ID290,2003-06-30,31054.0
ID290,2003-09-30,53436.0
ID291,1980-03-31,212.0
ID291,1980-06-30,212.0
ID291,1980-09-30,252.0
ID291,1980-12-31,320.0
ID291,1981-03-31,292.0
ID291,1981-06-30,208.0
ID291,1981-09-30,288.0
ID291,1981-12-31,332.0
ID291,1982-03-31,300.0
ID291,1982-06-30,168.0
ID291,1982-09-30,264.0
ID291,1982-12-31,377.0
ID291,1983-03-31,352.0
ID291,1983-06-30,248.0
ID291,1983-09-30,428.0
ID291,1983-12-31,436.0
ID291,1984-03-31,364.0
ID291,1984-06-30,252.0
ID291,1984-09-30,448.0
ID291,1984-12-31,396.0
ID291,1985-03-31,488.0
ID291,1985-06-30,312.0
ID291,1985-09-30,508.0
ID291,1985-12-31,560.0
ID291,1986-03-31,472.0
ID291,1986-06-30,337.0
ID291,1986-09-30,475.0
ID291,1986-12-31,774.0
ID291,1987-03-31,822.0
ID291,1987-06-30,610.0
ID291,1987-09-30,768.0
ID291,1987-12-31,1048.0
ID291,1988-03-31,1156.0
ID291,1988-06-30,681.0
ID291,1988-09-30,1143.0
ID291,1988-12-31,1474.0
ID291,1989-03-31,1512.0
ID291,1989-06-30,1062.0
ID291,1989-09-30,1728.0
ID291,1989-12-31,1910.0
ID291,1990-03-31,1726.0
ID291,1990-06-30,1107.0
ID291,1990-09-30,2246.0
ID291,1990-12-31,2251.0
ID291,1991-03-31,2312.0
ID291,1991-06-30,1465.0
ID291,1991-09-30,2470.0
ID291,1991-12-31,2669.0
ID291,1992-03-31,2893.0
ID291,1992-06-30,1890.0
ID291,1992-09-30,2810.0
ID291,1992-12-31,3206.0
ID291,1993-03-31,3408.0
ID291,1993-06-30,2535.0
ID291,1993-09-30,3471.0
ID291,1993-12-31,3824.0
ID291,1994-03-31,5131.0
ID291,1994-06-30,3834.0
ID291,1994-09-30,4893.0
ID291,1994-12-31,5534.0
ID291,1995-03-31,7084.0
ID291,1995-06-30,5003.0
ID291,1995-09-30,6951.0
ID291,1995-12-31,7012.0
ID291,1996-03-31,8303.0
ID291,1996-06-30,5318.0
ID291,1996-09-30,7728.0
ID291,1996-12-31,8925.0
ID291,1997-03-31,9794.0
ID291,1997-06-30,5464.0
ID291,1997-09-30,7550.0
ID291,1997-12-31,7703.0
ID291,1998-03-31,7539.0
ID291,1998-06-30,5749.0
ID291,1998-09-30,7128.0
ID291,1998-12-31,7502.0
ID291,1999-03-31,8589.0
ID291,1999-06-30,5940.0
ID291,1999-09-30,8282.0
ID291,1999-12-31,10068.0
ID291,2000-03-31,11411.0
ID291,2000-06-30,7871.0
ID291,2000-09-30,9739.0
ID291,2000-12-31,11357.0
ID291,2001-03-31,12317.0
ID291,2001-06-30,9787.0
ID291,2001-09-30,13473.0
ID291,2001-12-31,13044.0
ID291,2002-03-31,16055.0
ID291,2002-06-30,11198.0
ID291,2002-09-30,15453.0
ID291,2002-12-31,15346.0
ID291,2003-03-31,16054.0
ID291,2003-06-30,10972.0
ID291,2003-09-30,15634.0
ID292,1980-03-31,996.0
ID292,1980-06-30,928.0
ID292,1980-09-30,860.0
ID292,1980-12-31,928.0
ID292,1981-03-31,916.0
ID292,1981-06-30,932.0
ID292,1981-09-30,1096.0
ID292,1981-12-31,1260.0
ID292,1982-03-31,1089.0
ID292,1982-06-30,968.0
ID292,1982-09-30,1120.0
ID292,1982-12-31,1268.0
ID292,1983-03-31,1332.0
ID292,1983-06-30,988.0
ID292,1983-09-30,1272.0
ID292,1983-12-31,1288.0
ID292,1984-03-31,1484.0
ID292,1984-06-30,1156.0
ID292,1984-09-30,1304.0
ID292,1984-12-31,1848.0
ID292,1985-03-31,1608.0
ID292,1985-06-30,1572.0
ID292,1985-09-30,1680.0
ID292,1985-12-31,1728.0
ID292,1986-03-31,1612.0
ID292,1986-06-30,1601.0
ID292,1986-09-30,1580.0
ID292,1986-12-31,1800.0
ID292,1987-03-31,1902.0
ID292,1987-06-30,1868.0
ID292,1987-09-30,1688.0
ID292,1987-12-31,1876.0
ID292,1988-03-31,2436.0
ID292,1988-06-30,2257.0
ID292,1988-09-30,2247.0
ID292,1988-12-31,2376.0
ID292,1989-03-31,2357.0
ID292,1989-06-30,2529.0
ID292,1989-09-30,2579.0
ID292,1989-12-31,2770.0
ID292,1990-03-31,2772.0
ID292,1990-06-30,2655.0
ID292,1990-09-30,2431.0
ID292,1990-12-31,2443.0
ID292,1991-03-31,1990.0
ID292,1991-06-30,2455.0
ID292,1991-09-30,2378.0
ID292,1991-12-31,3174.0
ID292,1992-03-31,2448.0
ID292,1992-06-30,2410.0
ID292,1992-09-30,2367.0
ID292,1992-12-31,2926.0
ID292,1993-03-31,2568.0
ID292,1993-06-30,2873.0
ID292,1993-09-30,3097.0
ID292,1993-12-31,2975.0
ID292,1994-03-31,3730.0
ID292,1994-06-30,3454.0
ID292,1994-09-30,3251.0
ID292,1994-12-31,4391.0
ID292,1995-03-31,3818.0
ID292,1995-06-30,4109.0
ID292,1995-09-30,3918.0
ID292,1995-12-31,4608.0
ID292,1996-03-31,4771.0
ID292,1996-06-30,4074.0
ID292,1996-09-30,3776.0
ID292,1996-12-31,4571.0
ID292,1997-03-31,4958.0
ID292,1997-06-30,4433.0
ID292,1997-09-30,3866.0
ID292,1997-12-31,4451.0
ID292,1998-03-31,4199.0
ID292,1998-06-30,4225.0
ID292,1998-09-30,3948.0
ID292,1998-12-31,3976.0
ID292,1999-03-31,3807.0
ID292,1999-06-30,4395.0
ID292,1999-09-30,4864.0
ID292,1999-12-31,5692.0
ID292,2000-03-31,4913.0
ID292,2000-06-30,4999.0
ID292,2000-09-30,4849.0
ID292,2000-12-31,6275.0
ID292,2001-03-31,5223.0
ID292,2001-06-30,5607.0
ID292,2001-09-30,5533.0
ID292,2001-12-31,7949.0
ID292,2002-03-31,6906.0
ID292,2002-06-30,7494.0
ID292,2002-09-30,7243.0
ID292,2002-12-31,9946.0
ID292,2003-03-31,7263.0
ID292,2003-06-30,4553.0
ID292,2003-09-30,5951.0
ID293,1980-03-31,1272.0
ID293,1980-06-30,572.0
ID293,1980-09-30,628.0
ID293,1980-12-31,920.0
ID293,1981-03-31,1260.0
ID293,1981-06-30,612.0
ID293,1981-09-30,644.0
ID293,1981-12-31,1016.0
ID293,1982-03-31,1056.0
ID293,1982-06-30,736.0
ID293,1982-09-30,736.0
ID293,1982-12-31,960.0
ID293,1983-03-31,996.0
ID293,1983-06-30,592.0
ID293,1983-09-30,800.0
ID293,1983-12-31,1809.0
ID293,1984-03-31,760.0
ID293,1984-06-30,608.0
ID293,1984-09-30,720.0
ID293,1984-12-31,1212.0
ID293,1985-03-31,1104.0
ID293,1985-06-30,636.0
ID293,1985-09-30,980.0
ID293,1985-12-31,1052.0
ID293,1986-03-31,956.0
ID293,1986-06-30,972.0
ID293,1986-09-30,1070.0
ID293,1986-12-31,1962.0
ID293,1987-03-31,2202.0
ID293,1987-06-30,1581.0
ID293,1987-09-30,1672.0
ID293,1987-12-31,2035.0
ID293,1988-03-31,1699.0
ID293,1988-06-30,1767.0
ID293,1988-09-30,2026.0
ID293,1988-12-31,2398.0
ID293,1989-03-31,2521.0
ID293,1989-06-30,2070.0
ID293,1989-09-30,2809.0
ID293,1989-12-31,2904.0
ID293,1990-03-31,4614.0
ID293,1990-06-30,2970.0
ID293,1990-09-30,3226.0
ID293,1990-12-31,3193.0
ID293,1991-03-31,4282.0
ID293,1991-06-30,2630.0
ID293,1991-09-30,4440.0
ID293,1991-12-31,3348.0
ID293,1992-03-31,4272.0
ID293,1992-06-30,2640.0
ID293,1992-09-30,3610.0
ID293,1992-12-31,3301.0
ID293,1993-03-31,4392.0
ID293,1993-06-30,2329.0
ID293,1993-09-30,3325.0
ID293,1993-12-31,3160.0
ID293,1994-03-31,5028.0
ID293,1994-06-30,3536.0
ID293,1994-09-30,5264.0
ID293,1994-12-31,3868.0
ID293,1995-03-31,6029.0
ID293,1995-06-30,4618.0
ID293,1995-09-30,5949.0
ID293,1995-12-31,6013.0
ID293,1996-03-31,7076.0
ID293,1996-06-30,5309.0
ID293,1996-09-30,6960.0
ID293,1996-12-31,6551.0
ID293,1997-03-31,7723.0
ID293,1997-06-30,4625.0
ID293,1997-09-30,5523.0
ID293,1997-12-31,4459.0
ID293,1998-03-31,4697.0
ID293,1998-06-30,2972.0
ID293,1998-09-30,4788.0
ID293,1998-12-31,4351.0
ID293,1999-03-31,5591.0
ID293,1999-06-30,3470.0
ID293,1999-09-30,6953.0
ID293,1999-12-31,6340.0
ID293,2000-03-31,7326.0
ID293,2000-06-30,4930.0
ID293,2000-09-30,7167.0
ID293,2000-12-31,5716.0
ID293,2001-03-31,9164.0
ID293,2001-06-30,6509.0
ID293,2001-09-30,11412.0
ID293,2001-12-31,8452.0
ID293,2002-03-31,14314.0
ID293,2002-06-30,9554.0
ID293,2002-09-30,15701.0
ID293,2002-12-31,10884.0
ID293,2003-03-31,14929.0
ID293,2003-06-30,5800.0
ID293,2003-09-30,10163.0
ID294,1980-03-31,7908.0
ID294,1980-06-30,3508.0
ID294,1980-09-30,4820.0
ID294,1980-12-31,8608.0
ID294,1981-03-31,9412.0
ID294,1981-06-30,5556.0
ID294,1981-09-30,5308.0
ID294,1981-12-31,11836.0
ID294,1982-03-31,9182.0
ID294,1982-06-30,6652.0
ID294,1982-09-30,5848.0
ID294,1982-12-31,11958.0
ID294,1983-03-31,11264.0
ID294,1983-06-30,6564.0
ID294,1983-09-30,7676.0
ID294,1983-12-31,15497.0
ID294,1984-03-31,13116.0
ID294,1984-06-30,9012.0
ID294,1984-09-30,8700.0
ID294,1984-12-31,19220.0
ID294,1985-03-31,19484.0
ID294,1985-06-30,10396.0
ID294,1985-09-30,10392.0
ID294,1985-12-31,20052.0
ID294,1986-03-31,21712.0
ID294,1986-06-30,14010.0
ID294,1986-09-30,14400.0
ID294,1986-12-31,25692.0
ID294,1987-03-31,28086.0
ID294,1987-06-30,16182.0
ID294,1987-09-30,20464.0
ID294,1987-12-31,30025.0
ID294,1988-03-31,32411.0
ID294,1988-06-30,22945.0
ID294,1988-09-30,26950.0
ID294,1988-12-31,34144.0
ID294,1989-03-31,37234.0
ID294,1989-06-30,22914.0
ID294,1989-09-30,33079.0
ID294,1989-12-31,38906.0
ID294,1990-03-31,42532.0
ID294,1990-06-30,25911.0
ID294,1990-09-30,36511.0
ID294,1990-12-31,38751.0
ID294,1991-03-31,38750.0
ID294,1991-06-30,27004.0
ID294,1991-09-30,41641.0
ID294,1991-12-31,49880.0
ID294,1992-03-31,57235.0
ID294,1992-06-30,34880.0
ID294,1992-09-30,45413.0
ID294,1992-12-31,52411.0
ID294,1993-03-31,70596.0
ID294,1993-06-30,41469.0
ID294,1993-09-30,52693.0
ID294,1993-12-31,71490.0
ID294,1994-03-31,90504.0
ID294,1994-06-30,54126.0
ID294,1994-09-30,68778.0
ID294,1994-12-31,89068.0
ID294,1995-03-31,105645.0
ID294,1995-06-30,64842.0
ID294,1995-09-30,85428.0
ID294,1995-12-31,105766.0
ID294,1996-03-31,118396.0
ID294,1996-06-30,73230.0
ID294,1996-09-30,88144.0
ID294,1996-12-31,115168.0
ID294,1997-03-31,120054.0
ID294,1997-06-30,68920.0
ID294,1997-09-30,83261.0
ID294,1997-12-31,91427.0
ID294,1998-03-31,78180.0
ID294,1998-06-30,44691.0
ID294,1998-09-30,59880.0
ID294,1998-12-31,74085.0
ID294,1999-03-31,82155.0
ID294,1999-06-30,52461.0
ID294,1999-09-30,64932.0
ID294,1999-12-31,85016.0
ID294,2000-03-31,93449.0
ID294,2000-06-30,60410.0
ID294,2000-09-30,73176.0
ID294,2000-12-31,95759.0
ID294,2001-03-31,109447.0
ID294,2001-06-30,70218.0
ID294,2001-09-30,89992.0
ID294,2001-12-31,86883.0
ID294,2002-03-31,122248.0
ID294,2002-06-30,80507.0
ID294,2002-09-30,100109.0
ID294,2002-12-31,124878.0
ID294,2003-03-31,124176.0
ID294,2003-06-30,52379.0
ID294,2003-09-30,85184.0
ID295,1980-03-31,388.0
ID295,1980-06-30,324.0
ID295,1980-09-30,280.0
ID295,1980-12-31,1224.0
ID295,1981-03-31,444.0
ID295,1981-06-30,308.0
ID295,1981-09-30,348.0
ID295,1981-12-31,1480.0
ID295,1982-03-31,560.0
ID295,1982-06-30,324.0
ID295,1982-09-30,296.0
ID295,1982-12-31,1816.0
ID295,1983-03-31,668.0
ID295,1983-06-30,512.0
ID295,1983-09-30,524.0
ID295,1983-12-31,2479.0
ID295,1984-03-31,932.0
ID295,1984-06-30,680.0
ID295,1984-09-30,532.0
ID295,1984-12-31,3140.0
ID295,1985-03-31,1208.0
ID295,1985-06-30,976.0
ID295,1985-09-30,744.0
ID295,1985-12-31,3492.0
ID295,1986-03-31,1020.0
ID295,1986-06-30,1701.0
ID295,1986-09-30,1885.0
ID295,1986-12-31,6780.0
ID295,1987-03-31,1920.0
ID295,1987-06-30,1949.0
ID295,1987-09-30,1016.0
ID295,1987-12-31,6070.0
ID295,1988-03-31,1710.0
ID295,1988-06-30,2033.0
ID295,1988-09-30,1113.0
ID295,1988-12-31,5588.0
ID295,1989-03-31,2153.0
ID295,1989-06-30,2250.0
ID295,1989-09-30,1208.0
ID295,1989-12-31,5524.0
ID295,1990-03-31,2224.0
ID295,1990-06-30,2124.0
ID295,1990-09-30,1247.0
ID295,1990-12-31,5896.0
ID295,1991-03-31,2158.0
ID295,1991-06-30,2703.0
ID295,1991-09-30,1538.0
ID295,1991-12-31,6813.0
ID295,1992-03-31,2422.0
ID295,1992-06-30,2370.0
ID295,1992-09-30,1954.0
ID295,1992-12-31,7459.0
ID295,1993-03-31,3108.0
ID295,1993-06-30,4411.0
ID295,1993-09-30,2322.0
ID295,1993-12-31,8695.0
ID295,1994-03-31,3544.0
ID295,1994-06-30,4030.0
ID295,1994-09-30,1965.0
ID295,1994-12-31,8070.0
ID295,1995-03-31,2416.0
ID295,1995-06-30,3149.0
ID295,1995-09-30,1741.0
ID295,1995-12-31,7802.0
ID295,1996-03-31,2722.0
ID295,1996-06-30,3415.0
ID295,1996-09-30,1888.0
ID295,1996-12-31,8222.0
ID295,1997-03-31,3166.0
ID295,1997-06-30,4221.0
ID295,1997-09-30,1975.0
ID295,1997-12-31,9672.0
ID295,1998-03-31,3214.0
ID295,1998-06-30,3837.0
ID295,1998-09-30,1980.0
ID295,1998-12-31,8580.0
ID295,1999-03-31,4727.0
ID295,1999-06-30,5078.0
ID295,1999-09-30,2950.0
ID295,1999-12-31,11364.0
ID295,2000-03-31,4400.0
ID295,2000-06-30,6383.0
ID295,2000-09-30,3816.0
ID295,2000-12-31,10620.0
ID295,2001-03-31,4410.0
ID295,2001-06-30,5461.0
ID295,2001-09-30,3594.0
ID295,2001-12-31,8715.0
ID295,2002-03-31,3804.0
ID295,2002-06-30,5307.0
ID295,2002-09-30,3570.0
ID295,2002-12-31,9654.0
ID295,2003-03-31,4049.0
ID295,2003-06-30,3694.0
ID295,2003-09-30,3317.0
ID296,1980-03-31,80.0
ID296,1980-06-30,92.0
ID296,1980-09-30,124.0
ID296,1980-12-31,180.0
ID296,1981-03-31,164.0
ID296,1981-06-30,120.0
ID296,1981-09-30,104.0
ID296,1981-12-31,188.0
ID296,1982-03-31,156.0
ID296,1982-06-30,76.0
ID296,1982-09-30,124.0
ID296,1982-12-31,220.0
ID296,1983-03-31,184.0
ID296,1983-06-30,112.0
ID296,1983-09-30,116.0
ID296,1983-12-31,260.0
ID296,1984-03-31,144.0
ID296,1984-06-30,116.0
ID296,1984-09-30,156.0
ID296,1984-12-31,232.0
ID296,1985-03-31,164.0
ID296,1985-06-30,136.0
ID296,1985-09-30,148.0
ID296,1985-12-31,260.0
ID296,1986-03-31,204.0
ID296,1986-06-30,157.0
ID296,1986-09-30,195.0
ID296,1986-12-31,342.0
ID296,1987-03-31,204.0
ID296,1987-06-30,245.0
ID296,1987-09-30,208.0
ID296,1987-12-31,618.0
ID296,1988-03-31,400.0
ID296,1988-06-30,374.0
ID296,1988-09-30,260.0
ID296,1988-12-31,605.0
ID296,1989-03-31,370.0
ID296,1989-06-30,378.0
ID296,1989-09-30,301.0
ID296,1989-12-31,436.0
ID296,1990-03-31,326.0
ID296,1990-06-30,243.0
ID296,1990-09-30,173.0
ID296,1990-12-31,493.0
ID296,1991-03-31,292.0
ID296,1991-06-30,368.0
ID296,1991-09-30,196.0
ID296,1991-12-31,535.0
ID296,1992-03-31,339.0
ID296,1992-06-30,320.0
ID296,1992-09-30,304.0
ID296,1992-12-31,617.0
ID296,1993-03-31,336.0
ID296,1993-06-30,386.0
ID296,1993-09-30,361.0
ID296,1993-12-31,737.0
ID296,1994-03-31,438.0
ID296,1994-06-30,368.0
ID296,1994-09-30,464.0
ID296,1994-12-31,713.0
ID296,1995-03-31,548.0
ID296,1995-06-30,609.0
ID296,1995-09-30,330.0
ID296,1995-12-31,1013.0
ID296,1996-03-31,635.0
ID296,1996-06-30,516.0
ID296,1996-09-30,384.0
ID296,1996-12-31,1302.0
ID296,1997-03-31,745.0
ID296,1997-06-30,399.0
ID296,1997-09-30,477.0
ID296,1997-12-31,1415.0
ID296,1998-03-31,523.0
ID296,1998-06-30,758.0
ID296,1998-09-30,552.0
ID296,1998-12-31,1257.0
ID296,1999-03-31,615.0
ID296,1999-06-30,564.0
ID296,1999-09-30,746.0
ID296,1999-12-31,1346.0
ID296,2000-03-31,714.0
ID296,2000-06-30,952.0
ID296,2000-09-30,762.0
ID296,2000-12-31,1458.0
ID296,2001-03-31,748.0
ID296,2001-06-30,818.0
ID296,2001-09-30,673.0
ID296,2001-12-31,1625.0
ID296,2002-03-31,980.0
ID296,2002-06-30,1023.0
ID296,2002-09-30,830.0
ID296,2002-12-31,1630.0
ID296,2003-03-31,823.0
ID296,2003-06-30,991.0
ID296,2003-09-30,1046.0
ID297,1980-03-31,152.0
ID297,1980-06-30,132.0
ID297,1980-09-30,92.0
ID297,1980-12-31,144.0
ID297,1981-03-31,152.0
ID297,1981-06-30,152.0
ID297,1981-09-30,200.0
ID297,1981-12-31,172.0
ID297,1982-03-31,208.0
ID297,1982-06-30,140.0
ID297,1982-09-30,164.0
ID297,1982-12-31,200.0
ID297,1983-03-31,188.0
ID297,1983-06-30,148.0
ID297,1983-09-30,172.0
ID297,1983-12-31,272.0
ID297,1984-03-31,244.0
ID297,1984-06-30,204.0
ID297,1984-09-30,172.0
ID297,1984-12-31,216.0
ID297,1985-03-31,276.0
ID297,1985-06-30,184.0
ID297,1985-09-30,192.0
ID297,1985-12-31,272.0
ID297,1986-03-31,268.0
ID297,1986-06-30,248.0
ID297,1986-09-30,275.0
ID297,1986-12-31,270.0
ID297,1987-03-31,276.0
ID297,1987-06-30,229.0
ID297,1987-09-30,264.0
ID297,1987-12-31,340.0
ID297,1988-03-31,384.0
ID297,1988-06-30,270.0
ID297,1988-09-30,349.0
ID297,1988-12-31,264.0
ID297,1989-03-31,314.0
ID297,1989-06-30,369.0
ID297,1989-09-30,266.0
ID297,1989-12-31,270.0
ID297,1990-03-31,310.0
ID297,1990-06-30,333.0
ID297,1990-09-30,279.0
ID297,1990-12-31,495.0
ID297,1991-03-31,464.0
ID297,1991-06-30,302.0
ID297,1991-09-30,309.0
ID297,1991-12-31,493.0
ID297,1992-03-31,604.0
ID297,1992-06-30,370.0
ID297,1992-09-30,472.0
ID297,1992-12-31,418.0
ID297,1993-03-31,420.0
ID297,1993-06-30,435.0
ID297,1993-09-30,403.0
ID297,1993-12-31,521.0
ID297,1994-03-31,589.0
ID297,1994-06-30,536.0
ID297,1994-09-30,668.0
ID297,1994-12-31,711.0
ID297,1995-03-31,564.0
ID297,1995-06-30,605.0
ID297,1995-09-30,575.0
ID297,1995-12-31,689.0
ID297,1996-03-31,845.0
ID297,1996-06-30,713.0
ID297,1996-09-30,880.0
ID297,1996-12-31,757.0
ID297,1997-03-31,846.0
ID297,1997-06-30,699.0
ID297,1997-09-30,915.0
ID297,1997-12-31,856.0
ID297,1998-03-31,1072.0
ID297,1998-06-30,708.0
ID297,1998-09-30,864.0
ID297,1998-12-31,960.0
ID297,1999-03-31,929.0
ID297,1999-06-30,964.0
ID297,1999-09-30,1023.0
ID297,1999-12-31,1068.0
ID297,2000-03-31,1273.0
ID297,2000-06-30,764.0
ID297,2000-09-30,1217.0
ID297,2000-12-31,1085.0
ID297,2001-03-31,1127.0
ID297,2001-06-30,1198.0
ID297,2001-09-30,1049.0
ID297,2001-12-31,947.0
ID297,2002-03-31,1029.0
ID297,2002-06-30,1169.0
ID297,2002-09-30,995.0
ID297,2002-12-31,846.0
ID297,2003-03-31,958.0
ID297,2003-06-30,1026.0
ID297,2003-09-30,1206.0
ID298,1980-03-31,84.0
ID298,1980-06-30,84.0
ID298,1980-09-30,80.0
ID298,1980-12-31,108.0
ID298,1981-03-31,168.0
ID298,1981-06-30,84.0
ID298,1981-09-30,140.0
ID298,1981-12-31,104.0
ID298,1982-03-31,120.0
ID298,1982-06-30,128.0
ID298,1982-09-30,164.0
ID298,1982-12-31,104.0
ID298,1983-03-31,92.0
ID298,1983-06-30,72.0
ID298,1983-09-30,92.0
ID298,1983-12-31,128.0
ID298,1984-03-31,216.0
ID298,1984-06-30,120.0
ID298,1984-09-30,104.0
ID298,1984-12-31,212.0
ID298,1985-03-31,100.0
ID298,1985-06-30,124.0
ID298,1985-09-30,128.0
ID298,1985-12-31,168.0
ID298,1986-03-31,132.0
ID298,1986-06-30,116.0
ID298,1986-09-30,90.0
ID298,1986-12-31,498.0
ID298,1987-03-31,372.0
ID298,1987-06-30,365.0
ID298,1987-09-30,376.0
ID298,1987-12-31,480.0
ID298,1988-03-31,335.0
ID298,1988-06-30,404.0
ID298,1988-09-30,381.0
ID298,1988-12-31,209.0
ID298,1989-03-31,306.0
ID298,1989-06-30,216.0
ID298,1989-09-30,168.0
ID298,1989-12-31,279.0
ID298,1990-03-31,242.0
ID298,1990-06-30,252.0
ID298,1990-09-30,232.0
ID298,1990-12-31,338.0
ID298,1991-03-31,232.0
ID298,1991-06-30,244.0
ID298,1991-09-30,305.0
ID298,1991-12-31,390.0
ID298,1992-03-31,506.0
ID298,1992-06-30,210.0
ID298,1992-09-30,305.0
ID298,1992-12-31,374.0
ID298,1993-03-31,240.0
ID298,1993-06-30,940.0
ID298,1993-09-30,202.0
ID298,1993-12-31,366.0
ID298,1994-03-31,396.0
ID298,1994-06-30,344.0
ID298,1994-09-30,435.0
ID298,1994-12-31,513.0
ID298,1995-03-31,317.0
ID298,1995-06-30,299.0
ID298,1995-09-30,417.0
ID298,1995-12-31,258.0
ID298,1996-03-31,518.0
ID298,1996-06-30,487.0
ID298,1996-09-30,192.0
ID298,1996-12-31,709.0
ID298,1997-03-31,717.0
ID298,1997-06-30,340.0
ID298,1997-09-30,326.0
ID298,1997-12-31,758.0
ID298,1998-03-31,1100.0
ID298,1998-06-30,348.0
ID298,1998-09-30,348.0
ID298,1998-12-31,642.0
ID298,1999-03-31,906.0
ID298,1999-06-30,491.0
ID298,1999-09-30,414.0
ID298,1999-12-31,718.0
ID298,2000-03-31,921.0
ID298,2000-06-30,502.0
ID298,2000-09-30,291.0
ID298,2000-12-31,567.0
ID298,2001-03-31,841.0
ID298,2001-06-30,559.0
ID298,2001-09-30,425.0
ID298,2001-12-31,618.0
ID298,2002-03-31,1210.0
ID298,2002-06-30,514.0
ID298,2002-09-30,956.0
ID298,2002-12-31,502.0
ID298,2003-03-31,926.0
ID298,2003-06-30,347.0
ID298,2003-09-30,223.0
ID299,1980-03-31,704.0
ID299,1980-06-30,632.0
ID299,1980-09-30,576.0
ID299,1980-12-31,1656.0
ID299,1981-03-31,928.0
ID299,1981-06-30,664.0
ID299,1981-09-30,792.0
ID299,1981-12-31,1944.0
ID299,1982-03-31,1044.0
ID299,1982-06-30,668.0
ID299,1982-09-30,748.0
ID299,1982-12-31,2340.0
ID299,1983-03-31,1132.0
ID299,1983-06-30,844.0
ID299,1983-09-30,904.0
ID299,1983-12-31,3139.0
ID299,1984-03-31,1536.0
ID299,1984-06-30,1120.0
ID299,1984-09-30,964.0
ID299,1984-12-31,3800.0
ID299,1985-03-31,1748.0
ID299,1985-06-30,1420.0
ID299,1985-09-30,1212.0
ID299,1985-12-31,4192.0
ID299,1986-03-31,1624.0
ID299,1986-06-30,2222.0
ID299,1986-09-30,2445.0
ID299,1986-12-31,7890.0
ID299,1987-03-31,2772.0
ID299,1987-06-30,2788.0
ID299,1987-09-30,1864.0
ID299,1987-12-31,7508.0
ID299,1988-03-31,2829.0
ID299,1988-06-30,3081.0
ID299,1988-09-30,2103.0
ID299,1988-12-31,6666.0
ID299,1989-03-31,3143.0
ID299,1989-06-30,3213.0
ID299,1989-09-30,1943.0
ID299,1989-12-31,6509.0
ID299,1990-03-31,3102.0
ID299,1990-06-30,2952.0
ID299,1990-09-30,1931.0
ID299,1990-12-31,7222.0
ID299,1991-03-31,3146.0
ID299,1991-06-30,3617.0
ID299,1991-09-30,2348.0
ID299,1991-12-31,8231.0
ID299,1992-03-31,3871.0
ID299,1992-06-30,3270.0
ID299,1992-09-30,3035.0
ID299,1992-12-31,8868.0
ID299,1993-03-31,4104.0
ID299,1993-06-30,6172.0
ID299,1993-09-30,3288.0
ID299,1993-12-31,10319.0
ID299,1994-03-31,4967.0
ID299,1994-06-30,5278.0
ID299,1994-09-30,3532.0
ID299,1994-12-31,10007.0
ID299,1995-03-31,3845.0
ID299,1995-06-30,4662.0
ID299,1995-09-30,3063.0
ID299,1995-12-31,9762.0
ID299,1996-03-31,4720.0
ID299,1996-06-30,5131.0
ID299,1996-09-30,3344.0
ID299,1996-12-31,10990.0
ID299,1997-03-31,5474.0
ID299,1997-06-30,5659.0
ID299,1997-09-30,3693.0
ID299,1997-12-31,12701.0
ID299,1998-03-31,5909.0
ID299,1998-06-30,5651.0
ID299,1998-09-30,3744.0
ID299,1998-12-31,11439.0
ID299,1999-03-31,7177.0
ID299,1999-06-30,7097.0
ID299,1999-09-30,5133.0
ID299,1999-12-31,14496.0
ID299,2000-03-31,7308.0
ID299,2000-06-30,8601.0
ID299,2000-09-30,6086.0
ID299,2000-12-31,13730.0
ID299,2001-03-31,7126.0
ID299,2001-06-30,8036.0
ID299,2001-09-30,5741.0
ID299,2001-12-31,11905.0
ID299,2002-03-31,7023.0
ID299,2002-06-30,8013.0
ID299,2002-09-30,6351.0
ID299,2002-12-31,12632.0
ID299,2003-03-31,6756.0
ID299,2003-06-30,6058.0
ID299,2003-09-30,5792.0
ID3,1985-03-31,23717.0
ID3,1985-06-30,27405.0
ID3,1985-09-30,26623.0
ID3,1985-12-31,35800.0
ID3,1986-03-31,29186.0
ID3,1986-06-30,27636.0
ID3,1986-09-30,28029.0
ID3,1986-12-31,42885.0
ID3,1987-03-31,37829.0
ID3,1987-06-30,34576.0
ID3,1987-09-30,34500.0
ID3,1987-12-31,49496.0
ID3,1988-03-31,42957.0
ID3,1988-06-30,37692.0
ID3,1988-09-30,33788.0
ID3,1988-12-31,51587.0
ID3,1989-03-31,44022.0
ID3,1989-06-30,34481.0
ID3,1989-09-30,26715.0
ID3,1989-12-31,45291.0
ID3,1990-03-31,41395.0
ID3,1990-06-30,34736.0
ID3,1990-09-30,30904.0
ID3,1990-12-31,48660.0
ID3,1991-03-31,37443.0
ID3,1991-06-30,35431.0
ID3,1991-09-30,34267.0
ID3,1991-12-31,54643.0
ID3,1992-03-31,46785.0
ID3,1992-06-30,39866.0
ID3,1992-09-30,37804.0
ID3,1992-12-31,55776.0
ID3,1993-03-31,47147.0
ID3,1993-06-30,42216.0
ID3,1993-09-30,41586.0
ID3,1993-12-31,58483.0
ID3,1994-03-31,48754.0
ID3,1994-06-30,43567.0
ID3,1994-09-30,39540.0
ID3,1994-12-31,53429.0
ID3,1995-03-31,44215.0
ID3,1995-06-30,40715.0
ID3,1995-09-30,39324.0
ID3,1995-12-31,50402.0
ID3,1996-03-31,55179.0
ID3,1996-06-30,44490.0
ID3,1996-09-30,41147.0
ID3,1996-12-31,45112.0
ID3,1997-03-31,49299.0
ID3,1997-06-30,48067.0
ID3,1997-09-30,39217.0
ID3,1997-12-31,55763.0
ID3,1998-03-31,49821.0
ID3,1998-06-30,47364.0
ID3,1998-09-30,45265.0
ID3,1998-12-31,65951.0
ID3,1999-03-31,54780.0
ID3,1999-06-30,51409.0
ID3,1999-09-30,50195.0
ID3,1999-12-31,69801.0
ID3,2000-03-31,60055.0
ID3,2000-06-30,58651.0
ID3,2000-09-30,57461.0
ID3,2000-12-31,76928.0
ID3,2001-03-31,67763.0
ID3,2001-06-30,59102.0
ID3,2001-09-30,54021.0
ID3,2001-12-31,68821.0
ID3,2002-03-31,65353.0
ID3,2002-06-30,63325.0
ID3,2002-09-30,56756.0
ID3,2002-12-31,79533.0
ID30,1976-03-31,48.0
ID30,1976-06-30,75.0
ID30,1976-09-30,106.0
ID30,1976-12-31,67.0
ID30,1977-03-31,60.0
ID30,1977-06-30,104.0
ID30,1977-09-30,141.0
ID30,1977-12-31,94.0
ID30,1978-03-31,74.0
ID30,1978-06-30,127.0
ID30,1978-09-30,167.0
ID30,1978-12-31,106.0
ID30,1979-03-31,81.0
ID30,1979-06-30,164.0
ID30,1979-09-30,213.0
ID30,1979-12-31,133.0
ID30,1980-03-31,100.0
ID30,1980-06-30,195.0
ID30,1980-09-30,256.0
ID30,1980-12-31,150.0
ID30,1981-03-31,117.0
ID30,1981-06-30,239.0
ID30,1981-09-30,314.0
ID30,1981-12-31,179.0
ID30,1982-03-31,138.0
ID30,1982-06-30,269.0
ID30,1982-09-30,373.0
ID30,1982-12-31,183.0
ID30,1983-03-31,148.0
ID30,1983-06-30,299.0
ID30,1983-09-30,419.0
ID30,1983-12-31,202.0
ID30,1984-03-31,154.0
ID30,1984-06-30,355.0
ID30,1984-09-30,473.0
ID30,1984-12-31,234.0
ID30,1985-03-31,180.0
ID30,1985-06-30,424.0
ID30,1985-09-30,617.0
ID30,1985-12-31,316.0
ID30,1986-03-31,227.0
ID30,1986-06-30,538.0
ID30,1986-09-30,766.0
ID30,1986-12-31,384.0
ID30,1987-03-31,234.0
ID30,1987-06-30,638.0
ID30,1987-09-30,851.0
ID30,1987-12-31,410.0
ID30,1988-03-31,248.0
ID30,1988-06-30,589.0
ID30,1988-09-30,788.0
ID30,1988-12-31,399.0
ID30,1989-03-31,275.0
ID30,1989-06-30,572.0
ID30,1989-09-30,785.0
ID30,1989-12-31,427.0
ID30,1990-03-31,326.0
ID30,1990-06-30,632.0
ID30,1990-09-30,790.0
ID30,1990-12-31,401.0
ID30,1991-03-31,287.0
ID30,1991-06-30,612.0
ID30,1991-09-30,855.0
ID30,1991-12-31,439.0
ID30,1992-03-31,332.0
ID30,1992-06-30,681.0
ID30,1992-09-30,854.0
ID30,1992-12-31,445.0
ID30,1993-03-31,336.0
ID30,1993-06-30,664.0
ID30,1993-09-30,864.0
ID30,1993-12-31,465.0
ID30,1994-03-31,346.0
ID30,1994-06-30,705.0
ID30,1994-09-30,916.0
ID30,1994-12-31,489.0
ID30,1995-03-31,347.0
ID30,1995-06-30,742.0
ID30,1995-09-30,918.0
ID30,1995-12-31,494.0
ID30,1996-03-31,375.0
ID30,1996-06-30,698.0
ID30,1996-09-30,857.0
ID30,1996-12-31,482.0
ID30,1997-03-31,386.0
ID30,1997-06-30,754.0
ID30,1997-09-30,946.0
ID30,1997-12-31,527.0
ID30,1998-03-31,381.0
ID30,1998-06-30,830.0
ID30,1998-09-30,1082.0
ID30,1998-12-31,592.0
ID30,1999-03-31,445.0
ID30,1999-06-30,906.0
ID30,1999-09-30,1157.0
ID30,1999-12-31,617.0
ID30,2000-03-31,432.0
ID30,2000-06-30,960.0
ID30,2000-09-30,1215.0
ID30,2000-12-31,646.0
ID30,2001-03-31,460.0
ID30,2001-06-30,913.0
ID30,2001-09-30,1229.0
ID30,2001-12-31,632.0
ID30,2002-03-31,503.0
ID30,2002-06-30,1039.0
ID300,1980-03-31,172.0
ID300,1980-06-30,176.0
ID300,1980-09-30,104.0
ID300,1980-12-31,704.0
ID300,1981-03-31,228.0
ID300,1981-06-30,140.0
ID300,1981-09-30,204.0
ID300,1981-12-31,668.0
ID300,1982-03-31,216.0
ID300,1982-06-30,200.0
ID300,1982-09-30,132.0
ID300,1982-12-31,746.0
ID300,1983-03-31,256.0
ID300,1983-06-30,292.0
ID300,1983-09-30,184.0
ID300,1983-12-31,792.0
ID300,1984-03-31,400.0
ID300,1984-06-30,260.0
ID300,1984-09-30,192.0
ID300,1984-12-31,980.0
ID300,1985-03-31,364.0
ID300,1985-06-30,272.0
ID300,1985-09-30,304.0
ID300,1985-12-31,1172.0
ID300,1986-03-31,372.0
ID300,1986-06-30,254.0
ID300,1986-09-30,440.0
ID300,1986-12-31,1284.0
ID300,1987-03-31,594.0
ID300,1987-06-30,663.0
ID300,1987-09-30,648.0
ID300,1987-12-31,1834.0
ID300,1988-03-31,1203.0
ID300,1988-06-30,1402.0
ID300,1988-09-30,901.0
ID300,1988-12-31,1694.0
ID300,1989-03-31,838.0
ID300,1989-06-30,729.0
ID300,1989-09-30,628.0
ID300,1989-12-31,1623.0
ID300,1990-03-31,1102.0
ID300,1990-06-30,1458.0
ID300,1990-09-30,1025.0
ID300,1990-12-31,2350.0
ID300,1991-03-31,1060.0
ID300,1991-06-30,1013.0
ID300,1991-09-30,996.0
ID300,1991-12-31,2205.0
ID300,1992-03-31,1017.0
ID300,1992-06-30,1390.0
ID300,1992-09-30,743.0
ID300,1992-12-31,2708.0
ID300,1993-03-31,1944.0
ID300,1993-06-30,1648.0
ID300,1993-09-30,1156.0
ID300,1993-12-31,3155.0
ID300,1994-03-31,2618.0
ID300,1994-06-30,1978.0
ID300,1994-09-30,1428.0
ID300,1994-12-31,3944.0
ID300,1995-03-31,1986.0
ID300,1995-06-30,1804.0
ID300,1995-09-30,1703.0
ID300,1995-12-31,3783.0
ID300,1996-03-31,2145.0
ID300,1996-06-30,2132.0
ID300,1996-09-30,1824.0
ID300,1996-12-31,4824.0
ID300,1997-03-31,3023.0
ID300,1997-06-30,3024.0
ID300,1997-09-30,1690.0
ID300,1997-12-31,3780.0
ID300,1998-03-31,1428.0
ID300,1998-06-30,1923.0
ID300,1998-09-30,1812.0
ID300,1998-12-31,2825.0
ID300,1999-03-31,2473.0
ID300,1999-06-30,3087.0
ID300,1999-09-30,2116.0
ID300,1999-12-31,3548.0
ID300,2000-03-31,2460.0
ID300,2000-06-30,3342.0
ID300,2000-09-30,2663.0
ID300,2000-12-31,5448.0
ID300,2001-03-31,2430.0
ID300,2001-06-30,4184.0
ID300,2001-09-30,3031.0
ID300,2001-12-31,4593.0
ID300,2002-03-31,2307.0
ID300,2002-06-30,3919.0
ID300,2002-09-30,2668.0
ID300,2002-12-31,5248.0
ID300,2003-03-31,2017.0
ID300,2003-06-30,1946.0
ID300,2003-09-30,3599.0
ID301,1980-03-31,76.0
ID301,1980-06-30,60.0
ID301,1980-09-30,44.0
ID301,1980-12-31,172.0
ID301,1981-03-31,52.0
ID301,1981-06-30,80.0
ID301,1981-09-30,48.0
ID301,1981-12-31,156.0
ID301,1982-03-31,100.0
ID301,1982-06-30,76.0
ID301,1982-09-30,64.0
ID301,1982-12-31,148.0
ID301,1983-03-31,92.0
ID301,1983-06-30,44.0
ID301,1983-09-30,48.0
ID301,1983-12-31,196.0
ID301,1984-03-31,124.0
ID301,1984-06-30,56.0
ID301,1984-09-30,108.0
ID301,1984-12-31,144.0
ID301,1985-03-31,76.0
ID301,1985-06-30,108.0
ID301,1985-09-30,52.0
ID301,1985-12-31,204.0
ID301,1986-03-31,128.0
ID301,1986-06-30,119.0
ID301,1986-09-30,105.0
ID301,1986-12-31,312.0
ID301,1987-03-31,180.0
ID301,1987-06-30,320.0
ID301,1987-09-30,232.0
ID301,1987-12-31,934.0
ID301,1988-03-31,858.0
ID301,1988-06-30,893.0
ID301,1988-09-30,671.0
ID301,1988-12-31,1012.0
ID301,1989-03-31,537.0
ID301,1989-06-30,711.0
ID301,1989-09-30,320.0
ID301,1989-12-31,923.0
ID301,1990-03-31,656.0
ID301,1990-06-30,612.0
ID301,1990-09-30,469.0
ID301,1990-12-31,844.0
ID301,1991-03-31,460.0
ID301,1991-06-30,380.0
ID301,1991-09-30,394.0
ID301,1991-12-31,744.0
ID301,1992-03-31,614.0
ID301,1992-06-30,450.0
ID301,1992-09-30,348.0
ID301,1992-12-31,786.0
ID301,1993-03-31,564.0
ID301,1993-06-30,497.0
ID301,1993-09-30,376.0
ID301,1993-12-31,1048.0
ID301,1994-03-31,669.0
ID301,1994-06-30,626.0
ID301,1994-09-30,496.0
ID301,1994-12-31,950.0
ID301,1995-03-31,671.0
ID301,1995-06-30,660.0
ID301,1995-09-30,446.0
ID301,1995-12-31,1062.0
ID301,1996-03-31,780.0
ID301,1996-06-30,798.0
ID301,1996-09-30,496.0
ID301,1996-12-31,1295.0
ID301,1997-03-31,853.0
ID301,1997-06-30,692.0
ID301,1997-09-30,592.0
ID301,1997-12-31,1300.0
ID301,1998-03-31,798.0
ID301,1998-06-30,822.0
ID301,1998-09-30,636.0
ID301,1998-12-31,1532.0
ID301,1999-03-31,684.0
ID301,1999-06-30,733.0
ID301,1999-09-30,559.0
ID301,1999-12-31,1250.0
ID301,2000-03-31,841.0
ID301,2000-06-30,944.0
ID301,2000-09-30,673.0
ID301,2000-12-31,1364.0
ID301,2001-03-31,805.0
ID301,2001-06-30,1001.0
ID301,2001-09-30,772.0
ID301,2001-12-31,1414.0
ID301,2002-03-31,746.0
ID301,2002-06-30,1186.0
ID301,2002-09-30,702.0
ID301,2002-12-31,1684.0
ID301,2003-03-31,1320.0
ID301,2003-06-30,1133.0
ID301,2003-09-30,993.0
ID302,1980-03-31,40.0
ID302,1980-06-30,44.0
ID302,1980-09-30,76.0
ID302,1980-12-31,52.0
ID302,1981-03-31,40.0
ID302,1981-06-30,60.0
ID302,1981-09-30,52.0
ID302,1981-12-31,76.0
ID302,1982-03-31,128.0
ID302,1982-06-30,44.0
ID302,1982-09-30,64.0
ID302,1982-12-31,24.0
ID302,1983-03-31,52.0
ID302,1983-06-30,52.0
ID302,1983-09-30,36.0
ID302,1983-12-31,56.0
ID302,1984-03-31,48.0
ID302,1984-06-30,76.0
ID302,1984-09-30,84.0
ID302,1984-12-31,84.0
ID302,1985-03-31,68.0
ID302,1985-06-30,128.0
ID302,1985-09-30,52.0
ID302,1985-12-31,60.0
ID302,1986-03-31,72.0
ID302,1986-06-30,74.0
ID302,1986-09-30,80.0
ID302,1986-12-31,54.0
ID302,1987-03-31,72.0
ID302,1987-06-30,30.0
ID302,1987-09-30,24.0
ID302,1987-12-31,95.0
ID302,1988-03-31,58.0
ID302,1988-06-30,59.0
ID302,1988-09-30,107.0
ID302,1988-12-31,99.0
ID302,1989-03-31,62.0
ID302,1989-06-30,153.0
ID302,1989-09-30,107.0
ID302,1989-12-31,120.0
ID302,1990-03-31,102.0
ID302,1990-06-30,126.0
ID302,1990-09-30,117.0
ID302,1990-12-31,213.0
ID302,1991-03-31,154.0
ID302,1991-06-30,198.0
ID302,1991-09-30,213.0
ID302,1991-12-31,144.0
ID302,1992-03-31,174.0
ID302,1992-06-30,190.0
ID302,1992-09-30,229.0
ID302,1992-12-31,142.0
ID302,1993-03-31,252.0
ID302,1993-06-30,203.0
ID302,1993-09-30,225.0
ID302,1993-12-31,180.0
ID302,1994-03-31,197.0
ID302,1994-06-30,222.0
ID302,1994-09-30,244.0
ID302,1994-12-31,328.0
ID302,1995-03-31,244.0
ID302,1995-06-30,304.0
ID302,1995-09-30,277.0
ID302,1995-12-31,319.0
ID302,1996-03-31,338.0
ID302,1996-06-30,249.0
ID302,1996-09-30,256.0
ID302,1996-12-31,258.0
ID302,1997-03-31,227.0
ID302,1997-06-30,213.0
ID302,1997-09-30,294.0
ID302,1997-12-31,340.0
ID302,1998-03-31,198.0
ID302,1998-06-30,354.0
ID302,1998-09-30,348.0
ID302,1998-12-31,272.0
ID302,1999-03-31,308.0
ID302,1999-06-30,252.0
ID302,1999-09-30,267.0
ID302,1999-12-31,392.0
ID302,2000-03-31,312.0
ID302,2000-06-30,376.0
ID302,2000-09-30,440.0
ID302,2000-12-31,420.0
ID302,2001-03-31,298.0
ID302,2001-06-30,306.0
ID302,2001-09-30,254.0
ID302,2001-12-31,352.0
ID302,2002-03-31,273.0
ID302,2002-06-30,258.0
ID302,2002-09-30,307.0
ID302,2002-12-31,480.0
ID302,2003-03-31,292.0
ID302,2003-06-30,275.0
ID302,2003-09-30,470.0
ID303,1980-03-31,156.0
ID303,1980-06-30,72.0
ID303,1980-09-30,88.0
ID303,1980-12-31,112.0
ID303,1981-03-31,92.0
ID303,1981-06-30,64.0
ID303,1981-09-30,80.0
ID303,1981-12-31,112.0
ID303,1982-03-31,128.0
ID303,1982-06-30,76.0
ID303,1982-09-30,100.0
ID303,1982-12-31,60.0
ID303,1983-03-31,124.0
ID303,1983-06-30,48.0
ID303,1983-09-30,60.0
ID303,1983-12-31,60.0
ID303,1984-03-31,104.0
ID303,1984-06-30,16.0
ID303,1984-09-30,52.0
ID303,1984-12-31,68.0
ID303,1985-03-31,84.0
ID303,1985-06-30,64.0
ID303,1985-09-30,56.0
ID303,1985-12-31,68.0
ID303,1986-03-31,96.0
ID303,1986-06-30,45.0
ID303,1986-09-30,60.0
ID303,1986-12-31,132.0
ID303,1987-03-31,186.0
ID303,1987-06-30,113.0
ID303,1987-09-30,88.0
ID303,1987-12-31,227.0
ID303,1988-03-31,177.0
ID303,1988-06-30,134.0
ID303,1988-09-30,264.0
ID303,1988-12-31,132.0
ID303,1989-03-31,163.0
ID303,1989-06-30,90.0
ID303,1989-09-30,184.0
ID303,1989-12-31,269.0
ID303,1990-03-31,236.0
ID303,1990-06-30,333.0
ID303,1990-09-30,200.0
ID303,1990-12-31,178.0
ID303,1991-03-31,184.0
ID303,1991-06-30,256.0
ID303,1991-09-30,139.0
ID303,1991-12-31,236.0
ID303,1992-03-31,378.0
ID303,1992-06-30,280.0
ID303,1992-09-30,224.0
ID303,1992-12-31,437.0
ID303,1993-03-31,324.0
ID303,1993-06-30,279.0
ID303,1993-09-30,352.0
ID303,1993-12-31,435.0
ID303,1994-03-31,439.0
ID303,1994-06-30,674.0
ID303,1994-09-30,342.0
ID303,1994-12-31,384.0
ID303,1995-03-31,610.0
ID303,1995-06-30,381.0
ID303,1995-09-30,391.0
ID303,1995-12-31,590.0
ID303,1996-03-31,812.0
ID303,1996-06-30,396.0
ID303,1996-09-30,624.0
ID303,1996-12-31,346.0
ID303,1997-03-31,953.0
ID303,1997-06-30,287.0
ID303,1997-09-30,332.0
ID303,1997-12-31,539.0
ID303,1998-03-31,422.0
ID303,1998-06-30,199.0
ID303,1998-09-30,132.0
ID303,1998-12-31,307.0
ID303,1999-03-31,379.0
ID303,1999-06-30,341.0
ID303,1999-09-30,411.0
ID303,1999-12-31,374.0
ID303,2000-03-31,355.0
ID303,2000-06-30,325.0
ID303,2000-09-30,324.0
ID303,2000-12-31,244.0
ID303,2001-03-31,397.0
ID303,2001-06-30,375.0
ID303,2001-09-30,389.0
ID303,2001-12-31,473.0
ID303,2002-03-31,554.0
ID303,2002-06-30,528.0
ID303,2002-09-30,701.0
ID303,2002-12-31,634.0
ID303,2003-03-31,546.0
ID303,2003-06-30,374.0
ID303,2003-09-30,527.0
ID304,1980-03-31,444.0
ID304,1980-06-30,352.0
ID304,1980-09-30,312.0
ID304,1980-12-31,1040.0
ID304,1981-03-31,412.0
ID304,1981-06-30,344.0
ID304,1981-09-30,384.0
ID304,1981-12-31,1012.0
ID304,1982-03-31,572.0
ID304,1982-06-30,396.0
ID304,1982-09-30,360.0
ID304,1982-12-31,978.0
ID304,1983-03-31,524.0
ID304,1983-06-30,436.0
ID304,1983-09-30,328.0
ID304,1983-12-31,1104.0
ID304,1984-03-31,676.0
ID304,1984-06-30,408.0
ID304,1984-09-30,436.0
ID304,1984-12-31,1276.0
ID304,1985-03-31,592.0
ID304,1985-06-30,572.0
ID304,1985-09-30,464.0
ID304,1985-12-31,1504.0
ID304,1986-03-31,668.0
ID304,1986-06-30,492.0
ID304,1986-09-30,685.0
ID304,1986-12-31,1782.0
ID304,1987-03-31,1032.0
ID304,1987-06-30,1126.0
ID304,1987-09-30,992.0
ID304,1987-12-31,3090.0
ID304,1988-03-31,2296.0
ID304,1988-06-30,2488.0
ID304,1988-09-30,1943.0
ID304,1988-12-31,2937.0
ID304,1989-03-31,1600.0
ID304,1989-06-30,1683.0
ID304,1989-09-30,1239.0
ID304,1989-12-31,2935.0
ID304,1990-03-31,2096.0
ID304,1990-06-30,2529.0
ID304,1990-09-30,1811.0
ID304,1990-12-31,3585.0
ID304,1991-03-31,1858.0
ID304,1991-06-30,1847.0
ID304,1991-09-30,1742.0
ID304,1991-12-31,3329.0
ID304,1992-03-31,2183.0
ID304,1992-06-30,2310.0
ID304,1992-09-30,1544.0
ID304,1992-12-31,4073.0
ID304,1993-03-31,3084.0
ID304,1993-06-30,2627.0
ID304,1993-09-30,2109.0
ID304,1993-12-31,4818.0
ID304,1994-03-31,3923.0
ID304,1994-06-30,3500.0
ID304,1994-09-30,2510.0
ID304,1994-12-31,5606.0
ID304,1995-03-31,3511.0
ID304,1995-06-30,3149.0
ID304,1995-09-30,2817.0
ID304,1995-12-31,5754.0
ID304,1996-03-31,4075.0
ID304,1996-06-30,3575.0
ID304,1996-09-30,3200.0
ID304,1996-12-31,6723.0
ID304,1997-03-31,5056.0
ID304,1997-06-30,4216.0
ID304,1997-09-30,2908.0
ID304,1997-12-31,5959.0
ID304,1998-03-31,2846.0
ID304,1998-06-30,3298.0
ID304,1998-09-30,2928.0
ID304,1998-12-31,4936.0
ID304,1999-03-31,3844.0
ID304,1999-06-30,4413.0
ID304,1999-09-30,3353.0
ID304,1999-12-31,5564.0
ID304,2000-03-31,3968.0
ID304,2000-06-30,4987.0
ID304,2000-09-30,4100.0
ID304,2000-12-31,7476.0
ID304,2001-03-31,3930.0
ID304,2001-06-30,5866.0
ID304,2001-09-30,4446.0
ID304,2001-12-31,6832.0
ID304,2002-03-31,3880.0
ID304,2002-06-30,5891.0
ID304,2002-09-30,4378.0
ID304,2002-12-31,8046.0
ID304,2003-03-31,4175.0
ID304,2003-06-30,3728.0
ID304,2003-09-30,5589.0
ID305,1980-03-31,72.0
ID305,1980-06-30,40.0
ID305,1980-09-30,48.0
ID305,1980-12-31,180.0
ID305,1981-03-31,64.0
ID305,1981-06-30,96.0
ID305,1981-09-30,44.0
ID305,1981-12-31,140.0
ID305,1982-03-31,68.0
ID305,1982-06-30,72.0
ID305,1982-09-30,52.0
ID305,1982-12-31,108.0
ID305,1983-03-31,136.0
ID305,1983-06-30,68.0
ID305,1983-09-30,64.0
ID305,1983-12-31,168.0
ID305,1984-03-31,236.0
ID305,1984-06-30,100.0
ID305,1984-09-30,48.0
ID305,1984-12-31,304.0
ID305,1985-03-31,100.0
ID305,1985-06-30,140.0
ID305,1985-09-30,100.0
ID305,1985-12-31,240.0
ID305,1986-03-31,256.0
ID305,1986-06-30,274.0
ID305,1986-09-30,130.0
ID305,1986-12-31,504.0
ID305,1987-03-31,288.0
ID305,1987-06-30,305.0
ID305,1987-09-30,184.0
ID305,1987-12-31,519.0
ID305,1988-03-31,267.0
ID305,1988-06-30,748.0
ID305,1988-09-30,241.0
ID305,1988-12-31,660.0
ID305,1989-03-31,505.0
ID305,1989-06-30,765.0
ID305,1989-09-30,237.0
ID305,1989-12-31,1081.0
ID305,1990-03-31,482.0
ID305,1990-06-30,1089.0
ID305,1990-09-30,509.0
ID305,1990-12-31,1561.0
ID305,1991-03-31,856.0
ID305,1991-06-30,1293.0
ID305,1991-09-30,712.0
ID305,1991-12-31,1721.0
ID305,1992-03-31,1066.0
ID305,1992-06-30,2450.0
ID305,1992-09-30,1374.0
ID305,1992-12-31,2495.0
ID305,1993-03-31,2160.0
ID305,1993-06-30,4319.0
ID305,1993-09-30,1838.0
ID305,1993-12-31,5011.0
ID305,1994-03-31,3298.0
ID305,1994-06-30,7146.0
ID305,1994-09-30,2894.0
ID305,1994-12-31,6376.0
ID305,1995-03-31,4167.0
ID305,1995-06-30,8866.0
ID305,1995-09-30,2974.0
ID305,1995-12-31,5539.0
ID305,1996-03-31,4057.0
ID305,1996-06-30,7873.0
ID305,1996-09-30,5136.0
ID305,1996-12-31,7498.0
ID305,1997-03-31,4333.0
ID305,1997-06-30,8341.0
ID305,1997-09-30,1633.0
ID305,1997-12-31,2273.0
ID305,1998-03-31,1478.0
ID305,1998-06-30,2643.0
ID305,1998-09-30,1620.0
ID305,1998-12-31,4303.0
ID305,1999-03-31,2173.0
ID305,1999-06-30,6711.0
ID305,1999-09-30,2555.0
ID305,1999-12-31,4792.0
ID305,2000-03-31,2782.0
ID305,2000-06-30,7200.0
ID305,2000-09-30,2950.0
ID305,2000-12-31,5598.0
ID305,2001-03-31,2349.0
ID305,2001-06-30,5822.0
ID305,2001-09-30,1658.0
ID305,2001-12-31,3349.0
ID305,2002-03-31,2712.0
ID305,2002-06-30,5832.0
ID305,2002-09-30,2741.0
ID305,2002-12-31,3764.0
ID305,2003-03-31,2210.0
ID305,2003-06-30,2625.0
ID305,2003-09-30,1901.0
ID306,1980-03-31,12.0
ID306,1980-06-30,20.0
ID306,1980-09-30,25.0
ID306,1980-12-31,20.0
ID306,1981-03-31,16.0
ID306,1981-06-30,28.0
ID306,1981-09-30,20.0
ID306,1981-12-31,8.0
ID306,1982-03-31,24.0
ID306,1982-06-30,24.0
ID306,1982-09-30,24.0
ID306,1982-12-31,40.0
ID306,1983-03-31,8.0
ID306,1983-06-30,24.0
ID306,1983-09-30,32.0
ID306,1983-12-31,28.0
ID306,1984-03-31,16.0
ID306,1984-06-30,28.0
ID306,1984-09-30,12.0
ID306,1984-12-31,52.0
ID306,1985-03-31,60.0
ID306,1985-06-30,56.0
ID306,1985-09-30,36.0
ID306,1985-12-31,40.0
ID306,1986-03-31,24.0
ID306,1986-06-30,18.0
ID306,1986-09-30,30.0
ID306,1986-12-31,54.0
ID306,1987-03-31,30.0
ID306,1987-06-30,38.0
ID306,1987-09-30,64.0
ID306,1987-12-31,81.0
ID306,1988-03-31,112.0
ID306,1988-06-30,146.0
ID306,1988-09-30,115.0
ID306,1988-12-31,110.0
ID306,1989-03-31,87.0
ID306,1989-06-30,117.0
ID306,1989-09-30,96.0
ID306,1989-12-31,138.0
ID306,1990-03-31,138.0
ID306,1990-06-30,207.0
ID306,1990-09-30,161.0
ID306,1990-12-31,172.0
ID306,1991-03-31,220.0
ID306,1991-06-30,103.0
ID306,1991-09-30,201.0
ID306,1991-12-31,207.0
ID306,1992-03-31,235.0
ID306,1992-06-30,190.0
ID306,1992-09-30,238.0
ID306,1992-12-31,304.0
ID306,1993-03-31,204.0
ID306,1993-06-30,338.0
ID306,1993-09-30,267.0
ID306,1993-12-31,339.0
ID306,1994-03-31,301.0
ID306,1994-06-30,342.0
ID306,1994-09-30,357.0
ID306,1994-12-31,490.0
ID306,1995-03-31,334.0
ID306,1995-06-30,692.0
ID306,1995-09-30,437.0
ID306,1995-12-31,649.0
ID306,1996-03-31,441.0
ID306,1996-06-30,560.0
ID306,1996-09-30,416.0
ID306,1996-12-31,592.0
ID306,1997-03-31,439.0
ID306,1997-06-30,521.0
ID306,1997-09-30,404.0
ID306,1997-12-31,509.0
ID306,1998-03-31,451.0
ID306,1998-06-30,535.0
ID306,1998-09-30,504.0
ID306,1998-12-31,394.0
ID306,1999-03-31,602.0
ID306,1999-06-30,667.0
ID306,1999-09-30,467.0
ID306,1999-12-31,1014.0
ID306,2000-03-31,507.0
ID306,2000-06-30,1084.0
ID306,2000-09-30,664.0
ID306,2000-12-31,965.0
ID306,2001-03-31,528.0
ID306,2001-06-30,890.0
ID306,2001-09-30,596.0
ID306,2001-12-31,920.0
ID306,2002-03-31,659.0
ID306,2002-06-30,718.0
ID306,2002-09-30,698.0
ID306,2002-12-31,818.0
ID306,2003-03-31,787.0
ID306,2003-06-30,730.0
ID306,2003-09-30,666.0
ID307,1980-03-31,36.0
ID307,1980-06-30,36.0
ID307,1980-09-30,16.0
ID307,1980-12-31,36.0
ID307,1981-03-31,60.0
ID307,1981-06-30,48.0
ID307,1981-09-30,68.0
ID307,1981-12-31,52.0
ID307,1982-03-31,32.0
ID307,1982-06-30,52.0
ID307,1982-09-30,36.0
ID307,1982-12-31,24.0
ID307,1983-03-31,44.0
ID307,1983-06-30,88.0
ID307,1983-09-30,32.0
ID307,1983-12-31,44.0
ID307,1984-03-31,64.0
ID307,1984-06-30,84.0
ID307,1984-09-30,28.0
ID307,1984-12-31,28.0
ID307,1985-03-31,92.0
ID307,1985-06-30,40.0
ID307,1985-09-30,44.0
ID307,1985-12-31,20.0
ID307,1986-03-31,68.0
ID307,1986-06-30,100.0
ID307,1986-09-30,40.0
ID307,1986-12-31,36.0
ID307,1987-03-31,18.0
ID307,1987-06-30,44.0
ID307,1987-09-30,40.0
ID307,1987-12-31,98.0
ID307,1988-03-31,96.0
ID307,1988-06-30,58.0
ID307,1988-09-30,76.0
ID307,1988-12-31,33.0
ID307,1989-03-31,92.0
ID307,1989-06-30,54.0
ID307,1989-09-30,93.0
ID307,1989-12-31,42.0
ID307,1990-03-31,90.0
ID307,1990-06-30,117.0
ID307,1990-09-30,95.0
ID307,1990-12-31,92.0
ID307,1991-03-31,62.0
ID307,1991-06-30,130.0
ID307,1991-09-30,55.0
ID307,1991-12-31,127.0
ID307,1992-03-31,90.0
ID307,1992-06-30,120.0
ID307,1992-09-30,233.0
ID307,1992-12-31,92.0
ID307,1993-03-31,180.0
ID307,1993-06-30,82.0
ID307,1993-09-30,79.0
ID307,1993-12-31,129.0
ID307,1994-03-31,190.0
ID307,1994-06-30,148.0
ID307,1994-09-30,222.0
ID307,1994-12-31,172.0
ID307,1995-03-31,121.0
ID307,1995-06-30,194.0
ID307,1995-09-30,183.0
ID307,1995-12-31,214.0
ID307,1996-03-31,146.0
ID307,1996-06-30,336.0
ID307,1996-09-30,240.0
ID307,1996-12-31,241.0
ID307,1997-03-31,206.0
ID307,1997-06-30,208.0
ID307,1997-09-30,126.0
ID307,1997-12-31,135.0
ID307,1998-03-31,229.0
ID307,1998-06-30,189.0
ID307,1998-09-30,120.0
ID307,1998-12-31,207.0
ID307,1999-03-31,246.0
ID307,1999-06-30,144.0
ID307,1999-09-30,200.0
ID307,1999-12-31,328.0
ID307,2000-03-31,229.0
ID307,2000-06-30,302.0
ID307,2000-09-30,191.0
ID307,2000-12-31,163.0
ID307,2001-03-31,173.0
ID307,2001-06-30,254.0
ID307,2001-09-30,201.0
ID307,2001-12-31,149.0
ID307,2002-03-31,351.0
ID307,2002-06-30,392.0
ID307,2002-09-30,222.0
ID307,2002-12-31,240.0
ID307,2003-03-31,267.0
ID307,2003-06-30,261.0
ID307,2003-09-30,233.0
ID308,1980-03-31,4.0
ID308,1980-06-30,40.0
ID308,1980-09-30,24.0
ID308,1980-12-31,28.0
ID308,1981-03-31,72.0
ID308,1981-06-30,56.0
ID308,1981-09-30,40.0
ID308,1981-12-31,48.0
ID308,1982-03-31,40.0
ID308,1982-06-30,24.0
ID308,1982-09-30,44.0
ID308,1982-12-31,44.0
ID308,1983-03-31,36.0
ID308,1983-06-30,24.0
ID308,1983-09-30,16.0
ID308,1983-12-31,36.0
ID308,1984-03-31,68.0
ID308,1984-06-30,28.0
ID308,1984-09-30,24.0
ID308,1984-12-31,44.0
ID308,1985-03-31,44.0
ID308,1985-06-30,56.0
ID308,1985-09-30,36.0
ID308,1985-12-31,20.0
ID308,1986-03-31,40.0
ID308,1986-06-30,47.0
ID308,1986-09-30,20.0
ID308,1986-12-31,30.0
ID308,1987-03-31,66.0
ID308,1987-06-30,133.0
ID308,1987-09-30,48.0
ID308,1987-12-31,150.0
ID308,1988-03-31,311.0
ID308,1988-06-30,218.0
ID308,1988-09-30,251.0
ID308,1988-12-31,209.0
ID308,1989-03-31,153.0
ID308,1989-06-30,90.0
ID308,1989-09-30,119.0
ID308,1989-12-31,158.0
ID308,1990-03-31,216.0
ID308,1990-06-30,234.0
ID308,1990-09-30,203.0
ID308,1990-12-31,202.0
ID308,1991-03-31,200.0
ID308,1991-06-30,352.0
ID308,1991-09-30,522.0
ID308,1991-12-31,136.0
ID308,1992-03-31,321.0
ID308,1992-06-30,200.0
ID308,1992-09-30,252.0
ID308,1992-12-31,245.0
ID308,1993-03-31,516.0
ID308,1993-06-30,453.0
ID308,1993-09-30,248.0
ID308,1993-12-31,264.0
ID308,1994-03-31,703.0
ID308,1994-06-30,872.0
ID308,1994-09-30,741.0
ID308,1994-12-31,829.0
ID308,1995-03-31,953.0
ID308,1995-06-30,1319.0
ID308,1995-09-30,461.0
ID308,1995-12-31,661.0
ID308,1996-03-31,1028.0
ID308,1996-06-30,1103.0
ID308,1996-09-30,848.0
ID308,1996-12-31,652.0
ID308,1997-03-31,816.0
ID308,1997-06-30,1206.0
ID308,1997-09-30,448.0
ID308,1997-12-31,437.0
ID308,1998-03-31,452.0
ID308,1998-06-30,419.0
ID308,1998-09-30,360.0
ID308,1998-12-31,437.0
ID308,1999-03-31,686.0
ID308,1999-06-30,921.0
ID308,1999-09-30,664.0
ID308,1999-12-31,1076.0
ID308,2000-03-31,941.0
ID308,2000-06-30,1134.0
ID308,2000-09-30,741.0
ID308,2000-12-31,1242.0
ID308,2001-03-31,804.0
ID308,2001-06-30,1654.0
ID308,2001-09-30,694.0
ID308,2001-12-31,773.0
ID308,2002-03-31,1495.0
ID308,2002-06-30,2240.0
ID308,2002-09-30,822.0
ID308,2002-12-31,1128.0
ID308,2003-03-31,1436.0
ID308,2003-06-30,733.0
ID308,2003-09-30,894.0
ID309,1980-03-31,124.0
ID309,1980-06-30,136.0
ID309,1980-09-30,113.0
ID309,1980-12-31,264.0
ID309,1981-03-31,212.0
ID309,1981-06-30,228.0
ID309,1981-09-30,172.0
ID309,1981-12-31,248.0
ID309,1982-03-31,164.0
ID309,1982-06-30,172.0
ID309,1982-09-30,156.0
ID309,1982-12-31,216.0
ID309,1983-03-31,224.0
ID309,1983-06-30,204.0
ID309,1983-09-30,144.0
ID309,1983-12-31,276.0
ID309,1984-03-31,384.0
ID309,1984-06-30,240.0
ID309,1984-09-30,112.0
ID309,1984-12-31,428.0
ID309,1985-03-31,296.0
ID309,1985-06-30,292.0
ID309,1985-09-30,216.0
ID309,1985-12-31,320.0
ID309,1986-03-31,388.0
ID309,1986-06-30,439.0
ID309,1986-09-30,220.0
ID309,1986-12-31,624.0
ID309,1987-03-31,402.0
ID309,1987-06-30,520.0
ID309,1987-09-30,336.0
ID309,1987-12-31,848.0
ID309,1988-03-31,786.0
ID309,1988-06-30,1170.0
ID309,1988-09-30,683.0
ID309,1988-12-31,1012.0
ID309,1989-03-31,837.0
ID309,1989-06-30,1026.0
ID309,1989-09-30,545.0
ID309,1989-12-31,1419.0
ID309,1990-03-31,926.0
ID309,1990-06-30,1647.0
ID309,1990-09-30,968.0
ID309,1990-12-31,2027.0
ID309,1991-03-31,1338.0
ID309,1991-06-30,1878.0
ID309,1991-09-30,1490.0
ID309,1991-12-31,2191.0
ID309,1992-03-31,1712.0
ID309,1992-06-30,2960.0
ID309,1992-09-30,2097.0
ID309,1992-12-31,3136.0
ID309,1993-03-31,3060.0
ID309,1993-06-30,5192.0
ID309,1993-09-30,2432.0
ID309,1993-12-31,5743.0
ID309,1994-03-31,4492.0
ID309,1994-06-30,8508.0
ID309,1994-09-30,4214.0
ID309,1994-12-31,7867.0
ID309,1995-03-31,5575.0
ID309,1995-06-30,11071.0
ID309,1995-09-30,4055.0
ID309,1995-12-31,7063.0
ID309,1996-03-31,5672.0
ID309,1996-06-30,9872.0
ID309,1996-09-30,6640.0
ID309,1996-12-31,8983.0
ID309,1997-03-31,5794.0
ID309,1997-06-30,10276.0
ID309,1997-09-30,2611.0
ID309,1997-12-31,3354.0
ID309,1998-03-31,2610.0
ID309,1998-06-30,3786.0
ID309,1998-09-30,2604.0
ID309,1998-12-31,5341.0
ID309,1999-03-31,3707.0
ID309,1999-06-30,8443.0
ID309,1999-09-30,3886.0
ID309,1999-12-31,7210.0
ID309,2000-03-31,4459.0
ID309,2000-06-30,9720.0
ID309,2000-09-30,4546.0
ID309,2000-12-31,7968.0
ID309,2001-03-31,3854.0
ID309,2001-06-30,8620.0
ID309,2001-09-30,3149.0
ID309,2001-12-31,5191.0
ID309,2002-03-31,5217.0
ID309,2002-06-30,9182.0
ID309,2002-09-30,4483.0
ID309,2002-12-31,5950.0
ID309,2003-03-31,4700.0
ID309,2003-06-30,4349.0
ID309,2003-09-30,3694.0
ID31,1976-03-31,47.0
ID31,1976-06-30,34.0
ID31,1976-09-30,48.0
ID31,1976-12-31,42.0
ID31,1977-03-31,48.0
ID31,1977-06-30,49.0
ID31,1977-09-30,52.0
ID31,1977-12-31,50.0
ID31,1978-03-31,47.0
ID31,1978-06-30,45.0
ID31,1978-09-30,61.0
ID31,1978-12-31,64.0
ID31,1979-03-31,64.0
ID31,1979-06-30,57.0
ID31,1979-09-30,75.0
ID31,1979-12-31,61.0
ID31,1980-03-31,56.0
ID31,1980-06-30,55.0
ID31,1980-09-30,67.0
ID31,1980-12-31,57.0
ID31,1981-03-31,56.0
ID31,1981-06-30,52.0
ID31,1981-09-30,75.0
ID31,1981-12-31,70.0
ID31,1982-03-31,62.0
ID31,1982-06-30,62.0
ID31,1982-09-30,74.0
ID31,1982-12-31,66.0
ID31,1983-03-31,64.0
ID31,1983-06-30,61.0
ID31,1983-09-30,74.0
ID31,1983-12-31,65.0
ID31,1984-03-31,67.0
ID31,1984-06-30,72.0
ID31,1984-09-30,86.0
ID31,1984-12-31,78.0
ID31,1985-03-31,78.0
ID31,1985-06-30,85.0
ID31,1985-09-30,93.0
ID31,1985-12-31,81.0
ID31,1986-03-31,82.0
ID31,1986-06-30,82.0
ID31,1986-09-30,97.0
ID31,1986-12-31,95.0
ID31,1987-03-31,98.0
ID31,1987-06-30,105.0
ID31,1987-09-30,135.0
ID31,1987-12-31,121.0
ID31,1988-03-31,125.0
ID31,1988-06-30,128.0
ID31,1988-09-30,153.0
ID31,1988-12-31,143.0
ID31,1989-03-31,154.0
ID31,1989-06-30,156.0
ID31,1989-09-30,196.0
ID31,1989-12-31,193.0
ID31,1990-03-31,193.0
ID31,1990-06-30,190.0
ID31,1990-09-30,230.0
ID31,1990-12-31,209.0
ID31,1991-03-31,130.0
ID31,1991-06-30,178.0
ID31,1991-09-30,268.0
ID31,1991-12-31,244.0
ID31,1992-03-31,265.0
ID31,1992-06-30,230.0
ID31,1992-09-30,288.0
ID31,1992-12-31,252.0
ID31,1993-03-31,276.0
ID31,1993-06-30,210.0
ID31,1993-09-30,284.0
ID31,1993-12-31,260.0
ID31,1994-03-31,302.0
ID31,1994-06-30,258.0
ID31,1994-09-30,334.0
ID31,1994-12-31,293.0
ID31,1995-03-31,312.0
ID31,1995-06-30,279.0
ID31,1995-09-30,338.0
ID31,1995-12-31,312.0
ID31,1996-03-31,347.0
ID31,1996-06-30,298.0
ID31,1996-09-30,369.0
ID31,1996-12-31,334.0
ID31,1997-03-31,364.0
ID31,1997-06-30,337.0
ID31,1997-09-30,413.0
ID31,1997-12-31,348.0
ID31,1998-03-31,344.0
ID31,1998-06-30,346.0
ID31,1998-09-30,427.0
ID31,1998-12-31,322.0
ID31,1999-03-31,313.0
ID31,1999-06-30,307.0
ID31,1999-09-30,387.0
ID31,1999-12-31,318.0
ID31,2000-03-31,311.0
ID31,2000-06-30,353.0
ID31,2000-09-30,421.0
ID31,2000-12-31,330.0
ID31,2001-03-31,294.0
ID31,2001-06-30,302.0
ID31,2001-09-30,339.0
ID31,2001-12-31,196.0
ID31,2002-03-31,264.0
ID31,2002-06-30,302.0
ID310,1980-03-31,184.0
ID310,1980-06-30,368.0
ID310,1980-09-30,220.0
ID310,1980-12-31,340.0
ID310,1981-03-31,184.0
ID310,1981-06-30,248.0
ID310,1981-09-30,257.0
ID310,1981-12-31,456.0
ID310,1982-03-31,220.0
ID310,1982-06-30,244.0
ID310,1982-09-30,193.0
ID310,1982-12-31,500.0
ID310,1983-03-31,256.0
ID310,1983-06-30,172.0
ID310,1983-09-30,232.0
ID310,1983-12-31,432.0
ID310,1984-03-31,236.0
ID310,1984-06-30,224.0
ID310,1984-09-30,164.0
ID310,1984-12-31,596.0
ID310,1985-03-31,268.0
ID310,1985-06-30,256.0
ID310,1985-09-30,168.0
ID310,1985-12-31,732.0
ID310,1986-03-31,300.0
ID310,1986-06-30,338.0
ID310,1986-09-30,165.0
ID310,1986-12-31,1092.0
ID310,1987-03-31,378.0
ID310,1987-06-30,469.0
ID310,1987-09-30,168.0
ID310,1987-12-31,1145.0
ID310,1988-03-31,388.0
ID310,1988-06-30,1216.0
ID310,1988-09-30,575.0
ID310,1988-12-31,1221.0
ID310,1989-03-31,396.0
ID310,1989-06-30,594.0
ID310,1989-09-30,383.0
ID310,1989-12-31,1448.0
ID310,1990-03-31,694.0
ID310,1990-06-30,792.0
ID310,1990-09-30,453.0
ID310,1990-12-31,1816.0
ID310,1991-03-31,454.0
ID310,1991-06-30,1073.0
ID310,1991-09-30,548.0
ID310,1991-12-31,1943.0
ID310,1992-03-31,573.0
ID310,1992-06-30,1200.0
ID310,1992-09-30,628.0
ID310,1992-12-31,2762.0
ID310,1993-03-31,2076.0
ID310,1993-06-30,1211.0
ID310,1993-09-30,985.0
ID310,1993-12-31,3326.0
ID310,1994-03-31,2972.0
ID310,1994-06-30,1294.0
ID310,1994-09-30,1269.0
ID310,1994-12-31,3641.0
ID310,1995-03-31,3117.0
ID310,1995-06-30,1296.0
ID310,1995-09-30,1371.0
ID310,1995-12-31,3784.0
ID310,1996-03-31,3159.0
ID310,1996-06-30,1521.0
ID310,1996-09-30,896.0
ID310,1996-12-31,3834.0
ID310,1997-03-31,3670.0
ID310,1997-06-30,1396.0
ID310,1997-09-30,1273.0
ID310,1997-12-31,1846.0
ID310,1998-03-31,756.0
ID310,1998-06-30,681.0
ID310,1998-09-30,828.0
ID310,1998-12-31,1220.0
ID310,1999-03-31,1211.0
ID310,1999-06-30,527.0
ID310,1999-09-30,391.0
ID310,1999-12-31,988.0
ID310,2000-03-31,1434.0
ID310,2000-06-30,710.0
ID310,2000-09-30,619.0
ID310,2000-12-31,3237.0
ID310,2001-03-31,844.0
ID310,2001-06-30,744.0
ID310,2001-09-30,674.0
ID310,2001-12-31,3772.0
ID310,2002-03-31,598.0
ID310,2002-06-30,781.0
ID310,2002-09-30,724.0
ID310,2002-12-31,2874.0
ID310,2003-03-31,606.0
ID310,2003-06-30,638.0
ID310,2003-09-30,871.0
ID311,1980-03-31,56.0
ID311,1980-06-30,20.0
ID311,1980-09-30,48.0
ID311,1980-12-31,72.0
ID311,1981-03-31,60.0
ID311,1981-06-30,72.0
ID311,1981-09-30,32.0
ID311,1981-12-31,32.0
ID311,1982-03-31,36.0
ID311,1982-06-30,60.0
ID311,1982-09-30,60.0
ID311,1982-12-31,116.0
ID311,1983-03-31,56.0
ID311,1983-06-30,52.0
ID311,1983-09-30,40.0
ID311,1983-12-31,60.0
ID311,1984-03-31,68.0
ID311,1984-06-30,56.0
ID311,1984-09-30,52.0
ID311,1984-12-31,76.0
ID311,1985-03-31,52.0
ID311,1985-06-30,85.0
ID311,1985-09-30,64.0
ID311,1985-12-31,68.0
ID311,1986-03-31,56.0
ID311,1986-06-30,65.0
ID311,1986-09-30,60.0
ID311,1986-12-31,72.0
ID311,1987-03-31,78.0
ID311,1987-06-30,88.0
ID311,1987-09-30,56.0
ID311,1987-12-31,71.0
ID311,1988-03-31,56.0
ID311,1988-06-30,93.0
ID311,1988-09-30,85.0
ID311,1988-12-31,176.0
ID311,1989-03-31,80.0
ID311,1989-06-30,117.0
ID311,1989-09-30,75.0
ID311,1989-12-31,277.0
ID311,1990-03-31,92.0
ID311,1990-06-30,99.0
ID311,1990-09-30,163.0
ID311,1990-12-31,188.0
ID311,1991-03-31,156.0
ID311,1991-06-30,125.0
ID311,1991-09-30,193.0
ID311,1991-12-31,141.0
ID311,1992-03-31,123.0
ID311,1992-06-30,160.0
ID311,1992-09-30,123.0
ID311,1992-12-31,215.0
ID311,1993-03-31,180.0
ID311,1993-06-30,184.0
ID311,1993-09-30,193.0
ID311,1993-12-31,395.0
ID311,1994-03-31,297.0
ID311,1994-06-30,214.0
ID311,1994-09-30,196.0
ID311,1994-12-31,424.0
ID311,1995-03-31,320.0
ID311,1995-06-30,324.0
ID311,1995-09-30,177.0
ID311,1995-12-31,279.0
ID311,1996-03-31,438.0
ID311,1996-06-30,296.0
ID311,1996-09-30,272.0
ID311,1996-12-31,418.0
ID311,1997-03-31,375.0
ID311,1997-06-30,374.0
ID311,1997-09-30,334.0
ID311,1997-12-31,552.0
ID311,1998-03-31,294.0
ID311,1998-06-30,341.0
ID311,1998-09-30,528.0
ID311,1998-12-31,555.0
ID311,1999-03-31,411.0
ID311,1999-06-30,324.0
ID311,1999-09-30,252.0
ID311,1999-12-31,546.0
ID311,2000-03-31,406.0
ID311,2000-06-30,160.0
ID311,2000-09-30,326.0
ID311,2000-12-31,598.0
ID311,2001-03-31,358.0
ID311,2001-06-30,353.0
ID311,2001-09-30,282.0
ID311,2001-12-31,811.0
ID311,2002-03-31,374.0
ID311,2002-06-30,289.0
ID311,2002-09-30,371.0
ID311,2002-12-31,546.0
ID311,2003-03-31,277.0
ID311,2003-06-30,403.0
ID311,2003-09-30,403.0
ID312,1980-03-31,60.0
ID312,1980-06-30,40.0
ID312,1980-09-30,44.0
ID312,1980-12-31,40.0
ID312,1981-03-31,64.0
ID312,1981-06-30,41.0
ID312,1981-09-30,24.0
ID312,1981-12-31,48.0
ID312,1982-03-31,44.0
ID312,1982-06-30,52.0
ID312,1982-09-30,12.0
ID312,1982-12-31,16.0
ID312,1983-03-31,40.0
ID312,1983-06-30,24.0
ID312,1983-09-30,24.0
ID312,1983-12-31,36.0
ID312,1984-03-31,44.0
ID312,1984-06-30,16.0
ID312,1984-09-30,32.0
ID312,1984-12-31,64.0
ID312,1985-03-31,44.0
ID312,1985-06-30,60.0
ID312,1985-09-30,36.0
ID312,1985-12-31,36.0
ID312,1986-03-31,60.0
ID312,1986-06-30,83.0
ID312,1986-09-30,25.0
ID312,1986-12-31,36.0
ID312,1987-03-31,66.0
ID312,1987-06-30,20.0
ID312,1987-09-30,16.0
ID312,1987-12-31,28.0
ID312,1988-03-31,49.0
ID312,1988-06-30,65.0
ID312,1988-09-30,47.0
ID312,1988-12-31,88.0
ID312,1989-03-31,103.0
ID312,1989-06-30,36.0
ID312,1989-09-30,44.0
ID312,1989-12-31,129.0
ID312,1990-03-31,42.0
ID312,1990-06-30,99.0
ID312,1990-09-30,62.0
ID312,1990-12-31,100.0
ID312,1991-03-31,64.0
ID312,1991-06-30,125.0
ID312,1991-09-30,54.0
ID312,1991-12-31,67.0
ID312,1992-03-31,87.0
ID312,1992-06-30,130.0
ID312,1992-09-30,90.0
ID312,1992-12-31,153.0
ID312,1993-03-31,96.0
ID312,1993-06-30,93.0
ID312,1993-09-30,81.0
ID312,1993-12-31,75.0
ID312,1994-03-31,91.0
ID312,1994-06-30,136.0
ID312,1994-09-30,61.0
ID312,1994-12-31,84.0
ID312,1995-03-31,153.0
ID312,1995-06-30,138.0
ID312,1995-09-30,123.0
ID312,1995-12-31,151.0
ID312,1996-03-31,196.0
ID312,1996-06-30,100.0
ID312,1996-09-30,96.0
ID312,1996-12-31,139.0
ID312,1997-03-31,155.0
ID312,1997-06-30,132.0
ID312,1997-09-30,151.0
ID312,1997-12-31,234.0
ID312,1998-03-31,117.0
ID312,1998-06-30,139.0
ID312,1998-09-30,144.0
ID312,1998-12-31,97.0
ID312,1999-03-31,152.0
ID312,1999-06-30,138.0
ID312,1999-09-30,108.0
ID312,1999-12-31,76.0
ID312,2000-03-31,152.0
ID312,2000-06-30,167.0
ID312,2000-09-30,190.0
ID312,2000-12-31,131.0
ID312,2001-03-31,125.0
ID312,2001-06-30,228.0
ID312,2001-09-30,156.0
ID312,2001-12-31,64.0
ID312,2002-03-31,77.0
ID312,2002-06-30,192.0
ID312,2002-09-30,94.0
ID312,2002-12-31,186.0
ID312,2003-03-31,193.0
ID312,2003-06-30,137.0
ID312,2003-09-30,104.0
ID313,1980-03-31,72.0
ID313,1980-06-30,48.0
ID313,1980-09-30,44.0
ID313,1980-12-31,40.0
ID313,1981-03-31,116.0
ID313,1981-06-30,52.0
ID313,1981-09-30,64.0
ID313,1981-12-31,44.0
ID313,1982-03-31,80.0
ID313,1982-06-30,32.0
ID313,1982-09-30,40.0
ID313,1982-12-31,48.0
ID313,1983-03-31,60.0
ID313,1983-06-30,32.0
ID313,1983-09-30,48.0
ID313,1983-12-31,72.0
ID313,1984-03-31,68.0
ID313,1984-06-30,48.0
ID313,1984-09-30,44.0
ID313,1984-12-31,52.0
ID313,1985-03-31,36.0
ID313,1985-06-30,48.0
ID313,1985-09-30,52.0
ID313,1985-12-31,36.0
ID313,1986-03-31,80.0
ID313,1986-06-30,32.0
ID313,1986-09-30,45.0
ID313,1986-12-31,78.0
ID313,1987-03-31,102.0
ID313,1987-06-30,74.0
ID313,1987-09-30,16.0
ID313,1987-12-31,74.0
ID313,1988-03-31,114.0
ID313,1988-06-30,71.0
ID313,1988-09-30,48.0
ID313,1988-12-31,165.0
ID313,1989-03-31,141.0
ID313,1989-06-30,45.0
ID313,1989-09-30,108.0
ID313,1989-12-31,148.0
ID313,1990-03-31,58.0
ID313,1990-06-30,153.0
ID313,1990-09-30,96.0
ID313,1990-12-31,67.0
ID313,1991-03-31,136.0
ID313,1991-06-30,192.0
ID313,1991-09-30,62.0
ID313,1991-12-31,325.0
ID313,1992-03-31,286.0
ID313,1992-06-30,190.0
ID313,1992-09-30,213.0
ID313,1992-12-31,271.0
ID313,1993-03-31,300.0
ID313,1993-06-30,155.0
ID313,1993-09-30,164.0
ID313,1993-12-31,206.0
ID313,1994-03-31,356.0
ID313,1994-06-30,342.0
ID313,1994-09-30,185.0
ID313,1994-12-31,316.0
ID313,1995-03-31,352.0
ID313,1995-06-30,511.0
ID313,1995-09-30,303.0
ID313,1995-12-31,535.0
ID313,1996-03-31,407.0
ID313,1996-06-30,300.0
ID313,1996-09-30,416.0
ID313,1996-12-31,332.0
ID313,1997-03-31,564.0
ID313,1997-06-30,326.0
ID313,1997-09-30,400.0
ID313,1997-12-31,245.0
ID313,1998-03-31,318.0
ID313,1998-06-30,183.0
ID313,1998-09-30,168.0
ID313,1998-12-31,212.0
ID313,1999-03-31,246.0
ID313,1999-06-30,334.0
ID313,1999-09-30,291.0
ID313,1999-12-31,212.0
ID313,2000-03-31,143.0
ID313,2000-06-30,287.0
ID313,2000-09-30,210.0
ID313,2000-12-31,277.0
ID313,2001-03-31,358.0
ID313,2001-06-30,293.0
ID313,2001-09-30,254.0
ID313,2001-12-31,338.0
ID313,2002-03-31,380.0
ID313,2002-06-30,193.0
ID313,2002-09-30,267.0
ID313,2002-12-31,302.0
ID313,2003-03-31,332.0
ID313,2003-06-30,281.0
ID313,2003-09-30,271.0
ID314,1980-03-31,372.0
ID314,1980-06-30,476.0
ID314,1980-09-30,356.0
ID314,1980-12-31,492.0
ID314,1981-03-31,424.0
ID314,1981-06-30,413.0
ID314,1981-09-30,377.0
ID314,1981-12-31,580.0
ID314,1982-03-31,380.0
ID314,1982-06-30,388.0
ID314,1982-09-30,305.0
ID314,1982-12-31,680.0
ID314,1983-03-31,412.0
ID314,1983-06-30,280.0
ID314,1983-09-30,344.0
ID314,1983-12-31,600.0
ID314,1984-03-31,416.0
ID314,1984-06-30,344.0
ID314,1984-09-30,292.0
ID314,1984-12-31,788.0
ID314,1985-03-31,400.0
ID314,1985-06-30,449.0
ID314,1985-09-30,320.0
ID314,1985-12-31,872.0
ID314,1986-03-31,496.0
ID314,1986-06-30,518.0
ID314,1986-09-30,295.0
ID314,1986-12-31,1278.0
ID314,1987-03-31,624.0
ID314,1987-06-30,651.0
ID314,1987-09-30,256.0
ID314,1987-12-31,1318.0
ID314,1988-03-31,607.0
ID314,1988-06-30,1445.0
ID314,1988-09-30,755.0
ID314,1988-12-31,1650.0
ID314,1989-03-31,720.0
ID314,1989-06-30,792.0
ID314,1989-09-30,610.0
ID314,1989-12-31,2002.0
ID314,1990-03-31,886.0
ID314,1990-06-30,1143.0
ID314,1990-09-30,774.0
ID314,1990-12-31,2171.0
ID314,1991-03-31,810.0
ID314,1991-06-30,1515.0
ID314,1991-09-30,857.0
ID314,1991-12-31,2476.0
ID314,1992-03-31,1069.0
ID314,1992-06-30,1680.0
ID314,1992-09-30,1054.0
ID314,1992-12-31,3401.0
ID314,1993-03-31,2652.0
ID314,1993-06-30,1643.0
ID314,1993-09-30,1423.0
ID314,1993-12-31,4002.0
ID314,1994-03-31,3716.0
ID314,1994-06-30,1986.0
ID314,1994-09-30,1711.0
ID314,1994-12-31,4465.0
ID314,1995-03-31,3942.0
ID314,1995-06-30,2269.0
ID314,1995-09-30,1974.0
ID314,1995-12-31,4749.0
ID314,1996-03-31,4200.0
ID314,1996-06-30,2217.0
ID314,1996-09-30,1680.0
ID314,1996-12-31,4723.0
ID314,1997-03-31,4764.0
ID314,1997-06-30,2228.0
ID314,1997-09-30,2158.0
ID314,1997-12-31,2877.0
ID314,1998-03-31,1485.0
ID314,1998-06-30,1344.0
ID314,1998-09-30,1668.0
ID314,1998-12-31,2084.0
ID314,1999-03-31,2020.0
ID314,1999-06-30,1323.0
ID314,1999-09-30,1042.0
ID314,1999-12-31,1822.0
ID314,2000-03-31,2135.0
ID314,2000-06-30,1324.0
ID314,2000-09-30,1345.0
ID314,2000-12-31,4243.0
ID314,2001-03-31,1685.0
ID314,2001-06-30,1618.0
ID314,2001-09-30,1366.0
ID314,2001-12-31,4985.0
ID314,2002-03-31,1429.0
ID314,2002-06-30,1455.0
ID314,2002-09-30,1456.0
ID314,2002-12-31,3908.0
ID314,2003-03-31,1408.0
ID314,2003-06-30,1459.0
ID314,2003-09-30,1649.0
ID315,1980-03-31,52.0
ID315,1980-06-30,52.0
ID315,1980-09-30,36.0
ID315,1980-12-31,36.0
ID315,1981-03-31,24.0
ID315,1981-06-30,29.0
ID315,1981-09-30,48.0
ID315,1981-12-31,84.0
ID315,1982-03-31,24.0
ID315,1982-06-30,36.0
ID315,1982-09-30,16.0
ID315,1982-12-31,20.0
ID315,1983-03-31,44.0
ID315,1983-06-30,40.0
ID315,1983-09-30,36.0
ID315,1983-12-31,64.0
ID315,1984-03-31,48.0
ID315,1984-06-30,44.0
ID315,1984-09-30,4.0
ID315,1984-12-31,28.0
ID315,1985-03-31,76.0
ID315,1985-06-30,68.0
ID315,1985-09-30,28.0
ID315,1985-12-31,88.0
ID315,1986-03-31,84.0
ID315,1986-06-30,112.0
ID315,1986-09-30,65.0
ID315,1986-12-31,120.0
ID315,1987-03-31,114.0
ID315,1987-06-30,152.0
ID315,1987-09-30,144.0
ID315,1987-12-31,72.0
ID315,1988-03-31,109.0
ID315,1988-06-30,162.0
ID315,1988-09-30,137.0
ID315,1988-12-31,176.0
ID315,1989-03-31,179.0
ID315,1989-06-30,198.0
ID315,1989-09-30,180.0
ID315,1989-12-31,216.0
ID315,1990-03-31,154.0
ID315,1990-06-30,153.0
ID315,1990-09-30,21.0
ID315,1990-12-31,111.0
ID315,1991-03-31,72.0
ID315,1991-06-30,264.0
ID315,1991-09-30,74.0
ID315,1991-12-31,159.0
ID315,1992-03-31,188.0
ID315,1992-06-30,280.0
ID315,1992-09-30,44.0
ID315,1992-12-31,128.0
ID315,1993-03-31,120.0
ID315,1993-06-30,287.0
ID315,1993-09-30,56.0
ID315,1993-12-31,155.0
ID315,1994-03-31,156.0
ID315,1994-06-30,318.0
ID315,1994-09-30,152.0
ID315,1994-12-31,288.0
ID315,1995-03-31,215.0
ID315,1995-06-30,292.0
ID315,1995-09-30,195.0
ID315,1995-12-31,491.0
ID315,1996-03-31,244.0
ID315,1996-06-30,798.0
ID315,1996-09-30,320.0
ID315,1996-12-31,555.0
ID315,1997-03-31,424.0
ID315,1997-06-30,811.0
ID315,1997-09-30,199.0
ID315,1997-12-31,683.0
ID315,1998-03-31,359.0
ID315,1998-06-30,1171.0
ID315,1998-09-30,276.0
ID315,1998-12-31,677.0
ID315,1999-03-31,534.0
ID315,1999-06-30,1303.0
ID315,1999-09-30,449.0
ID315,1999-12-31,812.0
ID315,2000-03-31,583.0
ID315,2000-06-30,2006.0
ID315,2000-09-30,512.0
ID315,2000-12-31,1260.0
ID315,2001-03-31,858.0
ID315,2001-06-30,2842.0
ID315,2001-09-30,803.0
ID315,2001-12-31,1748.0
ID315,2002-03-31,1404.0
ID315,2002-06-30,3848.0
ID315,2002-09-30,1147.0
ID315,2002-12-31,2158.0
ID315,2003-03-31,1399.0
ID315,2003-06-30,2263.0
ID315,2003-09-30,1149.0
ID316,1980-03-31,20.0
ID316,1980-06-30,28.0
ID316,1980-09-30,12.0
ID316,1980-12-31,44.0
ID316,1981-03-31,72.0
ID316,1981-06-30,20.0
ID316,1981-09-30,36.0
ID316,1981-12-31,52.0
ID316,1982-03-31,44.0
ID316,1982-06-30,24.0
ID316,1982-09-30,16.0
ID316,1982-12-31,40.0
ID316,1983-03-31,40.0
ID316,1983-06-30,28.0
ID316,1983-09-30,12.0
ID316,1983-12-31,80.0
ID316,1984-03-31,60.0
ID316,1984-06-30,32.0
ID316,1984-09-30,56.0
ID316,1984-12-31,68.0
ID316,1985-03-31,56.0
ID316,1985-06-30,60.0
ID316,1985-09-30,36.0
ID316,1985-12-31,76.0
ID316,1986-03-31,84.0
ID316,1986-06-30,96.0
ID316,1986-09-30,90.0
ID316,1986-12-31,186.0
ID316,1987-03-31,90.0
ID316,1987-06-30,141.0
ID316,1987-09-30,160.0
ID316,1987-12-31,196.0
ID316,1988-03-31,127.0
ID316,1988-06-30,244.0
ID316,1988-09-30,214.0
ID316,1988-12-31,308.0
ID316,1989-03-31,440.0
ID316,1989-06-30,459.0
ID316,1989-09-30,492.0
ID316,1989-12-31,339.0
ID316,1990-03-31,338.0
ID316,1990-06-30,171.0
ID316,1990-09-30,97.0
ID316,1990-12-31,105.0
ID316,1991-03-31,104.0
ID316,1991-06-30,69.0
ID316,1991-09-30,94.0
ID316,1991-12-31,147.0
ID316,1992-03-31,118.0
ID316,1992-06-30,100.0
ID316,1992-09-30,91.0
ID316,1992-12-31,268.0
ID316,1993-03-31,72.0
ID316,1993-06-30,138.0
ID316,1993-09-30,82.0
ID316,1993-12-31,107.0
ID316,1994-03-31,181.0
ID316,1994-06-30,96.0
ID316,1994-09-30,113.0
ID316,1994-12-31,117.0
ID316,1995-03-31,152.0
ID316,1995-06-30,274.0
ID316,1995-09-30,109.0
ID316,1995-12-31,265.0
ID316,1996-03-31,248.0
ID316,1996-06-30,194.0
ID316,1996-09-30,208.0
ID316,1996-12-31,242.0
ID316,1997-03-31,197.0
ID316,1997-06-30,281.0
ID316,1997-09-30,189.0
ID316,1997-12-31,445.0
ID316,1998-03-31,215.0
ID316,1998-06-30,252.0
ID316,1998-09-30,228.0
ID316,1998-12-31,445.0
ID316,1999-03-31,317.0
ID316,1999-06-30,336.0
ID316,1999-09-30,318.0
ID316,1999-12-31,554.0
ID316,2000-03-31,421.0
ID316,2000-06-30,530.0
ID316,2000-09-30,413.0
ID316,2000-12-31,575.0
ID316,2001-03-31,670.0
ID316,2001-06-30,823.0
ID316,2001-09-30,622.0
ID316,2001-12-31,812.0
ID316,2002-03-31,882.0
ID316,2002-06-30,1118.0
ID316,2002-09-30,965.0
ID316,2002-12-31,1306.0
ID316,2003-03-31,1029.0
ID316,2003-06-30,1031.0
ID316,2003-09-30,1161.0
ID317,1980-03-31,24.0
ID317,1980-06-30,28.0
ID317,1980-09-30,20.0
ID317,1980-12-31,24.0
ID317,1981-03-31,28.0
ID317,1981-06-30,20.0
ID317,1981-09-30,40.0
ID317,1981-12-31,52.0
ID317,1982-03-31,48.0
ID317,1982-06-30,44.0
ID317,1982-09-30,16.0
ID317,1982-12-31,16.0
ID317,1983-03-31,40.0
ID317,1983-06-30,28.0
ID317,1983-09-30,24.0
ID317,1983-12-31,20.0
ID317,1984-03-31,64.0
ID317,1984-06-30,48.0
ID317,1984-09-30,28.0
ID317,1984-12-31,36.0
ID317,1985-03-31,60.0
ID317,1985-06-30,52.0
ID317,1985-09-30,44.0
ID317,1985-12-31,16.0
ID317,1986-03-31,60.0
ID317,1986-06-30,58.0
ID317,1986-09-30,45.0
ID317,1986-12-31,72.0
ID317,1987-03-31,24.0
ID317,1987-06-30,50.0
ID317,1987-09-30,64.0
ID317,1987-12-31,95.0
ID317,1988-03-31,47.0
ID317,1988-06-30,60.0
ID317,1988-09-30,87.0
ID317,1988-12-31,44.0
ID317,1989-03-31,63.0
ID317,1989-06-30,72.0
ID317,1989-09-30,41.0
ID317,1989-12-31,75.0
ID317,1990-03-31,112.0
ID317,1990-06-30,72.0
ID317,1990-09-30,99.0
ID317,1990-12-31,115.0
ID317,1991-03-31,82.0
ID317,1991-06-30,103.0
ID317,1991-09-30,44.0
ID317,1991-12-31,0.0
ID317,1992-03-31,43.0
ID317,1992-06-30,90.0
ID317,1992-09-30,113.0
ID317,1992-12-31,84.0
ID317,1993-03-31,84.0
ID317,1993-06-30,11.0
ID317,1993-09-30,46.0
ID317,1993-12-31,101.0
ID317,1994-03-31,105.0
ID317,1994-06-30,112.0
ID317,1994-09-30,127.0
ID317,1994-12-31,155.0
ID317,1995-03-31,106.0
ID317,1995-06-30,118.0
ID317,1995-09-30,164.0
ID317,1995-12-31,122.0
ID317,1996-03-31,195.0
ID317,1996-06-30,183.0
ID317,1996-09-30,176.0
ID317,1996-12-31,70.0
ID317,1997-03-31,189.0
ID317,1997-06-30,135.0
ID317,1997-09-30,193.0
ID317,1997-12-31,174.0
ID317,1998-03-31,177.0
ID317,1998-06-30,153.0
ID317,1998-09-30,120.0
ID317,1998-12-31,147.0
ID317,1999-03-31,168.0
ID317,1999-06-30,204.0
ID317,1999-09-30,279.0
ID317,1999-12-31,260.0
ID317,2000-03-31,154.0
ID317,2000-06-30,261.0
ID317,2000-09-30,158.0
ID317,2000-12-31,229.0
ID317,2001-03-31,278.0
ID317,2001-06-30,297.0
ID317,2001-09-30,214.0
ID317,2001-12-31,245.0
ID317,2002-03-31,270.0
ID317,2002-06-30,379.0
ID317,2002-09-30,188.0
ID317,2002-12-31,294.0
ID317,2003-03-31,259.0
ID317,2003-06-30,262.0
ID317,2003-09-30,305.0
ID318,1980-03-31,48.0
ID318,1980-06-30,52.0
ID318,1980-09-30,44.0
ID318,1980-12-31,48.0
ID318,1981-03-31,72.0
ID318,1981-06-30,44.0
ID318,1981-09-30,48.0
ID318,1981-12-31,36.0
ID318,1982-03-31,28.0
ID318,1982-06-30,48.0
ID318,1982-09-30,52.0
ID318,1982-12-31,28.0
ID318,1983-03-31,64.0
ID318,1983-06-30,28.0
ID318,1983-09-30,52.0
ID318,1983-12-31,36.0
ID318,1984-03-31,56.0
ID318,1984-06-30,36.0
ID318,1984-09-30,60.0
ID318,1984-12-31,56.0
ID318,1985-03-31,56.0
ID318,1985-06-30,96.0
ID318,1985-09-30,64.0
ID318,1985-12-31,44.0
ID318,1986-03-31,72.0
ID318,1986-06-30,58.0
ID318,1986-09-30,65.0
ID318,1986-12-31,120.0
ID318,1987-03-31,48.0
ID318,1987-06-30,105.0
ID318,1987-09-30,88.0
ID318,1987-12-31,60.0
ID318,1988-03-31,74.0
ID318,1988-06-30,93.0
ID318,1988-09-30,90.0
ID318,1988-12-31,66.0
ID318,1989-03-31,58.0
ID318,1989-06-30,63.0
ID318,1989-09-30,106.0
ID318,1989-12-31,97.0
ID318,1990-03-31,238.0
ID318,1990-06-30,162.0
ID318,1990-09-30,107.0
ID318,1990-12-31,135.0
ID318,1991-03-31,100.0
ID318,1991-06-30,31.0
ID318,1991-09-30,63.0
ID318,1991-12-31,89.0
ID318,1992-03-31,31.0
ID318,1992-06-30,80.0
ID318,1992-09-30,46.0
ID318,1992-12-31,106.0
ID318,1993-03-31,96.0
ID318,1993-06-30,95.0
ID318,1993-09-30,127.0
ID318,1993-12-31,88.0
ID318,1994-03-31,128.0
ID318,1994-06-30,170.0
ID318,1994-09-30,98.0
ID318,1994-12-31,57.0
ID318,1995-03-31,244.0
ID318,1995-06-30,203.0
ID318,1995-09-30,54.0
ID318,1995-12-31,198.0
ID318,1996-03-31,178.0
ID318,1996-06-30,225.0
ID318,1996-09-30,192.0
ID318,1996-12-31,241.0
ID318,1997-03-31,263.0
ID318,1997-06-30,115.0
ID318,1997-09-30,297.0
ID318,1997-12-31,169.0
ID318,1998-03-31,300.0
ID318,1998-06-30,313.0
ID318,1998-09-30,180.0
ID318,1998-12-31,302.0
ID318,1999-03-31,246.0
ID318,1999-06-30,214.0
ID318,1999-09-30,276.0
ID318,1999-12-31,332.0
ID318,2000-03-31,293.0
ID318,2000-06-30,252.0
ID318,2000-09-30,384.0
ID318,2000-12-31,296.0
ID318,2001-03-31,520.0
ID318,2001-06-30,693.0
ID318,2001-09-30,688.0
ID318,2001-12-31,552.0
ID318,2002-03-31,1056.0
ID318,2002-06-30,826.0
ID318,2002-09-30,607.0
ID318,2002-12-31,822.0
ID318,2003-03-31,611.0
ID318,2003-06-30,435.0
ID318,2003-09-30,487.0
ID319,1980-03-31,144.0
ID319,1980-06-30,160.0
ID319,1980-09-30,112.0
ID319,1980-12-31,152.0
ID319,1981-03-31,196.0
ID319,1981-06-30,113.0
ID319,1981-09-30,172.0
ID319,1981-12-31,224.0
ID319,1982-03-31,144.0
ID319,1982-06-30,152.0
ID319,1982-09-30,100.0
ID319,1982-12-31,104.0
ID319,1983-03-31,188.0
ID319,1983-06-30,124.0
ID319,1983-09-30,124.0
ID319,1983-12-31,200.0
ID319,1984-03-31,228.0
ID319,1984-06-30,160.0
ID319,1984-09-30,148.0
ID319,1984-12-31,188.0
ID319,1985-03-31,248.0
ID319,1985-06-30,276.0
ID319,1985-09-30,172.0
ID319,1985-12-31,224.0
ID319,1986-03-31,300.0
ID319,1986-06-30,324.0
ID319,1986-09-30,265.0
ID319,1986-12-31,498.0
ID319,1987-03-31,276.0
ID319,1987-06-30,448.0
ID319,1987-09-30,456.0
ID319,1987-12-31,423.0
ID319,1988-03-31,357.0
ID319,1988-06-30,559.0
ID319,1988-09-30,528.0
ID319,1988-12-31,594.0
ID319,1989-03-31,740.0
ID319,1989-06-30,792.0
ID319,1989-09-30,819.0
ID319,1989-12-31,727.0
ID319,1990-03-31,842.0
ID319,1990-06-30,558.0
ID319,1990-09-30,324.0
ID319,1990-12-31,466.0
ID319,1991-03-31,358.0
ID319,1991-06-30,467.0
ID319,1991-09-30,275.0
ID319,1991-12-31,395.0
ID319,1992-03-31,380.0
ID319,1992-06-30,550.0
ID319,1992-09-30,294.0
ID319,1992-12-31,586.0
ID319,1993-03-31,372.0
ID319,1993-06-30,531.0
ID319,1993-09-30,311.0
ID319,1993-12-31,451.0
ID319,1994-03-31,570.0
ID319,1994-06-30,696.0
ID319,1994-09-30,490.0
ID319,1994-12-31,617.0
ID319,1995-03-31,717.0
ID319,1995-06-30,887.0
ID319,1995-09-30,522.0
ID319,1995-12-31,1076.0
ID319,1996-03-31,865.0
ID319,1996-06-30,1400.0
ID319,1996-09-30,896.0
ID319,1996-12-31,1108.0
ID319,1997-03-31,1073.0
ID319,1997-06-30,1342.0
ID319,1997-09-30,878.0
ID319,1997-12-31,1471.0
ID319,1998-03-31,1051.0
ID319,1998-06-30,1889.0
ID319,1998-09-30,804.0
ID319,1998-12-31,1571.0
ID319,1999-03-31,1265.0
ID319,1999-06-30,2057.0
ID319,1999-09-30,1322.0
ID319,1999-12-31,1958.0
ID319,2000-03-31,1451.0
ID319,2000-06-30,3049.0
ID319,2000-09-30,1467.0
ID319,2000-12-31,2360.0
ID319,2001-03-31,2326.0
ID319,2001-06-30,4655.0
ID319,2001-09-30,2327.0
ID319,2001-12-31,3357.0
ID319,2002-03-31,3612.0
ID319,2002-06-30,6171.0
ID319,2002-09-30,2907.0
ID319,2002-12-31,4580.0
ID319,2003-03-31,3298.0
ID319,2003-06-30,3991.0
ID319,2003-09-30,3102.0
ID32,1976-03-31,72.0
ID32,1976-06-30,258.0
ID32,1976-09-30,401.0
ID32,1976-12-31,151.0
ID32,1977-03-31,87.0
ID32,1977-06-30,236.0
ID32,1977-09-30,407.0
ID32,1977-12-31,154.0
ID32,1978-03-31,93.0
ID32,1978-06-30,336.0
ID32,1978-09-30,526.0
ID32,1978-12-31,206.0
ID32,1979-03-31,110.0
ID32,1979-06-30,462.0
ID32,1979-09-30,725.0
ID32,1979-12-31,265.0
ID32,1980-03-31,119.0
ID32,1980-06-30,561.0
ID32,1980-09-30,876.0
ID32,1980-12-31,284.0
ID32,1981-03-31,104.0
ID32,1981-06-30,634.0
ID32,1981-09-30,1058.0
ID32,1981-12-31,299.0
ID32,1982-03-31,94.0
ID32,1982-06-30,664.0
ID32,1982-09-30,1096.0
ID32,1982-12-31,269.0
ID32,1983-03-31,88.0
ID32,1983-06-30,616.0
ID32,1983-09-30,1054.0
ID32,1983-12-31,249.0
ID32,1984-03-31,82.0
ID32,1984-06-30,689.0
ID32,1984-09-30,1171.0
ID32,1984-12-31,307.0
ID32,1985-03-31,95.0
ID32,1985-06-30,875.0
ID32,1985-09-30,1518.0
ID32,1985-12-31,387.0
ID32,1986-03-31,99.0
ID32,1986-06-30,1035.0
ID32,1986-09-30,1759.0
ID32,1986-12-31,457.0
ID32,1987-03-31,88.0
ID32,1987-06-30,1299.0
ID32,1987-09-30,2090.0
ID32,1987-12-31,502.0
ID32,1988-03-31,109.0
ID32,1988-06-30,1193.0
ID32,1988-09-30,1993.0
ID32,1988-12-31,500.0
ID32,1989-03-31,121.0
ID32,1989-06-30,1114.0
ID32,1989-09-30,1834.0
ID32,1989-12-31,459.0
ID32,1990-03-31,125.0
ID32,1990-06-30,1145.0
ID32,1990-09-30,1859.0
ID32,1990-12-31,448.0
ID32,1991-03-31,87.0
ID32,1991-06-30,960.0
ID32,1991-09-30,1953.0
ID32,1991-12-31,459.0
ID32,1992-03-31,112.0
ID32,1992-06-30,1399.0
ID32,1992-09-30,2434.0
ID32,1992-12-31,516.0
ID32,1993-03-31,120.0
ID32,1993-06-30,1404.0
ID32,1993-09-30,2407.0
ID32,1993-12-31,617.0
ID32,1994-03-31,176.0
ID32,1994-06-30,1536.0
ID32,1994-09-30,2556.0
ID32,1994-12-31,694.0
ID32,1995-03-31,178.0
ID32,1995-06-30,1490.0
ID32,1995-09-30,2311.0
ID32,1995-12-31,600.0
ID32,1996-03-31,182.0
ID32,1996-06-30,1096.0
ID32,1996-09-30,1780.0
ID32,1996-12-31,532.0
ID32,1997-03-31,190.0
ID32,1997-06-30,1138.0
ID32,1997-09-30,1903.0
ID32,1997-12-31,543.0
ID32,1998-03-31,184.0
ID32,1998-06-30,1339.0
ID32,1998-09-30,2281.0
ID32,1998-12-31,632.0
ID32,1999-03-31,222.0
ID32,1999-06-30,1589.0
ID32,1999-09-30,2701.0
ID32,1999-12-31,736.0
ID32,2000-03-31,215.0
ID32,2000-06-30,1808.0
ID32,2000-09-30,3081.0
ID32,2000-12-31,807.0
ID32,2001-03-31,210.0
ID32,2001-06-30,1703.0
ID32,2001-09-30,3393.0
ID32,2001-12-31,803.0
ID32,2002-03-31,187.0
ID32,2002-06-30,1874.0
ID320,1980-03-31,112.0
ID320,1980-06-30,116.0
ID320,1980-09-30,76.0
ID320,1980-12-31,144.0
ID320,1981-03-31,120.0
ID320,1981-06-30,112.0
ID320,1981-09-30,100.0
ID320,1981-12-31,136.0
ID320,1982-03-31,128.0
ID320,1982-06-30,136.0
ID320,1982-09-30,52.0
ID320,1982-12-31,212.0
ID320,1983-03-31,197.0
ID320,1983-06-30,200.0
ID320,1983-09-30,144.0
ID320,1983-12-31,276.0
ID320,1984-03-31,216.0
ID320,1984-06-30,208.0
ID320,1984-09-30,128.0
ID320,1984-12-31,216.0
ID320,1985-03-31,176.0
ID320,1985-06-30,208.0
ID320,1985-09-30,212.0
ID320,1985-12-31,292.0
ID320,1986-03-31,272.0
ID320,1986-06-30,291.0
ID320,1986-09-30,170.0
ID320,1986-12-31,366.0
ID320,1987-03-31,294.0
ID320,1987-06-30,387.0
ID320,1987-09-30,224.0
ID320,1987-12-31,394.0
ID320,1988-03-31,420.0
ID320,1988-06-30,547.0
ID320,1988-09-30,312.0
ID320,1988-12-31,473.0
ID320,1989-03-31,427.0
ID320,1989-06-30,558.0
ID320,1989-09-30,405.0
ID320,1989-12-31,448.0
ID320,1990-03-31,506.0
ID320,1990-06-30,297.0
ID320,1990-09-30,234.0
ID320,1990-12-31,466.0
ID320,1991-03-31,402.0
ID320,1991-06-30,228.0
ID320,1991-09-30,219.0
ID320,1991-12-31,282.0
ID320,1992-03-31,363.0
ID320,1992-06-30,430.0
ID320,1992-09-30,123.0
ID320,1992-12-31,415.0
ID320,1993-03-31,468.0
ID320,1993-06-30,593.0
ID320,1993-09-30,293.0
ID320,1993-12-31,493.0
ID320,1994-03-31,508.0
ID320,1994-06-30,718.0
ID320,1994-09-30,305.0
ID320,1994-12-31,629.0
ID320,1995-03-31,645.0
ID320,1995-06-30,716.0
ID320,1995-09-30,410.0
ID320,1995-12-31,856.0
ID320,1996-03-31,684.0
ID320,1996-06-30,785.0
ID320,1996-09-30,304.0
ID320,1996-12-31,982.0
ID320,1997-03-31,823.0
ID320,1997-06-30,823.0
ID320,1997-09-30,460.0
ID320,1997-12-31,953.0
ID320,1998-03-31,499.0
ID320,1998-06-30,517.0
ID320,1998-09-30,420.0
ID320,1998-12-31,762.0
ID320,1999-03-31,809.0
ID320,1999-06-30,983.0
ID320,1999-09-30,403.0
ID320,1999-12-31,788.0
ID320,2000-03-31,564.0
ID320,2000-06-30,820.0
ID320,2000-09-30,408.0
ID320,2000-12-31,841.0
ID320,2001-03-31,492.0
ID320,2001-06-30,747.0
ID320,2001-09-30,504.0
ID320,2001-12-31,819.0
ID320,2002-03-31,771.0
ID320,2002-06-30,665.0
ID320,2002-09-30,514.0
ID320,2002-12-31,788.0
ID320,2003-03-31,694.0
ID320,2003-06-30,776.0
ID320,2003-09-30,582.0
ID321,1980-03-31,56.0
ID321,1980-06-30,52.0
ID321,1980-09-30,40.0
ID321,1980-12-31,68.0
ID321,1981-03-31,84.0
ID321,1981-06-30,72.0
ID321,1981-09-30,77.0
ID321,1981-12-31,104.0
ID321,1982-03-31,80.0
ID321,1982-06-30,68.0
ID321,1982-09-30,76.0
ID321,1982-12-31,104.0
ID321,1983-03-31,72.0
ID321,1983-06-30,80.0
ID321,1983-09-30,92.0
ID321,1983-12-31,120.0
ID321,1984-03-31,92.0
ID321,1984-06-30,92.0
ID321,1984-09-30,84.0
ID321,1984-12-31,109.0
ID321,1985-03-31,84.0
ID321,1985-06-30,72.0
ID321,1985-09-30,84.0
ID321,1985-12-31,136.0
ID321,1986-03-31,112.0
ID321,1986-06-30,127.0
ID321,1986-09-30,100.0
ID321,1986-12-31,156.0
ID321,1987-03-31,186.0
ID321,1987-06-30,185.0
ID321,1987-09-30,168.0
ID321,1987-12-31,207.0
ID321,1988-03-31,314.0
ID321,1988-06-30,271.0
ID321,1988-09-30,343.0
ID321,1988-12-31,330.0
ID321,1989-03-31,326.0
ID321,1989-06-30,369.0
ID321,1989-09-30,328.0
ID321,1989-12-31,387.0
ID321,1990-03-31,470.0
ID321,1990-06-30,360.0
ID321,1990-09-30,74.0
ID321,1990-12-31,272.0
ID321,1991-03-31,334.0
ID321,1991-06-30,262.0
ID321,1991-09-30,235.0
ID321,1991-12-31,370.0
ID321,1992-03-31,334.0
ID321,1992-06-30,190.0
ID321,1992-09-30,275.0
ID321,1992-12-31,329.0
ID321,1993-03-31,276.0
ID321,1993-06-30,166.0
ID321,1993-09-30,227.0
ID321,1993-12-31,497.0
ID321,1994-03-31,397.0
ID321,1994-06-30,300.0
ID321,1994-09-30,341.0
ID321,1994-12-31,549.0
ID321,1995-03-31,505.0
ID321,1995-06-30,332.0
ID321,1995-09-30,393.0
ID321,1995-12-31,616.0
ID321,1996-03-31,653.0
ID321,1996-06-30,505.0
ID321,1996-09-30,528.0
ID321,1996-12-31,805.0
ID321,1997-03-31,429.0
ID321,1997-06-30,551.0
ID321,1997-09-30,450.0
ID321,1997-12-31,1084.0
ID321,1998-03-31,659.0
ID321,1998-06-30,584.0
ID321,1998-09-30,492.0
ID321,1998-12-31,975.0
ID321,1999-03-31,601.0
ID321,1999-06-30,720.0
ID321,1999-09-30,505.0
ID321,1999-12-31,1104.0
ID321,2000-03-31,543.0
ID321,2000-06-30,660.0
ID321,2000-09-30,659.0
ID321,2000-12-31,981.0
ID321,2001-03-31,795.0
ID321,2001-06-30,735.0
ID321,2001-09-30,677.0
ID321,2001-12-31,958.0
ID321,2002-03-31,696.0
ID321,2002-06-30,802.0
ID321,2002-09-30,674.0
ID321,2002-12-31,1086.0
ID321,2003-03-31,669.0
ID321,2003-06-30,864.0
ID321,2003-09-30,561.0
ID322,1980-03-31,60.0
ID322,1980-06-30,28.0
ID322,1980-09-30,64.0
ID322,1980-12-31,48.0
ID322,1981-03-31,92.0
ID322,1981-06-30,44.0
ID322,1981-09-30,60.0
ID322,1981-12-31,96.0
ID322,1982-03-31,80.0
ID322,1982-06-30,60.0
ID322,1982-09-30,64.0
ID322,1982-12-31,64.0
ID322,1983-03-31,80.0
ID322,1983-06-30,56.0
ID322,1983-09-30,32.0
ID322,1983-12-31,72.0
ID322,1984-03-31,60.0
ID322,1984-06-30,60.0
ID322,1984-09-30,64.0
ID322,1984-12-31,104.0
ID322,1985-03-31,76.0
ID322,1985-06-30,128.0
ID322,1985-09-30,52.0
ID322,1985-12-31,68.0
ID322,1986-03-31,72.0
ID322,1986-06-30,135.0
ID322,1986-09-30,50.0
ID322,1986-12-31,72.0
ID322,1987-03-31,48.0
ID322,1987-06-30,31.0
ID322,1987-09-30,80.0
ID322,1987-12-31,34.0
ID322,1988-03-31,132.0
ID322,1988-06-30,129.0
ID322,1988-09-30,86.0
ID322,1988-12-31,99.0
ID322,1989-03-31,80.0
ID322,1989-06-30,180.0
ID322,1989-09-30,42.0
ID322,1989-12-31,85.0
ID322,1990-03-31,116.0
ID322,1990-06-30,54.0
ID322,1990-09-30,160.0
ID322,1990-12-31,123.0
ID322,1991-03-31,118.0
ID322,1991-06-30,85.0
ID322,1991-09-30,96.0
ID322,1991-12-31,113.0
ID322,1992-03-31,69.0
ID322,1992-06-30,80.0
ID322,1992-09-30,91.0
ID322,1992-12-31,94.0
ID322,1993-03-31,120.0
ID322,1993-06-30,40.0
ID322,1993-09-30,93.0
ID322,1993-12-31,153.0
ID322,1994-03-31,116.0
ID322,1994-06-30,80.0
ID322,1994-09-30,46.0
ID322,1994-12-31,86.0
ID322,1995-03-31,185.0
ID322,1995-06-30,190.0
ID322,1995-09-30,287.0
ID322,1995-12-31,197.0
ID322,1996-03-31,261.0
ID322,1996-06-30,154.0
ID322,1996-09-30,208.0
ID322,1996-12-31,308.0
ID322,1997-03-31,337.0
ID322,1997-06-30,202.0
ID322,1997-09-30,223.0
ID322,1997-12-31,146.0
ID322,1998-03-31,216.0
ID322,1998-06-30,260.0
ID322,1998-09-30,108.0
ID322,1998-12-31,192.0
ID322,1999-03-31,255.0
ID322,1999-06-30,171.0
ID322,1999-09-30,265.0
ID322,1999-12-31,234.0
ID322,2000-03-31,293.0
ID322,2000-06-30,298.0
ID322,2000-09-30,234.0
ID322,2000-12-31,160.0
ID322,2001-03-31,241.0
ID322,2001-06-30,288.0
ID322,2001-09-30,184.0
ID322,2001-12-31,190.0
ID322,2002-03-31,336.0
ID322,2002-06-30,220.0
ID322,2002-09-30,174.0
ID322,2002-12-31,220.0
ID322,2003-03-31,255.0
ID322,2003-06-30,213.0
ID322,2003-09-30,352.0
ID323,1980-03-31,104.0
ID323,1980-06-30,64.0
ID323,1980-09-30,92.0
ID323,1980-12-31,108.0
ID323,1981-03-31,140.0
ID323,1981-06-30,64.0
ID323,1981-09-30,88.0
ID323,1981-12-31,104.0
ID323,1982-03-31,128.0
ID323,1982-06-30,92.0
ID323,1982-09-30,76.0
ID323,1982-12-31,80.0
ID323,1983-03-31,112.0
ID323,1983-06-30,76.0
ID323,1983-09-30,100.0
ID323,1983-12-31,120.0
ID323,1984-03-31,148.0
ID323,1984-06-30,72.0
ID323,1984-09-30,72.0
ID323,1984-12-31,112.0
ID323,1985-03-31,128.0
ID323,1985-06-30,96.0
ID323,1985-09-30,88.0
ID323,1985-12-31,136.0
ID323,1986-03-31,132.0
ID323,1986-06-30,106.0
ID323,1986-09-30,135.0
ID323,1986-12-31,84.0
ID323,1987-03-31,282.0
ID323,1987-06-30,154.0
ID323,1987-09-30,184.0
ID323,1987-12-31,121.0
ID323,1988-03-31,291.0
ID323,1988-06-30,231.0
ID323,1988-09-30,130.0
ID323,1988-12-31,363.0
ID323,1989-03-31,374.0
ID323,1989-06-30,171.0
ID323,1989-09-30,227.0
ID323,1989-12-31,359.0
ID323,1990-03-31,706.0
ID323,1990-06-30,270.0
ID323,1990-09-30,279.0
ID323,1990-12-31,282.0
ID323,1991-03-31,414.0
ID323,1991-06-30,200.0
ID323,1991-09-30,184.0
ID323,1991-12-31,216.0
ID323,1992-03-31,493.0
ID323,1992-06-30,260.0
ID323,1992-09-30,310.0
ID323,1992-12-31,354.0
ID323,1993-03-31,396.0
ID323,1993-06-30,291.0
ID323,1993-09-30,226.0
ID323,1993-12-31,359.0
ID323,1994-03-31,641.0
ID323,1994-06-30,408.0
ID323,1994-09-30,477.0
ID323,1994-12-31,472.0
ID323,1995-03-31,643.0
ID323,1995-06-30,847.0
ID323,1995-09-30,444.0
ID323,1995-12-31,586.0
ID323,1996-03-31,554.0
ID323,1996-06-30,456.0
ID323,1996-09-30,464.0
ID323,1996-12-31,597.0
ID323,1997-03-31,973.0
ID323,1997-06-30,543.0
ID323,1997-09-30,277.0
ID323,1997-12-31,590.0
ID323,1998-03-31,681.0
ID323,1998-06-30,464.0
ID323,1998-09-30,540.0
ID323,1998-12-31,680.0
ID323,1999-03-31,650.0
ID323,1999-06-30,625.0
ID323,1999-09-30,1139.0
ID323,1999-12-31,646.0
ID323,2000-03-31,1098.0
ID323,2000-06-30,533.0
ID323,2000-09-30,762.0
ID323,2000-12-31,830.0
ID323,2001-03-31,991.0
ID323,2001-06-30,624.0
ID323,2001-09-30,660.0
ID323,2001-12-31,1059.0
ID323,2002-03-31,986.0
ID323,2002-06-30,702.0
ID323,2002-09-30,694.0
ID323,2002-12-31,840.0
ID323,2003-03-31,1131.0
ID323,2003-06-30,579.0
ID323,2003-09-30,579.0
ID324,1980-03-31,332.0
ID324,1980-06-30,260.0
ID324,1980-09-30,272.0
ID324,1980-12-31,368.0
ID324,1981-03-31,436.0
ID324,1981-06-30,292.0
ID324,1981-09-30,325.0
ID324,1981-12-31,440.0
ID324,1982-03-31,416.0
ID324,1982-06-30,356.0
ID324,1982-09-30,268.0
ID324,1982-12-31,460.0
ID324,1983-03-31,461.0
ID324,1983-06-30,412.0
ID324,1983-09-30,368.0
ID324,1983-12-31,588.0
ID324,1984-03-31,516.0
ID324,1984-06-30,432.0
ID324,1984-09-30,348.0
ID324,1984-12-31,541.0
ID324,1985-03-31,464.0
ID324,1985-06-30,504.0
ID324,1985-09-30,436.0
ID324,1985-12-31,632.0
ID324,1986-03-31,588.0
ID324,1986-06-30,659.0
ID324,1986-09-30,455.0
ID324,1986-12-31,678.0
ID324,1987-03-31,810.0
ID324,1987-06-30,757.0
ID324,1987-09-30,656.0
ID324,1987-12-31,756.0
ID324,1988-03-31,1157.0
ID324,1988-06-30,1178.0
ID324,1988-09-30,871.0
ID324,1988-12-31,1265.0
ID324,1989-03-31,1207.0
ID324,1989-06-30,1278.0
ID324,1989-09-30,1002.0
ID324,1989-12-31,1279.0
ID324,1990-03-31,1798.0
ID324,1990-06-30,981.0
ID324,1990-09-30,747.0
ID324,1990-12-31,1143.0
ID324,1991-03-31,1268.0
ID324,1991-06-30,775.0
ID324,1991-09-30,734.0
ID324,1991-12-31,981.0
ID324,1992-03-31,1259.0
ID324,1992-06-30,960.0
ID324,1992-09-30,799.0
ID324,1992-12-31,1192.0
ID324,1993-03-31,1260.0
ID324,1993-06-30,1090.0
ID324,1993-09-30,839.0
ID324,1993-12-31,1502.0
ID324,1994-03-31,1662.0
ID324,1994-06-30,1506.0
ID324,1994-09-30,1169.0
ID324,1994-12-31,1736.0
ID324,1995-03-31,1978.0
ID324,1995-06-30,2085.0
ID324,1995-09-30,1534.0
ID324,1995-12-31,2255.0
ID324,1996-03-31,2152.0
ID324,1996-06-30,1900.0
ID324,1996-09-30,1504.0
ID324,1996-12-31,2692.0
ID324,1997-03-31,2562.0
ID324,1997-06-30,2119.0
ID324,1997-09-30,1410.0
ID324,1997-12-31,2773.0
ID324,1998-03-31,2055.0
ID324,1998-06-30,1825.0
ID324,1998-09-30,1560.0
ID324,1998-12-31,2609.0
ID324,1999-03-31,2315.0
ID324,1999-06-30,2499.0
ID324,1999-09-30,2312.0
ID324,1999-12-31,2772.0
ID324,2000-03-31,2498.0
ID324,2000-06-30,2311.0
ID324,2000-09-30,2063.0
ID324,2000-12-31,2812.0
ID324,2001-03-31,2519.0
ID324,2001-06-30,2394.0
ID324,2001-09-30,2025.0
ID324,2001-12-31,3026.0
ID324,2002-03-31,2789.0
ID324,2002-06-30,2389.0
ID324,2002-09-30,2056.0
ID324,2002-12-31,2934.0
ID324,2003-03-31,2749.0
ID324,2003-06-30,2432.0
ID324,2003-09-30,2074.0
ID325,1980-03-31,980.0
ID325,1980-06-30,1076.0
ID325,1980-09-30,764.0
ID325,1980-12-31,2628.0
ID325,1981-03-31,1064.0
ID325,1981-06-30,933.0
ID325,1981-09-30,1001.0
ID325,1981-12-31,2964.0
ID325,1982-03-31,1216.0
ID325,1982-06-30,1012.0
ID325,1982-09-30,741.0
ID325,1982-12-31,3402.0
ID325,1983-03-31,1557.0
ID325,1983-06-30,1284.0
ID325,1983-09-30,1184.0
ID325,1983-12-31,4211.0
ID325,1984-03-31,2068.0
ID325,1984-06-30,1516.0
ID325,1984-09-30,1068.0
ID325,1984-12-31,5264.0
ID325,1985-03-31,2192.0
ID325,1985-06-30,1920.0
ID325,1985-09-30,1556.0
ID325,1985-12-31,6016.0
ID325,1986-03-31,2304.0
ID325,1986-06-30,2970.0
ID325,1986-09-30,2855.0
ID325,1986-12-31,10146.0
ID325,1987-03-31,3588.0
ID325,1987-06-30,3925.0
ID325,1987-09-30,2384.0
ID325,1987-12-31,10034.0
ID325,1988-03-31,4097.0
ID325,1988-06-30,6108.0
ID325,1988-09-30,3279.0
ID325,1988-12-31,9812.0
ID325,1989-03-31,4498.0
ID325,1989-06-30,5094.0
ID325,1989-09-30,3041.0
ID325,1989-12-31,10340.0
ID325,1990-03-31,5162.0
ID325,1990-06-30,5913.0
ID325,1990-09-30,3489.0
ID325,1990-12-31,12200.0
ID325,1991-03-31,5002.0
ID325,1991-06-30,6574.0
ID325,1991-09-30,4087.0
ID325,1991-12-31,13123.0
ID325,1992-03-31,5629.0
ID325,1992-06-30,8120.0
ID325,1992-09-30,4866.0
ID325,1992-12-31,15967.0
ID325,1993-03-31,9876.0
ID325,1993-06-30,12469.0
ID325,1993-09-30,6650.0
ID325,1993-12-31,20835.0
ID325,1994-03-31,13096.0
ID325,1994-06-30,15484.0
ID325,1994-09-30,8013.0
ID325,1994-12-31,22948.0
ID325,1995-03-31,12546.0
ID325,1995-06-30,16123.0
ID325,1995-09-30,8394.0
ID325,1995-12-31,22255.0
ID325,1996-03-31,13011.0
ID325,1996-06-30,16524.0
ID325,1996-09-30,10368.0
ID325,1996-12-31,25915.0
ID325,1997-03-31,15439.0
ID325,1997-06-30,18616.0
ID325,1997-09-30,7230.0
ID325,1997-12-31,19207.0
ID325,1998-03-31,7734.0
ID325,1998-06-30,10772.0
ID325,1998-09-30,6936.0
ID325,1998-12-31,18367.0
ID325,1999-03-31,11927.0
ID325,1999-06-30,17689.0
ID325,1999-09-30,8864.0
ID325,1999-12-31,22292.0
ID325,2000-03-31,12223.0
ID325,2000-06-30,20461.0
ID325,2000-09-30,10968.0
ID325,2000-12-31,27004.0
ID325,2001-03-31,11383.0
ID325,2001-06-30,19800.0
ID325,2001-09-30,10264.0
ID325,2001-12-31,22996.0
ID325,2002-03-31,11596.0
ID325,2002-06-30,20352.0
ID325,2002-09-30,11364.0
ID325,2002-12-31,24486.0
ID325,2003-03-31,10975.0
ID325,2003-06-30,11942.0
ID325,2003-09-30,11419.0
ID326,1980-03-31,300.0
ID326,1980-06-30,272.0
ID326,1980-09-30,293.0
ID326,1980-12-31,556.0
ID326,1981-03-31,448.0
ID326,1981-06-30,392.0
ID326,1981-09-30,317.0
ID326,1981-12-31,540.0
ID326,1982-03-31,440.0
ID326,1982-06-30,328.0
ID326,1982-09-30,364.0
ID326,1982-12-31,668.0
ID326,1983-03-31,452.0
ID326,1983-06-30,340.0
ID326,1983-09-30,340.0
ID326,1983-12-31,744.0
ID326,1984-03-31,504.0
ID326,1984-06-30,380.0
ID326,1984-09-30,468.0
ID326,1984-12-31,681.0
ID326,1985-03-31,492.0
ID326,1985-06-30,517.0
ID326,1985-09-30,420.0
ID326,1985-12-31,784.0
ID326,1986-03-31,608.0
ID326,1986-06-30,582.0
ID326,1986-09-30,580.0
ID326,1986-12-31,1122.0
ID326,1987-03-31,768.0
ID326,1987-06-30,1017.0
ID326,1987-09-30,888.0
ID326,1987-12-31,2107.0
ID326,1988-03-31,1867.0
ID326,1988-06-30,2021.0
ID326,1988-09-30,1688.0
ID326,1988-12-31,2541.0
ID326,1989-03-31,1840.0
ID326,1989-06-30,2151.0
ID326,1989-09-30,1612.0
ID326,1989-12-31,2500.0
ID326,1990-03-31,2020.0
ID326,1990-06-30,1692.0
ID326,1990-09-30,1137.0
ID326,1990-12-31,2074.0
ID326,1991-03-31,1566.0
ID326,1991-06-30,1307.0
ID326,1991-09-30,1313.0
ID326,1991-12-31,2144.0
ID326,1992-03-31,1763.0
ID326,1992-06-30,1410.0
ID326,1992-09-30,1379.0
ID326,1992-12-31,2519.0
ID326,1993-03-31,1632.0
ID326,1993-06-30,1709.0
ID326,1993-09-30,1506.0
ID326,1993-12-31,3123.0
ID326,1994-03-31,2283.0
ID326,1994-06-30,1946.0
ID326,1994-09-30,1967.0
ID326,1994-12-31,3243.0
ID326,1995-03-31,2530.0
ID326,1995-06-30,2891.0
ID326,1995-09-30,1892.0
ID326,1995-12-31,3884.0
ID326,1996-03-31,3195.0
ID326,1996-06-30,2869.0
ID326,1996-09-30,2304.0
ID326,1996-12-31,4654.0
ID326,1997-03-31,3038.0
ID326,1997-06-30,2818.0
ID326,1997-09-30,2446.0
ID326,1997-12-31,5305.0
ID326,1998-03-31,2940.0
ID326,1998-06-30,3292.0
ID326,1998-09-30,2940.0
ID326,1998-12-31,5158.0
ID326,1999-03-31,3230.0
ID326,1999-06-30,3344.0
ID326,1999-09-30,2847.0
ID326,1999-12-31,5814.0
ID326,2000-03-31,3432.0
ID326,2000-06-30,4330.0
ID326,2000-09-30,3497.0
ID326,2000-12-31,5941.0
ID326,2001-03-31,3904.0
ID326,2001-06-30,4620.0
ID326,2001-09-30,3622.0
ID326,2001-12-31,6540.0
ID326,2002-03-31,4337.0
ID326,2002-06-30,5136.0
ID326,2002-09-30,4240.0
ID326,2002-12-31,7070.0
ID326,2003-03-31,4905.0
ID326,2003-06-30,5152.0
ID326,2003-09-30,4830.0
ID327,1980-03-31,372.0
ID327,1980-06-30,308.0
ID327,1980-09-30,312.0
ID327,1980-12-31,344.0
ID327,1981-03-31,436.0
ID327,1981-06-30,365.0
ID327,1981-09-30,444.0
ID327,1981-12-31,496.0
ID327,1982-03-31,540.0
ID327,1982-06-30,392.0
ID327,1982-09-30,356.0
ID327,1982-12-31,344.0
ID327,1983-03-31,444.0
ID327,1983-06-30,396.0
ID327,1983-09-30,320.0
ID327,1983-12-31,500.0
ID327,1984-03-31,524.0
ID327,1984-06-30,488.0
ID327,1984-09-30,408.0
ID327,1984-12-31,532.0
ID327,1985-03-31,616.0
ID327,1985-06-30,592.0
ID327,1985-09-30,420.0
ID327,1985-12-31,472.0
ID327,1986-03-31,600.0
ID327,1986-06-30,698.0
ID327,1986-09-30,515.0
ID327,1986-12-31,540.0
ID327,1987-03-31,504.0
ID327,1987-06-30,404.0
ID327,1987-09-30,488.0
ID327,1987-12-31,690.0
ID327,1988-03-31,766.0
ID327,1988-06-30,641.0
ID327,1988-09-30,752.0
ID327,1988-12-31,627.0
ID327,1989-03-31,714.0
ID327,1989-06-30,864.0
ID327,1989-09-30,593.0
ID327,1989-12-31,721.0
ID327,1990-03-31,772.0
ID327,1990-06-30,801.0
ID327,1990-09-30,812.0
ID327,1990-12-31,1138.0
ID327,1991-03-31,944.0
ID327,1991-06-30,943.0
ID327,1991-09-30,771.0
ID327,1991-12-31,944.0
ID327,1992-03-31,1067.0
ID327,1992-06-30,980.0
ID327,1992-09-30,1228.0
ID327,1992-12-31,983.0
ID327,1993-03-31,1152.0
ID327,1993-06-30,864.0
ID327,1993-09-30,927.0
ID327,1993-12-31,1159.0
ID327,1994-03-31,1288.0
ID327,1994-06-30,1234.0
ID327,1994-09-30,1368.0
ID327,1994-12-31,1536.0
ID327,1995-03-31,1373.0
ID327,1995-06-30,1549.0
ID327,1995-09-30,1609.0
ID327,1995-12-31,1692.0
ID327,1996-03-31,1981.0
ID327,1996-06-30,1735.0
ID327,1996-09-30,1856.0
ID327,1996-12-31,1773.0
ID327,1997-03-31,1960.0
ID327,1997-06-30,1589.0
ID327,1997-09-30,1902.0
ID327,1997-12-31,1885.0
ID327,1998-03-31,2009.0
ID327,1998-06-30,1803.0
ID327,1998-09-30,1704.0
ID327,1998-12-31,1875.0
ID327,1999-03-31,2058.0
ID327,1999-06-30,1873.0
ID327,1999-09-30,2142.0
ID327,1999-12-31,2358.0
ID327,2000-03-31,2413.0
ID327,2000-06-30,2168.0
ID327,2000-09-30,2430.0
ID327,2000-12-31,2188.0
ID327,2001-03-31,2242.0
ID327,2001-06-30,2571.0
ID327,2001-09-30,2058.0
ID327,2001-12-31,1947.0
ID327,2002-03-31,2336.0
ID327,2002-06-30,2610.0
ID327,2002-09-30,1980.0
ID327,2002-12-31,2266.0
ID327,2003-03-31,2224.0
ID327,2003-06-30,2174.0
ID327,2003-09-30,2670.0
ID328,1980-03-31,468.0
ID328,1980-06-30,360.0
ID328,1980-09-30,372.0
ID328,1980-12-31,444.0
ID328,1981-03-31,660.0
ID328,1981-06-30,364.0
ID328,1981-09-30,460.0
ID328,1981-12-31,448.0
ID328,1982-03-31,524.0
ID328,1982-06-30,400.0
ID328,1982-09-30,476.0
ID328,1982-12-31,364.0
ID328,1983-03-31,488.0
ID328,1983-06-30,280.0
ID328,1983-09-30,368.0
ID328,1983-12-31,452.0
ID328,1984-03-31,660.0
ID328,1984-06-30,320.0
ID328,1984-09-30,356.0
ID328,1984-12-31,544.0
ID328,1985-03-31,448.0
ID328,1985-06-30,484.0
ID328,1985-09-30,424.0
ID328,1985-12-31,472.0
ID328,1986-03-31,552.0
ID328,1986-06-30,404.0
ID328,1986-09-30,415.0
ID328,1986-12-31,942.0
ID328,1987-03-31,1056.0
ID328,1987-06-30,944.0
ID328,1987-09-30,800.0
ID328,1987-12-31,1112.0
ID328,1988-03-31,1302.0
ID328,1988-06-30,1151.0
ID328,1988-09-30,1164.0
ID328,1988-12-31,1144.0
ID328,1989-03-31,1195.0
ID328,1989-06-30,675.0
ID328,1989-09-30,912.0
ID328,1989-12-31,1310.0
ID328,1990-03-31,1696.0
ID328,1990-06-30,1404.0
ID328,1990-09-30,1117.0
ID328,1990-12-31,1202.0
ID328,1991-03-31,1266.0
ID328,1991-06-30,1275.0
ID328,1991-09-30,1275.0
ID328,1991-12-31,1392.0
ID328,1992-03-31,2015.0
ID328,1992-06-30,1220.0
ID328,1992-09-30,1350.0
ID328,1992-12-31,1787.0
ID328,1993-03-31,1872.0
ID328,1993-06-30,2213.0
ID328,1993-09-30,1319.0
ID328,1993-12-31,1718.0
ID328,1994-03-31,2663.0
ID328,1994-06-30,2810.0
ID328,1994-09-30,2278.0
ID328,1994-12-31,2571.0
ID328,1995-03-31,3119.0
ID328,1995-06-30,3560.0
ID328,1995-09-30,2070.0
ID328,1995-12-31,2828.0
ID328,1996-03-31,3497.0
ID328,1996-06-30,2967.0
ID328,1996-09-30,2736.0
ID328,1996-12-31,2877.0
ID328,1997-03-31,4286.0
ID328,1997-06-30,2817.0
ID328,1997-09-30,2080.0
ID328,1997-12-31,2738.0
ID328,1998-03-31,3273.0
ID328,1998-06-30,1926.0
ID328,1998-09-30,1728.0
ID328,1998-12-31,2580.0
ID328,1999-03-31,3113.0
ID328,1999-06-30,2926.0
ID328,1999-09-30,3195.0
ID328,1999-12-31,3358.0
ID328,2000-03-31,3751.0
ID328,2000-06-30,3033.0
ID328,2000-09-30,2712.0
ID328,2000-12-31,3456.0
ID328,2001-03-31,3911.0
ID328,2001-06-30,4198.0
ID328,2001-09-30,3110.0
ID328,2001-12-31,3813.0
ID328,2002-03-31,5681.0
ID328,2002-06-30,5003.0
ID328,2002-09-30,4047.0
ID328,2002-12-31,4228.0
ID328,2003-03-31,4982.0
ID328,2003-06-30,2749.0
ID328,2003-09-30,2981.0
ID329,1980-03-31,2120.0
ID329,1980-06-30,2016.0
ID329,1980-09-30,1741.0
ID329,1980-12-31,3972.0
ID329,1981-03-31,2608.0
ID329,1981-06-30,2054.0
ID329,1981-09-30,2222.0
ID329,1981-12-31,4448.0
ID329,1982-03-31,2720.0
ID329,1982-06-30,2132.0
ID329,1982-09-30,1937.0
ID329,1982-12-31,4778.0
ID329,1983-03-31,2941.0
ID329,1983-06-30,2300.0
ID329,1983-09-30,2212.0
ID329,1983-12-31,5907.0
ID329,1984-03-31,3756.0
ID329,1984-06-30,2704.0
ID329,1984-09-30,2300.0
ID329,1984-12-31,7021.0
ID329,1985-03-31,3748.0
ID329,1985-06-30,3513.0
ID329,1985-09-30,2820.0
ID329,1985-12-31,7744.0
ID329,1986-03-31,4064.0
ID329,1986-06-30,4654.0
ID329,1986-09-30,4365.0
ID329,1986-12-31,12750.0
ID329,1987-03-31,5916.0
ID329,1987-06-30,6290.0
ID329,1987-09-30,4560.0
ID329,1987-12-31,13943.0
ID329,1988-03-31,8032.0
ID329,1988-06-30,9921.0
ID329,1988-09-30,6883.0
ID329,1988-12-31,14124.0
ID329,1989-03-31,8247.0
ID329,1989-06-30,8784.0
ID329,1989-09-30,6158.0
ID329,1989-12-31,14871.0
ID329,1990-03-31,9650.0
ID329,1990-06-30,9810.0
ID329,1990-09-30,6555.0
ID329,1990-12-31,16614.0
ID329,1991-03-31,8778.0
ID329,1991-06-30,10099.0
ID329,1991-09-30,7446.0
ID329,1991-12-31,17603.0
ID329,1992-03-31,10474.0
ID329,1992-06-30,11730.0
ID329,1992-09-30,8823.0
ID329,1992-12-31,21256.0
ID329,1993-03-31,14532.0
ID329,1993-06-30,17255.0
ID329,1993-09-30,10402.0
ID329,1993-12-31,26835.0
ID329,1994-03-31,19330.0
ID329,1994-06-30,21474.0
ID329,1994-09-30,13626.0
ID329,1994-12-31,30298.0
ID329,1995-03-31,19568.0
ID329,1995-06-30,24123.0
ID329,1995-09-30,13965.0
ID329,1995-12-31,30659.0
ID329,1996-03-31,21684.0
ID329,1996-06-30,24095.0
ID329,1996-09-30,17264.0
ID329,1996-12-31,35219.0
ID329,1997-03-31,24723.0
ID329,1997-06-30,25840.0
ID329,1997-09-30,13658.0
ID329,1997-12-31,29135.0
ID329,1998-03-31,15956.0
ID329,1998-06-30,17793.0
ID329,1998-09-30,13308.0
ID329,1998-12-31,27980.0
ID329,1999-03-31,20328.0
ID329,1999-06-30,25832.0
ID329,1999-09-30,17048.0
ID329,1999-12-31,33822.0
ID329,2000-03-31,21819.0
ID329,2000-06-30,29992.0
ID329,2000-09-30,19607.0
ID329,2000-12-31,38589.0
ID329,2001-03-31,21440.0
ID329,2001-06-30,31189.0
ID329,2001-09-30,19054.0
ID329,2001-12-31,35296.0
ID329,2002-03-31,23950.0
ID329,2002-06-30,33101.0
ID329,2002-09-30,21631.0
ID329,2002-12-31,38050.0
ID329,2003-03-31,23086.0
ID329,2003-06-30,22017.0
ID329,2003-09-30,21900.0
ID33,1979-12-31,29.0
ID33,1980-03-31,29.0
ID33,1980-06-30,40.0
ID33,1980-09-30,44.0
ID33,1980-12-31,28.0
ID33,1981-03-31,25.0
ID33,1981-06-30,38.0
ID33,1981-09-30,43.0
ID33,1981-12-31,27.0
ID33,1982-03-31,27.0
ID33,1982-06-30,41.0
ID33,1982-09-30,43.0
ID33,1982-12-31,29.0
ID33,1983-03-31,27.0
ID33,1983-06-30,43.0
ID33,1983-09-30,48.0
ID33,1983-12-31,32.0
ID33,1984-03-31,30.0
ID33,1984-06-30,51.0
ID33,1984-09-30,57.0
ID33,1984-12-31,33.0
ID33,1985-03-31,32.0
ID33,1985-06-30,55.0
ID33,1985-09-30,59.0
ID33,1985-12-31,37.0
ID33,1986-03-31,34.0
ID33,1986-06-30,55.0
ID33,1986-09-30,66.0
ID33,1986-12-31,51.0
ID33,1987-03-31,55.0
ID33,1987-06-30,83.0
ID33,1987-09-30,91.0
ID33,1987-12-31,71.0
ID33,1988-03-31,61.0
ID33,1988-06-30,90.0
ID33,1988-09-30,86.0
ID33,1988-12-31,68.0
ID33,1989-03-31,65.0
ID33,1989-06-30,93.0
ID33,1989-09-30,100.0
ID33,1989-12-31,82.0
ID33,1990-03-31,71.0
ID33,1990-06-30,104.0
ID33,1990-09-30,109.0
ID33,1990-12-31,94.0
ID33,1991-03-31,62.0
ID33,1991-06-30,97.0
ID33,1991-09-30,101.0
ID33,1991-12-31,83.0
ID33,1992-03-31,67.0
ID33,1992-06-30,93.0
ID33,1992-09-30,88.0
ID33,1992-12-31,74.0
ID33,1993-03-31,60.0
ID33,1993-06-30,87.0
ID33,1993-09-30,102.0
ID33,1993-12-31,88.0
ID33,1994-03-31,71.0
ID33,1994-06-30,106.0
ID33,1994-09-30,123.0
ID33,1994-12-31,114.0
ID33,1995-03-31,87.0
ID33,1995-06-30,118.0
ID33,1995-09-30,135.0
ID33,1995-12-31,153.0
ID33,1996-03-31,118.0
ID33,1996-06-30,157.0
ID33,1996-09-30,171.0
ID33,1996-12-31,171.0
ID33,1997-03-31,130.0
ID33,1997-06-30,164.0
ID33,1997-09-30,153.0
ID33,1997-12-31,157.0
ID33,1998-03-31,112.0
ID33,1998-06-30,151.0
ID33,1998-09-30,161.0
ID33,1998-12-31,176.0
ID33,1999-03-31,126.0
ID33,1999-06-30,166.0
ID33,1999-09-30,176.0
ID33,1999-12-31,198.0
ID33,2000-03-31,140.0
ID33,2000-06-30,191.0
ID33,2000-09-30,198.0
ID33,2000-12-31,240.0
ID33,2001-03-31,168.0
ID33,2001-06-30,176.0
ID33,2001-09-30,184.0
ID33,2001-12-31,217.0
ID33,2002-03-31,146.0
ID33,2002-06-30,141.0
ID330,1980-03-31,6408.0
ID330,1980-06-30,2872.0
ID330,1980-09-30,3844.0
ID330,1980-12-31,9068.0
ID330,1981-03-31,8008.0
ID330,1981-06-30,4737.0
ID330,1981-09-30,4281.0
ID330,1981-12-31,12192.0
ID330,1982-03-31,7953.0
ID330,1982-06-30,5792.0
ID330,1982-09-30,4469.0
ID330,1982-12-31,12755.0
ID330,1983-03-31,10141.0
ID330,1983-06-30,6020.0
ID330,1983-09-30,6360.0
ID330,1983-12-31,16175.0
ID330,1984-03-31,12576.0
ID330,1984-06-30,8512.0
ID330,1984-09-30,7296.0
ID330,1984-12-31,21028.0
ID330,1985-03-31,18476.0
ID330,1985-06-30,9796.0
ID330,1985-09-30,8780.0
ID330,1985-12-31,22728.0
ID330,1986-03-31,20976.0
ID330,1986-06-30,14070.0
ID330,1986-09-30,14130.0
ID330,1986-12-31,31302.0
ID330,1987-03-31,26748.0
ID330,1987-06-30,16048.0
ID330,1987-09-30,18720.0
ID330,1987-12-31,35100.0
ID330,1988-03-31,31217.0
ID330,1988-06-30,24348.0
ID330,1988-09-30,24813.0
ID330,1988-12-31,37708.0
ID330,1989-03-31,35342.0
ID330,1989-06-30,22347.0
ID330,1989-09-30,29004.0
ID330,1989-12-31,41662.0
ID330,1990-03-31,38582.0
ID330,1990-06-30,25092.0
ID330,1990-09-30,32097.0
ID330,1990-12-31,43064.0
ID330,1991-03-31,35168.0
ID330,1991-06-30,27028.0
ID330,1991-09-30,36440.0
ID330,1991-12-31,53812.0
ID330,1992-03-31,53251.0
ID330,1992-06-30,36060.0
ID330,1992-09-30,41492.0
ID330,1992-12-31,58945.0
ID330,1993-03-31,70104.0
ID330,1993-06-30,46201.0
ID330,1993-09-30,49450.0
ID330,1993-12-31,82366.0
ID330,1994-03-31,89711.0
ID330,1994-06-30,58786.0
ID330,1994-09-30,63383.0
ID330,1994-12-31,98223.0
ID330,1995-03-31,101260.0
ID330,1995-06-30,67235.0
ID330,1995-09-30,77004.0
ID330,1995-12-31,110388.0
ID330,1996-03-31,111257.0
ID330,1996-06-30,75053.0
ID330,1996-09-30,80048.0
ID330,1996-12-31,121036.0
ID330,1997-03-31,113018.0
ID330,1997-06-30,73014.0
ID330,1997-09-30,73552.0
ID330,1997-12-31,94021.0
ID330,1998-03-31,69479.0
ID330,1998-06-30,42517.0
ID330,1998-09-30,50952.0
ID330,1998-12-31,76623.0
ID330,1999-03-31,76095.0
ID330,1999-06-30,56345.0
ID330,1999-09-30,53697.0
ID330,1999-12-31,85208.0
ID330,2000-03-31,82022.0
ID330,2000-06-30,63071.0
ID330,2000-09-30,62389.0
ID330,2000-12-31,99415.0
ID330,2001-03-31,94126.0
ID330,2001-06-30,68115.0
ID330,2001-09-30,69838.0
ID330,2001-12-31,80434.0
ID330,2002-03-31,96569.0
ID330,2002-06-30,72613.0
ID330,2002-09-30,73076.0
ID330,2002-12-31,113188.0
ID330,2003-03-31,96905.0
ID330,2003-06-30,42996.0
ID330,2003-09-30,64855.0
ID331,1980-03-31,512.0
ID331,1980-06-30,484.0
ID331,1980-09-30,545.0
ID331,1980-12-31,876.0
ID331,1981-03-31,740.0
ID331,1981-06-30,600.0
ID331,1981-09-30,605.0
ID331,1981-12-31,872.0
ID331,1982-03-31,740.0
ID331,1982-06-30,496.0
ID331,1982-09-30,628.0
ID331,1982-12-31,1045.0
ID331,1983-03-31,804.0
ID331,1983-06-30,588.0
ID331,1983-09-30,768.0
ID331,1983-12-31,1180.0
ID331,1984-03-31,868.0
ID331,1984-06-30,632.0
ID331,1984-09-30,916.0
ID331,1984-12-31,1077.0
ID331,1985-03-31,980.0
ID331,1985-06-30,829.0
ID331,1985-09-30,928.0
ID331,1985-12-31,1344.0
ID331,1986-03-31,1080.0
ID331,1986-06-30,919.0
ID331,1986-09-30,1055.0
ID331,1986-12-31,1896.0
ID331,1987-03-31,1590.0
ID331,1987-06-30,1627.0
ID331,1987-09-30,1656.0
ID331,1987-12-31,3155.0
ID331,1988-03-31,3023.0
ID331,1988-06-30,2702.0
ID331,1988-09-30,2831.0
ID331,1988-12-31,4015.0
ID331,1989-03-31,3352.0
ID331,1989-06-30,3213.0
ID331,1989-09-30,3340.0
ID331,1989-12-31,4410.0
ID331,1990-03-31,3746.0
ID331,1990-06-30,2799.0
ID331,1990-09-30,3383.0
ID331,1990-12-31,4325.0
ID331,1991-03-31,3878.0
ID331,1991-06-30,2772.0
ID331,1991-09-30,3783.0
ID331,1991-12-31,4813.0
ID331,1992-03-31,4656.0
ID331,1992-06-30,3300.0
ID331,1992-09-30,4189.0
ID331,1992-12-31,5725.0
ID331,1993-03-31,5040.0
ID331,1993-06-30,4244.0
ID331,1993-09-30,4977.0
ID331,1993-12-31,6947.0
ID331,1994-03-31,7414.0
ID331,1994-06-30,5780.0
ID331,1994-09-30,6860.0
ID331,1994-12-31,8777.0
ID331,1995-03-31,9614.0
ID331,1995-06-30,7894.0
ID331,1995-09-30,8843.0
ID331,1995-12-31,10896.0
ID331,1996-03-31,11498.0
ID331,1996-06-30,8187.0
ID331,1996-09-30,10032.0
ID331,1996-12-31,13579.0
ID331,1997-03-31,12832.0
ID331,1997-06-30,8282.0
ID331,1997-09-30,9996.0
ID331,1997-12-31,13008.0
ID331,1998-03-31,10479.0
ID331,1998-06-30,9041.0
ID331,1998-09-30,10068.0
ID331,1998-12-31,12660.0
ID331,1999-03-31,11819.0
ID331,1999-06-30,9284.0
ID331,1999-09-30,11129.0
ID331,1999-12-31,15882.0
ID331,2000-03-31,14843.0
ID331,2000-06-30,12201.0
ID331,2000-09-30,13236.0
ID331,2000-12-31,17298.0
ID331,2001-03-31,16221.0
ID331,2001-06-30,14407.0
ID331,2001-09-30,17095.0
ID331,2001-12-31,19584.0
ID331,2002-03-31,20392.0
ID331,2002-06-30,16334.0
ID331,2002-09-30,19693.0
ID331,2002-12-31,22416.0
ID331,2003-03-31,20959.0
ID331,2003-06-30,16124.0
ID331,2003-09-30,20464.0
ID332,1980-03-31,1368.0
ID332,1980-06-30,1236.0
ID332,1980-09-30,1172.0
ID332,1980-12-31,1272.0
ID332,1981-03-31,1352.0
ID332,1981-06-30,1297.0
ID332,1981-09-30,1540.0
ID332,1981-12-31,1756.0
ID332,1982-03-31,1629.0
ID332,1982-06-30,1360.0
ID332,1982-09-30,1476.0
ID332,1982-12-31,1612.0
ID332,1983-03-31,1776.0
ID332,1983-06-30,1384.0
ID332,1983-09-30,1592.0
ID332,1983-12-31,1788.0
ID332,1984-03-31,2008.0
ID332,1984-06-30,1644.0
ID332,1984-09-30,1712.0
ID332,1984-12-31,2380.0
ID332,1985-03-31,2224.0
ID332,1985-06-30,2164.0
ID332,1985-09-30,2100.0
ID332,1985-12-31,2200.0
ID332,1986-03-31,2212.0
ID332,1986-06-30,2299.0
ID332,1986-09-30,2095.0
ID332,1986-12-31,2340.0
ID332,1987-03-31,2406.0
ID332,1987-06-30,2272.0
ID332,1987-09-30,2176.0
ID332,1987-12-31,2566.0
ID332,1988-03-31,3202.0
ID332,1988-06-30,2898.0
ID332,1988-09-30,2999.0
ID332,1988-12-31,3003.0
ID332,1989-03-31,3071.0
ID332,1989-06-30,3393.0
ID332,1989-09-30,3172.0
ID332,1989-12-31,3491.0
ID332,1990-03-31,3544.0
ID332,1990-06-30,3456.0
ID332,1990-09-30,3243.0
ID332,1990-12-31,3581.0
ID332,1991-03-31,2934.0
ID332,1991-06-30,3398.0
ID332,1991-09-30,3149.0
ID332,1991-12-31,4118.0
ID332,1992-03-31,3515.0
ID332,1992-06-30,3390.0
ID332,1992-09-30,3595.0
ID332,1992-12-31,3909.0
ID332,1993-03-31,3720.0
ID332,1993-06-30,3737.0
ID332,1993-09-30,4024.0
ID332,1993-12-31,4134.0
ID332,1994-03-31,5018.0
ID332,1994-06-30,4688.0
ID332,1994-09-30,4619.0
ID332,1994-12-31,5927.0
ID332,1995-03-31,5191.0
ID332,1995-06-30,5658.0
ID332,1995-09-30,5527.0
ID332,1995-12-31,6300.0
ID332,1996-03-31,6752.0
ID332,1996-06-30,5809.0
ID332,1996-09-30,5632.0
ID332,1996-12-31,6344.0
ID332,1997-03-31,6918.0
ID332,1997-06-30,6022.0
ID332,1997-09-30,5768.0
ID332,1997-12-31,6336.0
ID332,1998-03-31,6208.0
ID332,1998-06-30,6028.0
ID332,1998-09-30,5652.0
ID332,1998-12-31,5851.0
ID332,1999-03-31,5865.0
ID332,1999-06-30,6268.0
ID332,1999-09-30,7006.0
ID332,1999-12-31,8050.0
ID332,2000-03-31,7326.0
ID332,2000-06-30,7167.0
ID332,2000-09-30,7279.0
ID332,2000-12-31,8463.0
ID332,2001-03-31,7465.0
ID332,2001-06-30,8178.0
ID332,2001-09-30,7591.0
ID332,2001-12-31,9896.0
ID332,2002-03-31,9242.0
ID332,2002-06-30,10104.0
ID332,2002-09-30,9223.0
ID332,2002-12-31,12212.0
ID332,2003-03-31,9487.0
ID332,2003-06-30,6727.0
ID332,2003-09-30,8621.0
ID333,1980-03-31,1740.0
ID333,1980-06-30,932.0
ID333,1980-09-30,1000.0
ID333,1980-12-31,1364.0
ID333,1981-03-31,1920.0
ID333,1981-06-30,976.0
ID333,1981-09-30,1104.0
ID333,1981-12-31,1464.0
ID333,1982-03-31,1580.0
ID333,1982-06-30,1136.0
ID333,1982-09-30,1212.0
ID333,1982-12-31,1324.0
ID333,1983-03-31,1484.0
ID333,1983-06-30,872.0
ID333,1983-09-30,1168.0
ID333,1983-12-31,2261.0
ID333,1984-03-31,1420.0
ID333,1984-06-30,928.0
ID333,1984-09-30,1076.0
ID333,1984-12-31,1756.0
ID333,1985-03-31,1552.0
ID333,1985-06-30,1120.0
ID333,1985-09-30,1404.0
ID333,1985-12-31,1524.0
ID333,1986-03-31,1508.0
ID333,1986-06-30,1376.0
ID333,1986-09-30,1485.0
ID333,1986-12-31,2904.0
ID333,1987-03-31,3258.0
ID333,1987-06-30,2525.0
ID333,1987-09-30,2472.0
ID333,1987-12-31,3147.0
ID333,1988-03-31,3001.0
ID333,1988-06-30,2918.0
ID333,1988-09-30,3190.0
ID333,1988-12-31,3542.0
ID333,1989-03-31,3716.0
ID333,1989-06-30,2745.0
ID333,1989-09-30,3721.0
ID333,1989-12-31,4214.0
ID333,1990-03-31,6310.0
ID333,1990-06-30,4374.0
ID333,1990-09-30,4343.0
ID333,1990-12-31,4395.0
ID333,1991-03-31,5548.0
ID333,1991-06-30,3905.0
ID333,1991-09-30,5715.0
ID333,1991-12-31,4740.0
ID333,1992-03-31,6287.0
ID333,1992-06-30,3860.0
ID333,1992-09-30,4960.0
ID333,1992-12-31,5088.0
ID333,1993-03-31,6264.0
ID333,1993-06-30,4542.0
ID333,1993-09-30,4644.0
ID333,1993-12-31,4878.0
ID333,1994-03-31,7691.0
ID333,1994-06-30,6346.0
ID333,1994-09-30,7542.0
ID333,1994-12-31,6439.0
ID333,1995-03-31,9148.0
ID333,1995-06-30,8178.0
ID333,1995-09-30,8019.0
ID333,1995-12-31,8841.0
ID333,1996-03-31,10573.0
ID333,1996-06-30,8276.0
ID333,1996-09-30,9696.0
ID333,1996-12-31,9428.0
ID333,1997-03-31,12009.0
ID333,1997-06-30,7442.0
ID333,1997-09-30,7603.0
ID333,1997-12-31,7197.0
ID333,1998-03-31,7970.0
ID333,1998-06-30,4898.0
ID333,1998-09-30,6516.0
ID333,1998-12-31,6931.0
ID333,1999-03-31,8704.0
ID333,1999-06-30,6396.0
ID333,1999-09-30,10148.0
ID333,1999-12-31,9698.0
ID333,2000-03-31,11077.0
ID333,2000-06-30,7963.0
ID333,2000-09-30,9879.0
ID333,2000-12-31,9172.0
ID333,2001-03-31,13075.0
ID333,2001-06-30,10707.0
ID333,2001-09-30,14522.0
ID333,2001-12-31,12265.0
ID333,2002-03-31,19995.0
ID333,2002-06-30,14557.0
ID333,2002-09-30,19748.0
ID333,2002-12-31,15112.0
ID333,2003-03-31,19911.0
ID333,2003-06-30,8549.0
ID333,2003-09-30,13144.0
ID334,1980-03-31,10028.0
ID334,1980-06-30,5524.0
ID334,1980-09-30,6561.0
ID334,1980-12-31,12580.0
ID334,1981-03-31,12020.0
ID334,1981-06-30,7610.0
ID334,1981-09-30,7530.0
ID334,1981-12-31,16284.0
ID334,1982-03-31,11902.0
ID334,1982-06-30,8784.0
ID334,1982-09-30,7785.0
ID334,1982-12-31,16736.0
ID334,1983-03-31,14205.0
ID334,1983-06-30,8864.0
ID334,1983-09-30,9888.0
ID334,1983-12-31,21404.0
ID334,1984-03-31,16872.0
ID334,1984-06-30,11716.0
ID334,1984-09-30,11000.0
ID334,1984-12-31,26241.0
ID334,1985-03-31,23232.0
ID334,1985-06-30,13909.0
ID334,1985-09-30,13212.0
ID334,1985-12-31,27796.0
ID334,1986-03-31,25776.0
ID334,1986-06-30,18664.0
ID334,1986-09-30,18765.0
ID334,1986-12-31,38442.0
ID334,1987-03-31,34002.0
ID334,1987-06-30,22472.0
ID334,1987-09-30,25024.0
ID334,1987-12-31,43968.0
ID334,1988-03-31,40443.0
ID334,1988-06-30,32866.0
ID334,1988-09-30,33833.0
ID334,1988-12-31,48268.0
ID334,1989-03-31,45481.0
ID334,1989-06-30,31698.0
ID334,1989-09-30,39237.0
ID334,1989-12-31,53777.0
ID334,1990-03-31,52182.0
ID334,1990-06-30,35721.0
ID334,1990-09-30,43066.0
ID334,1990-12-31,55365.0
ID334,1991-03-31,47528.0
ID334,1991-06-30,37103.0
ID334,1991-09-30,49087.0
ID334,1991-12-31,67483.0
ID334,1992-03-31,67709.0
ID334,1992-06-30,46610.0
ID334,1992-09-30,54236.0
ID334,1992-12-31,73667.0
ID334,1993-03-31,85128.0
ID334,1993-06-30,58724.0
ID334,1993-09-30,63095.0
ID334,1993-12-31,98325.0
ID334,1994-03-31,109834.0
ID334,1994-06-30,75600.0
ID334,1994-09-30,82404.0
ID334,1994-12-31,119366.0
ID334,1995-03-31,125213.0
ID334,1995-06-30,88965.0
ID334,1995-09-30,99393.0
ID334,1995-12-31,136425.0
ID334,1996-03-31,140080.0
ID334,1996-06-30,97325.0
ID334,1996-09-30,105408.0
ID334,1996-12-31,150387.0
ID334,1997-03-31,144777.0
ID334,1997-06-30,94760.0
ID334,1997-09-30,96919.0
ID334,1997-12-31,120562.0
ID334,1998-03-31,94136.0
ID334,1998-06-30,62484.0
ID334,1998-09-30,73188.0
ID334,1998-12-31,102065.0
ID334,1999-03-31,102483.0
ID334,1999-06-30,78293.0
ID334,1999-09-30,81980.0
ID334,1999-12-31,118838.0
ID334,2000-03-31,115268.0
ID334,2000-06-30,90402.0
ID334,2000-09-30,92783.0
ID334,2000-12-31,134348.0
ID334,2001-03-31,130887.0
ID334,2001-06-30,101407.0
ID334,2001-09-30,109046.0
ID334,2001-12-31,122179.0
ID334,2002-03-31,146198.0
ID334,2002-06-30,113608.0
ID334,2002-09-30,121740.0
ID334,2002-12-31,162928.0
ID334,2003-03-31,147262.0
ID334,2003-06-30,74396.0
ID334,2003-09-30,107084.0
ID335,1980-03-31,3100.0
ID335,1980-06-30,920.0
ID335,1980-09-30,1028.0
ID335,1980-12-31,3024.0
ID335,1981-03-31,3716.0
ID335,1981-06-30,1044.0
ID335,1981-09-30,1284.0
ID335,1981-12-31,3284.0
ID335,1982-03-31,3580.0
ID335,1982-06-30,1268.0
ID335,1982-09-30,1264.0
ID335,1982-12-31,3387.0
ID335,1983-03-31,3824.0
ID335,1983-06-30,1608.0
ID335,1983-09-30,1572.0
ID335,1983-12-31,3680.0
ID335,1984-03-31,4820.0
ID335,1984-06-30,1336.0
ID335,1984-09-30,1724.0
ID335,1984-12-31,3992.0
ID335,1985-03-31,5172.0
ID335,1985-06-30,1636.0
ID335,1985-09-30,1960.0
ID335,1985-12-31,4679.0
ID335,1986-03-31,6604.0
ID335,1986-06-30,2074.0
ID335,1986-09-30,2320.0
ID335,1986-12-31,6510.0
ID335,1987-03-31,8514.0
ID335,1987-06-30,3352.0
ID335,1987-09-30,2896.0
ID335,1987-12-31,6585.0
ID335,1988-03-31,9699.0
ID335,1988-06-30,3730.0
ID335,1988-09-30,3851.0
ID335,1988-12-31,8129.0
ID335,1989-03-31,9788.0
ID335,1989-06-30,3609.0
ID335,1989-09-30,4391.0
ID335,1989-12-31,9276.0
ID335,1990-03-31,11750.0
ID335,1990-06-30,5508.0
ID335,1990-09-30,4782.0
ID335,1990-12-31,11061.0
ID335,1991-03-31,13732.0
ID335,1991-06-30,5835.0
ID335,1991-09-30,5109.0
ID335,1991-12-31,11642.0
ID335,1992-03-31,14453.0
ID335,1992-06-30,6820.0
ID335,1992-09-30,5591.0
ID335,1992-12-31,12273.0
ID335,1993-03-31,17328.0
ID335,1993-06-30,7447.0
ID335,1993-09-30,5875.0
ID335,1993-12-31,16244.0
ID335,1994-03-31,20689.0
ID335,1994-06-30,7744.0
ID335,1994-09-30,6850.0
ID335,1994-12-31,17951.0
ID335,1995-03-31,22891.0
ID335,1995-06-30,8169.0
ID335,1995-09-30,8317.0
ID335,1995-12-31,17270.0
ID335,1996-03-31,24331.0
ID335,1996-06-30,9761.0
ID335,1996-09-30,8432.0
ID335,1996-12-31,22417.0
ID335,1997-03-31,32132.0
ID335,1997-06-30,10706.0
ID335,1997-09-30,9277.0
ID335,1997-12-31,20743.0
ID335,1998-03-31,29032.0
ID335,1998-06-30,9875.0
ID335,1998-09-30,9456.0
ID335,1998-12-31,22512.0
ID335,1999-03-31,33378.0
ID335,1999-06-30,11087.0
ID335,1999-09-30,12001.0
ID335,1999-12-31,25062.0
ID335,2000-03-31,34172.0
ID335,2000-06-30,15359.0
ID335,2000-09-30,14235.0
ID335,2000-12-31,33865.0
ID335,2001-03-31,43324.0
ID335,2001-06-30,15880.0
ID335,2001-09-30,16173.0
ID335,2001-12-31,33424.0
ID335,2002-03-31,53779.0
ID335,2002-06-30,17947.0
ID335,2002-09-30,18137.0
ID335,2002-12-31,38342.0
ID335,2003-03-31,56338.0
ID335,2003-06-30,22345.0
ID335,2003-09-30,21048.0
ID336,1980-03-31,7040.0
ID336,1980-06-30,1344.0
ID336,1980-09-30,1841.0
ID336,1980-12-31,7740.0
ID336,1981-03-31,8197.0
ID336,1981-06-30,1629.0
ID336,1981-09-30,2033.0
ID336,1981-12-31,8903.0
ID336,1982-03-31,7241.0
ID336,1982-06-30,1844.0
ID336,1982-09-30,2112.0
ID336,1982-12-31,9050.0
ID336,1983-03-31,7012.0
ID336,1983-06-30,1664.0
ID336,1983-09-30,2157.0
ID336,1983-12-31,9555.0
ID336,1984-03-31,7288.0
ID336,1984-06-30,2024.0
ID336,1984-09-30,2448.0
ID336,1984-12-31,8349.0
ID336,1985-03-31,7905.0
ID336,1985-06-30,1920.0
ID336,1985-09-30,2428.0
ID336,1985-12-31,8864.0
ID336,1986-03-31,8413.0
ID336,1986-06-30,2186.0
ID336,1986-09-30,2565.0
ID336,1986-12-31,9426.0
ID336,1987-03-31,9336.0
ID336,1987-06-30,3141.0
ID336,1987-09-30,2760.0
ID336,1987-12-31,12992.0
ID336,1988-03-31,13413.0
ID336,1988-06-30,3422.0
ID336,1988-09-30,3945.0
ID336,1988-12-31,14476.0
ID336,1989-03-31,12989.0
ID336,1989-06-30,4050.0
ID336,1989-09-30,4071.0
ID336,1989-12-31,14237.0
ID336,1990-03-31,13480.0
ID336,1990-06-30,7083.0
ID336,1990-09-30,4829.0
ID336,1990-12-31,14756.0
ID336,1991-03-31,14236.0
ID336,1991-06-30,5005.0
ID336,1991-09-30,4259.0
ID336,1991-12-31,15525.0
ID336,1992-03-31,17695.0
ID336,1992-06-30,6540.0
ID336,1992-09-30,4678.0
ID336,1992-12-31,15707.0
ID336,1993-03-31,15288.0
ID336,1993-06-30,5297.0
ID336,1993-09-30,4961.0
ID336,1993-12-31,18554.0
ID336,1994-03-31,18563.0
ID336,1994-06-30,5316.0
ID336,1994-09-30,5371.0
ID336,1994-12-31,17237.0
ID336,1995-03-31,18109.0
ID336,1995-06-30,5845.0
ID336,1995-09-30,5592.0
ID336,1995-12-31,18732.0
ID336,1996-03-31,20152.0
ID336,1996-06-30,7506.0
ID336,1996-09-30,6096.0
ID336,1996-12-31,20271.0
ID336,1997-03-31,22714.0
ID336,1997-06-30,6697.0
ID336,1997-09-30,6131.0
ID336,1997-12-31,22064.0
ID336,1998-03-31,25118.0
ID336,1998-06-30,8417.0
ID336,1998-09-30,7560.0
ID336,1998-12-31,24111.0
ID336,1999-03-31,26290.0
ID336,1999-06-30,8907.0
ID336,1999-09-30,8984.0
ID336,1999-12-31,24324.0
ID336,2000-03-31,31197.0
ID336,2000-06-30,11794.0
ID336,2000-09-30,9756.0
ID336,2000-12-31,31599.0
ID336,2001-03-31,32402.0
ID336,2001-06-30,10570.0
ID336,2001-09-30,10376.0
ID336,2001-12-31,31125.0
ID336,2002-03-31,37149.0
ID336,2002-06-30,9862.0
ID336,2002-09-30,10430.0
ID336,2002-12-31,33302.0
ID336,2003-03-31,37032.0
ID336,2003-06-30,14004.0
ID336,2003-09-30,12717.0
ID337,1980-03-31,1432.0
ID337,1980-06-30,812.0
ID337,1980-09-30,756.0
ID337,1980-12-31,992.0
ID337,1981-03-31,1260.0
ID337,1981-06-30,892.0
ID337,1981-09-30,848.0
ID337,1981-12-31,1172.0
ID337,1982-03-31,1460.0
ID337,1982-06-30,984.0
ID337,1982-09-30,896.0
ID337,1982-12-31,1236.0
ID337,1983-03-31,1568.0
ID337,1983-06-30,1196.0
ID337,1983-09-30,916.0
ID337,1983-12-31,1308.0
ID337,1984-03-31,1660.0
ID337,1984-06-30,1116.0
ID337,1984-09-30,952.0
ID337,1984-12-31,1484.0
ID337,1985-03-31,1608.0
ID337,1985-06-30,1192.0
ID337,1985-09-30,1104.0
ID337,1985-12-31,1480.0
ID337,1986-03-31,1620.0
ID337,1986-06-30,1140.0
ID337,1986-09-30,1185.0
ID337,1986-12-31,1446.0
ID337,1987-03-31,1848.0
ID337,1987-06-30,1582.0
ID337,1987-09-30,1376.0
ID337,1987-12-31,1445.0
ID337,1988-03-31,2307.0
ID337,1988-06-30,1655.0
ID337,1988-09-30,1534.0
ID337,1988-12-31,1804.0
ID337,1989-03-31,1711.0
ID337,1989-06-30,1404.0
ID337,1989-09-30,1412.0
ID337,1989-12-31,1754.0
ID337,1990-03-31,2478.0
ID337,1990-06-30,1557.0
ID337,1990-09-30,1173.0
ID337,1990-12-31,1472.0
ID337,1991-03-31,1498.0
ID337,1991-06-30,1412.0
ID337,1991-09-30,1244.0
ID337,1991-12-31,1510.0
ID337,1992-03-31,2255.0
ID337,1992-06-30,1650.0
ID337,1992-09-30,1129.0
ID337,1992-12-31,1449.0
ID337,1993-03-31,2040.0
ID337,1993-06-30,1290.0
ID337,1993-09-30,1251.0
ID337,1993-12-31,1537.0
ID337,1994-03-31,2353.0
ID337,1994-06-30,1678.0
ID337,1994-09-30,1815.0
ID337,1994-12-31,1784.0
ID337,1995-03-31,2518.0
ID337,1995-06-30,1897.0
ID337,1995-09-30,1684.0
ID337,1995-12-31,2430.0
ID337,1996-03-31,2923.0
ID337,1996-06-30,2038.0
ID337,1996-09-30,1808.0
ID337,1996-12-31,1936.0
ID337,1997-03-31,2488.0
ID337,1997-06-30,1766.0
ID337,1997-09-30,2071.0
ID337,1997-12-31,2273.0
ID337,1998-03-31,2669.0
ID337,1998-06-30,2219.0
ID337,1998-09-30,1860.0
ID337,1998-12-31,2169.0
ID337,1999-03-31,2426.0
ID337,1999-06-30,1594.0
ID337,1999-09-30,2080.0
ID337,1999-12-31,2004.0
ID337,2000-03-31,3166.0
ID337,2000-06-30,1915.0
ID337,2000-09-30,1850.0
ID337,2000-12-31,2337.0
ID337,2001-03-31,3165.0
ID337,2001-06-30,2003.0
ID337,2001-09-30,2131.0
ID337,2001-12-31,1940.0
ID337,2002-03-31,2529.0
ID337,2002-06-30,1930.0
ID337,2002-09-30,2093.0
ID337,2002-12-31,2516.0
ID337,2003-03-31,2786.0
ID337,2003-06-30,2358.0
ID337,2003-09-30,1934.0
ID338,1980-03-31,1468.0
ID338,1980-06-30,652.0
ID338,1980-09-30,940.0
ID338,1980-12-31,1012.0
ID338,1981-03-31,1072.0
ID338,1981-06-30,836.0
ID338,1981-09-30,729.0
ID338,1981-12-31,1173.0
ID338,1982-03-31,1036.0
ID338,1982-06-30,684.0
ID338,1982-09-30,876.0
ID338,1982-12-31,1013.0
ID338,1983-03-31,836.0
ID338,1983-06-30,596.0
ID338,1983-09-30,856.0
ID338,1983-12-31,748.0
ID338,1984-03-31,872.0
ID338,1984-06-30,652.0
ID338,1984-09-30,712.0
ID338,1984-12-31,780.0
ID338,1985-03-31,1000.0
ID338,1985-06-30,768.0
ID338,1985-09-30,816.0
ID338,1985-12-31,1080.0
ID338,1986-03-31,966.0
ID338,1986-06-30,681.0
ID338,1986-09-30,1155.0
ID338,1986-12-31,1380.0
ID338,1987-03-31,1380.0
ID338,1987-06-30,1251.0
ID338,1987-09-30,1384.0
ID338,1987-12-31,1206.0
ID338,1988-03-31,1360.0
ID338,1988-06-30,991.0
ID338,1988-09-30,1079.0
ID338,1988-12-31,1309.0
ID338,1989-03-31,1803.0
ID338,1989-06-30,882.0
ID338,1989-09-30,1270.0
ID338,1989-12-31,1690.0
ID338,1990-03-31,2774.0
ID338,1990-06-30,1701.0
ID338,1990-09-30,1329.0
ID338,1990-12-31,1522.0
ID338,1991-03-31,1724.0
ID338,1991-06-30,1790.0
ID338,1991-09-30,1354.0
ID338,1991-12-31,2069.0
ID338,1992-03-31,1743.0
ID338,1992-06-30,1460.0
ID338,1992-09-30,1464.0
ID338,1992-12-31,1616.0
ID338,1993-03-31,1776.0
ID338,1993-06-30,1267.0
ID338,1993-09-30,1376.0
ID338,1993-12-31,1856.0
ID338,1994-03-31,2160.0
ID338,1994-06-30,1968.0
ID338,1994-09-30,2064.0
ID338,1994-12-31,2524.0
ID338,1995-03-31,2670.0
ID338,1995-06-30,1815.0
ID338,1995-09-30,1880.0
ID338,1995-12-31,2580.0
ID338,1996-03-31,2459.0
ID338,1996-06-30,1763.0
ID338,1996-09-30,1824.0
ID338,1996-12-31,2768.0
ID338,1997-03-31,2757.0
ID338,1997-06-30,1774.0
ID338,1997-09-30,2205.0
ID338,1997-12-31,2384.0
ID338,1998-03-31,3084.0
ID338,1998-06-30,1888.0
ID338,1998-09-30,2376.0
ID338,1998-12-31,2944.0
ID338,1999-03-31,3033.0
ID338,1999-06-30,1830.0
ID338,1999-09-30,1917.0
ID338,1999-12-31,3354.0
ID338,2000-03-31,3159.0
ID338,2000-06-30,1573.0
ID338,2000-09-30,2100.0
ID338,2000-12-31,2173.0
ID338,2001-03-31,2481.0
ID338,2001-06-30,1619.0
ID338,2001-09-30,2177.0
ID338,2001-12-31,2856.0
ID338,2002-03-31,2906.0
ID338,2002-06-30,1782.0
ID338,2002-09-30,2018.0
ID338,2002-12-31,2264.0
ID338,2003-03-31,3250.0
ID338,2003-06-30,2301.0
ID338,2003-09-30,2417.0
ID339,1980-03-31,13040.0
ID339,1980-06-30,3728.0
ID339,1980-09-30,4565.0
ID339,1980-12-31,12768.0
ID339,1981-03-31,14245.0
ID339,1981-06-30,4401.0
ID339,1981-09-30,4894.0
ID339,1981-12-31,14532.0
ID339,1982-03-31,13317.0
ID339,1982-06-30,4780.0
ID339,1982-09-30,5148.0
ID339,1982-12-31,14686.0
ID339,1983-03-31,13240.0
ID339,1983-06-30,5064.0
ID339,1983-09-30,5501.0
ID339,1983-12-31,15291.0
ID339,1984-03-31,14640.0
ID339,1984-06-30,5128.0
ID339,1984-09-30,5836.0
ID339,1984-12-31,14605.0
ID339,1985-03-31,15685.0
ID339,1985-06-30,5516.0
ID339,1985-09-30,6308.0
ID339,1985-12-31,16103.0
ID339,1986-03-31,17603.0
ID339,1986-06-30,6081.0
ID339,1986-09-30,7225.0
ID339,1986-12-31,18762.0
ID339,1987-03-31,21078.0
ID339,1987-06-30,9326.0
ID339,1987-09-30,8416.0
ID339,1987-12-31,22228.0
ID339,1988-03-31,26779.0
ID339,1988-06-30,9798.0
ID339,1988-09-30,10409.0
ID339,1988-12-31,25718.0
ID339,1989-03-31,26291.0
ID339,1989-06-30,9945.0
ID339,1989-09-30,11144.0
ID339,1989-12-31,26957.0
ID339,1990-03-31,30482.0
ID339,1990-06-30,15849.0
ID339,1990-09-30,12113.0
ID339,1990-12-31,28811.0
ID339,1991-03-31,31190.0
ID339,1991-06-30,14042.0
ID339,1991-09-30,11966.0
ID339,1991-12-31,30746.0
ID339,1992-03-31,36146.0
ID339,1992-06-30,16470.0
ID339,1992-09-30,12862.0
ID339,1992-12-31,31045.0
ID339,1993-03-31,36432.0
ID339,1993-06-30,15301.0
ID339,1993-09-30,13463.0
ID339,1993-12-31,38191.0
ID339,1994-03-31,43765.0
ID339,1994-06-30,16706.0
ID339,1994-09-30,16100.0
ID339,1994-12-31,39496.0
ID339,1995-03-31,46188.0
ID339,1995-06-30,17726.0
ID339,1995-09-30,17473.0
ID339,1995-12-31,41012.0
ID339,1996-03-31,49865.0
ID339,1996-06-30,21068.0
ID339,1996-09-30,18160.0
ID339,1996-12-31,47392.0
ID339,1997-03-31,60091.0
ID339,1997-06-30,20943.0
ID339,1997-09-30,19684.0
ID339,1997-12-31,47464.0
ID339,1998-03-31,59903.0
ID339,1998-06-30,22399.0
ID339,1998-09-30,21252.0
ID339,1998-12-31,51736.0
ID339,1999-03-31,65127.0
ID339,1999-06-30,23418.0
ID339,1999-09-30,24982.0
ID339,1999-12-31,54744.0
ID339,2000-03-31,71694.0
ID339,2000-06-30,30641.0
ID339,2000-09-30,27941.0
ID339,2000-12-31,69974.0
ID339,2001-03-31,81372.0
ID339,2001-06-30,30072.0
ID339,2001-09-30,30857.0
ID339,2001-12-31,69345.0
ID339,2002-03-31,96363.0
ID339,2002-06-30,31521.0
ID339,2002-09-30,32678.0
ID339,2002-12-31,76424.0
ID339,2003-03-31,99406.0
ID339,2003-06-30,41008.0
ID339,2003-09-30,38116.0
ID34,1979-12-31,218.0
ID34,1980-03-31,170.0
ID34,1980-06-30,310.0
ID34,1980-09-30,450.0
ID34,1980-12-31,245.0
ID34,1981-03-31,163.0
ID34,1981-06-30,299.0
ID34,1981-09-30,451.0
ID34,1981-12-31,190.0
ID34,1982-03-31,112.0
ID34,1982-06-30,195.0
ID34,1982-09-30,288.0
ID34,1982-12-31,143.0
ID34,1983-03-31,92.0
ID34,1983-06-30,184.0
ID34,1983-09-30,295.0
ID34,1983-12-31,130.0
ID34,1984-03-31,81.0
ID34,1984-06-30,165.0
ID34,1984-09-30,245.0
ID34,1984-12-31,111.0
ID34,1985-03-31,74.0
ID34,1985-06-30,142.0
ID34,1985-09-30,259.0
ID34,1985-12-31,121.0
ID34,1986-03-31,81.0
ID34,1986-06-30,180.0
ID34,1986-09-30,318.0
ID34,1986-12-31,168.0
ID34,1987-03-31,112.0
ID34,1987-06-30,263.0
ID34,1987-09-30,416.0
ID34,1987-12-31,210.0
ID34,1988-03-31,137.0
ID34,1988-06-30,273.0
ID34,1988-09-30,421.0
ID34,1988-12-31,229.0
ID34,1989-03-31,163.0
ID34,1989-06-30,285.0
ID34,1989-09-30,410.0
ID34,1989-12-31,234.0
ID34,1990-03-31,156.0
ID34,1990-06-30,270.0
ID34,1990-09-30,370.0
ID34,1990-12-31,216.0
ID34,1991-03-31,136.0
ID34,1991-06-30,243.0
ID34,1991-09-30,385.0
ID34,1991-12-31,249.0
ID34,1992-03-31,188.0
ID34,1992-06-30,323.0
ID34,1992-09-30,419.0
ID34,1992-12-31,248.0
ID34,1993-03-31,189.0
ID34,1993-06-30,300.0
ID34,1993-09-30,412.0
ID34,1993-12-31,266.0
ID34,1994-03-31,212.0
ID34,1994-06-30,306.0
ID34,1994-09-30,412.0
ID34,1994-12-31,256.0
ID34,1995-03-31,196.0
ID34,1995-06-30,290.0
ID34,1995-09-30,361.0
ID34,1995-12-31,216.0
ID34,1996-03-31,169.0
ID34,1996-06-30,244.0
ID34,1996-09-30,316.0
ID34,1996-12-31,219.0
ID34,1997-03-31,177.0
ID34,1997-06-30,264.0
ID34,1997-09-30,361.0
ID34,1997-12-31,227.0
ID34,1998-03-31,190.0
ID34,1998-06-30,276.0
ID34,1998-09-30,353.0
ID34,1998-12-31,226.0
ID34,1999-03-31,190.0
ID34,1999-06-30,256.0
ID34,1999-09-30,330.0
ID34,1999-12-31,217.0
ID34,2000-03-31,166.0
ID34,2000-06-30,275.0
ID34,2000-09-30,358.0
ID34,2000-12-31,223.0
ID34,2001-03-31,184.0
ID34,2001-06-30,246.0
ID34,2001-09-30,362.0
ID34,2001-12-31,214.0
ID34,2002-03-31,170.0
ID34,2002-06-30,258.0
ID340,1980-03-31,564.0
ID340,1980-06-30,152.0
ID340,1980-09-30,176.0
ID340,1980-12-31,456.0
ID340,1981-03-31,716.0
ID340,1981-06-30,276.0
ID340,1981-09-30,188.0
ID340,1981-12-31,592.0
ID340,1982-03-31,472.0
ID340,1982-06-30,268.0
ID340,1982-09-30,164.0
ID340,1982-12-31,572.0
ID340,1983-03-31,608.0
ID340,1983-06-30,204.0
ID340,1983-09-30,212.0
ID340,1983-12-31,696.0
ID340,1984-03-31,692.0
ID340,1984-06-30,296.0
ID340,1984-09-30,292.0
ID340,1984-12-31,1104.0
ID340,1985-03-31,1188.0
ID340,1985-06-30,376.0
ID340,1985-09-30,400.0
ID340,1985-12-31,1260.0
ID340,1986-03-31,1888.0
ID340,1986-06-30,646.0
ID340,1986-09-30,700.0
ID340,1986-12-31,2208.0
ID340,1987-03-31,3438.0
ID340,1987-06-30,1163.0
ID340,1987-09-30,800.0
ID340,1987-12-31,3488.0
ID340,1988-03-31,4216.0
ID340,1988-06-30,1348.0
ID340,1988-09-30,1051.0
ID340,1988-12-31,3212.0
ID340,1989-03-31,4557.0
ID340,1989-06-30,1494.0
ID340,1989-09-30,1098.0
ID340,1989-12-31,3393.0
ID340,1990-03-31,3994.0
ID340,1990-06-30,1611.0
ID340,1990-09-30,1128.0
ID340,1990-12-31,3355.0
ID340,1991-03-31,3838.0
ID340,1991-06-30,1452.0
ID340,1991-09-30,852.0
ID340,1991-12-31,3627.0
ID340,1992-03-31,3747.0
ID340,1992-06-30,1410.0
ID340,1992-09-30,842.0
ID340,1992-12-31,2969.0
ID340,1993-03-31,3540.0
ID340,1993-06-30,1148.0
ID340,1993-09-30,1061.0
ID340,1993-12-31,3282.0
ID340,1994-03-31,3794.0
ID340,1994-06-30,1204.0
ID340,1994-09-30,1107.0
ID340,1994-12-31,3955.0
ID340,1995-03-31,4810.0
ID340,1995-06-30,1431.0
ID340,1995-09-30,1180.0
ID340,1995-12-31,4466.0
ID340,1996-03-31,4707.0
ID340,1996-06-30,1500.0
ID340,1996-09-30,1488.0
ID340,1996-12-31,5125.0
ID340,1997-03-31,5786.0
ID340,1997-06-30,1468.0
ID340,1997-09-30,1273.0
ID340,1997-12-31,4398.0
ID340,1998-03-31,5295.0
ID340,1998-06-30,1314.0
ID340,1998-09-30,1140.0
ID340,1998-12-31,4749.0
ID340,1999-03-31,5813.0
ID340,1999-06-30,1585.0
ID340,1999-09-30,1101.0
ID340,1999-12-31,6250.0
ID340,2000-03-31,6641.0
ID340,2000-06-30,1868.0
ID340,2000-09-30,1414.0
ID340,2000-12-31,6477.0
ID340,2001-03-31,6793.0
ID340,2001-06-30,1948.0
ID340,2001-09-30,1634.0
ID340,2001-12-31,5800.0
ID340,2002-03-31,7240.0
ID340,2002-06-30,1941.0
ID340,2002-09-30,1557.0
ID340,2002-12-31,7524.0
ID340,2003-03-31,8554.0
ID340,2003-06-30,2241.0
ID340,2003-09-30,1619.0
ID341,1980-03-31,124.0
ID341,1980-06-30,64.0
ID341,1980-09-30,72.0
ID341,1980-12-31,200.0
ID341,1981-03-31,124.0
ID341,1981-06-30,28.0
ID341,1981-09-30,52.0
ID341,1981-12-31,216.0
ID341,1982-03-31,200.0
ID341,1982-06-30,56.0
ID341,1982-09-30,84.0
ID341,1982-12-31,284.0
ID341,1983-03-31,224.0
ID341,1983-06-30,60.0
ID341,1983-09-30,88.0
ID341,1983-12-31,308.0
ID341,1984-03-31,228.0
ID341,1984-06-30,88.0
ID341,1984-09-30,104.0
ID341,1984-12-31,352.0
ID341,1985-03-31,244.0
ID341,1985-06-30,80.0
ID341,1985-09-30,68.0
ID341,1985-12-31,444.0
ID341,1986-03-31,304.0
ID341,1986-06-30,124.0
ID341,1986-09-30,145.0
ID341,1986-12-31,456.0
ID341,1987-03-31,402.0
ID341,1987-06-30,131.0
ID341,1987-09-30,224.0
ID341,1987-12-31,570.0
ID341,1988-03-31,588.0
ID341,1988-06-30,189.0
ID341,1988-09-30,225.0
ID341,1988-12-31,814.0
ID341,1989-03-31,477.0
ID341,1989-06-30,243.0
ID341,1989-09-30,158.0
ID341,1989-12-31,560.0
ID341,1990-03-31,554.0
ID341,1990-06-30,216.0
ID341,1990-09-30,182.0
ID341,1990-12-31,754.0
ID341,1991-03-31,626.0
ID341,1991-06-30,166.0
ID341,1991-09-30,269.0
ID341,1991-12-31,933.0
ID341,1992-03-31,654.0
ID341,1992-06-30,260.0
ID341,1992-09-30,216.0
ID341,1992-12-31,835.0
ID341,1993-03-31,564.0
ID341,1993-06-30,260.0
ID341,1993-09-30,250.0
ID341,1993-12-31,848.0
ID341,1994-03-31,879.0
ID341,1994-06-30,244.0
ID341,1994-09-30,177.0
ID341,1994-12-31,969.0
ID341,1995-03-31,817.0
ID341,1995-06-30,197.0
ID341,1995-09-30,371.0
ID341,1995-12-31,1000.0
ID341,1996-03-31,1097.0
ID341,1996-06-30,289.0
ID341,1996-09-30,272.0
ID341,1996-12-31,1116.0
ID341,1997-03-31,1017.0
ID341,1997-06-30,250.0
ID341,1997-09-30,148.0
ID341,1997-12-31,1488.0
ID341,1998-03-31,1177.0
ID341,1998-06-30,297.0
ID341,1998-09-30,300.0
ID341,1998-12-31,1484.0
ID341,1999-03-31,884.0
ID341,1999-06-30,375.0
ID341,1999-09-30,444.0
ID341,1999-12-31,1556.0
ID341,2000-03-31,1685.0
ID341,2000-06-30,520.0
ID341,2000-09-30,411.0
ID341,2000-12-31,1408.0
ID341,2001-03-31,1070.0
ID341,2001-06-30,468.0
ID341,2001-09-30,502.0
ID341,2001-12-31,1590.0
ID341,2002-03-31,1528.0
ID341,2002-06-30,327.0
ID341,2002-09-30,386.0
ID341,2002-12-31,1512.0
ID341,2003-03-31,1565.0
ID341,2003-06-30,491.0
ID341,2003-09-30,509.0
ID342,1980-03-31,180.0
ID342,1980-06-30,120.0
ID342,1980-09-30,108.0
ID342,1980-12-31,220.0
ID342,1981-03-31,148.0
ID342,1981-06-30,100.0
ID342,1981-09-30,124.0
ID342,1981-12-31,176.0
ID342,1982-03-31,204.0
ID342,1982-06-30,188.0
ID342,1982-09-30,124.0
ID342,1982-12-31,200.0
ID342,1983-03-31,200.0
ID342,1983-06-30,164.0
ID342,1983-09-30,148.0
ID342,1983-12-31,276.0
ID342,1984-03-31,296.0
ID342,1984-06-30,188.0
ID342,1984-09-30,144.0
ID342,1984-12-31,324.0
ID342,1985-03-31,348.0
ID342,1985-06-30,248.0
ID342,1985-09-30,172.0
ID342,1985-12-31,428.0
ID342,1986-03-31,340.0
ID342,1986-06-30,296.0
ID342,1986-09-30,225.0
ID342,1986-12-31,306.0
ID342,1987-03-31,480.0
ID342,1987-06-30,202.0
ID342,1987-09-30,136.0
ID342,1987-12-31,417.0
ID342,1988-03-31,419.0
ID342,1988-06-30,378.0
ID342,1988-09-30,128.0
ID342,1988-12-31,451.0
ID342,1989-03-31,512.0
ID342,1989-06-30,270.0
ID342,1989-09-30,247.0
ID342,1989-12-31,457.0
ID342,1990-03-31,534.0
ID342,1990-06-30,261.0
ID342,1990-09-30,263.0
ID342,1990-12-31,446.0
ID342,1991-03-31,456.0
ID342,1991-06-30,455.0
ID342,1991-09-30,257.0
ID342,1991-12-31,403.0
ID342,1992-03-31,491.0
ID342,1992-06-30,230.0
ID342,1992-09-30,211.0
ID342,1992-12-31,408.0
ID342,1993-03-31,636.0
ID342,1993-06-30,328.0
ID342,1993-09-30,264.0
ID342,1993-12-31,297.0
ID342,1994-03-31,631.0
ID342,1994-06-30,420.0
ID342,1994-09-30,252.0
ID342,1994-12-31,467.0
ID342,1995-03-31,431.0
ID342,1995-06-30,337.0
ID342,1995-09-30,332.0
ID342,1995-12-31,469.0
ID342,1996-03-31,537.0
ID342,1996-06-30,370.0
ID342,1996-09-30,384.0
ID342,1996-12-31,498.0
ID342,1997-03-31,450.0
ID342,1997-06-30,473.0
ID342,1997-09-30,261.0
ID342,1997-12-31,584.0
ID342,1998-03-31,792.0
ID342,1998-06-30,373.0
ID342,1998-09-30,408.0
ID342,1998-12-31,657.0
ID342,1999-03-31,673.0
ID342,1999-06-30,304.0
ID342,1999-09-30,289.0
ID342,1999-12-31,664.0
ID342,2000-03-31,593.0
ID342,2000-06-30,369.0
ID342,2000-09-30,279.0
ID342,2000-12-31,422.0
ID342,2001-03-31,844.0
ID342,2001-06-30,388.0
ID342,2001-09-30,218.0
ID342,2001-12-31,482.0
ID342,2002-03-31,867.0
ID342,2002-06-30,358.0
ID342,2002-09-30,284.0
ID342,2002-12-31,560.0
ID342,2003-03-31,645.0
ID342,2003-06-30,283.0
ID342,2003-09-30,251.0
ID343,1980-03-31,164.0
ID343,1980-06-30,124.0
ID343,1980-09-30,140.0
ID343,1980-12-31,288.0
ID343,1981-03-31,188.0
ID343,1981-06-30,144.0
ID343,1981-09-30,188.0
ID343,1981-12-31,268.0
ID343,1982-03-31,152.0
ID343,1982-06-30,156.0
ID343,1982-09-30,100.0
ID343,1982-12-31,204.0
ID343,1983-03-31,164.0
ID343,1983-06-30,124.0
ID343,1983-09-30,100.0
ID343,1983-12-31,176.0
ID343,1984-03-31,136.0
ID343,1984-06-30,104.0
ID343,1984-09-30,128.0
ID343,1984-12-31,124.0
ID343,1985-03-31,168.0
ID343,1985-06-30,100.0
ID343,1985-09-30,180.0
ID343,1985-12-31,272.0
ID343,1986-03-31,372.0
ID343,1986-06-30,149.0
ID343,1986-09-30,325.0
ID343,1986-12-31,336.0
ID343,1987-03-31,690.0
ID343,1987-06-30,291.0
ID343,1987-09-30,336.0
ID343,1987-12-31,639.0
ID343,1988-03-31,355.0
ID343,1988-06-30,254.0
ID343,1988-09-30,374.0
ID343,1988-12-31,462.0
ID343,1989-03-31,513.0
ID343,1989-06-30,252.0
ID343,1989-09-30,296.0
ID343,1989-12-31,355.0
ID343,1990-03-31,596.0
ID343,1990-06-30,351.0
ID343,1990-09-30,466.0
ID343,1990-12-31,376.0
ID343,1991-03-31,710.0
ID343,1991-06-30,410.0
ID343,1991-09-30,418.0
ID343,1991-12-31,592.0
ID343,1992-03-31,990.0
ID343,1992-06-30,410.0
ID343,1992-09-30,381.0
ID343,1992-12-31,329.0
ID343,1993-03-31,636.0
ID343,1993-06-30,385.0
ID343,1993-09-30,314.0
ID343,1993-12-31,346.0
ID343,1994-03-31,698.0
ID343,1994-06-30,268.0
ID343,1994-09-30,516.0
ID343,1994-12-31,617.0
ID343,1995-03-31,708.0
ID343,1995-06-30,269.0
ID343,1995-09-30,436.0
ID343,1995-12-31,612.0
ID343,1996-03-31,527.0
ID343,1996-06-30,550.0
ID343,1996-09-30,576.0
ID343,1996-12-31,362.0
ID343,1997-03-31,518.0
ID343,1997-06-30,360.0
ID343,1997-09-30,421.0
ID343,1997-12-31,429.0
ID343,1998-03-31,1154.0
ID343,1998-06-30,572.0
ID343,1998-09-30,588.0
ID343,1998-12-31,878.0
ID343,1999-03-31,858.0
ID343,1999-06-30,300.0
ID343,1999-09-30,586.0
ID343,1999-12-31,704.0
ID343,2000-03-31,767.0
ID343,2000-06-30,429.0
ID343,2000-09-30,697.0
ID343,2000-12-31,685.0
ID343,2001-03-31,813.0
ID343,2001-06-30,279.0
ID343,2001-09-30,547.0
ID343,2001-12-31,814.0
ID343,2002-03-31,914.0
ID343,2002-06-30,361.0
ID343,2002-09-30,691.0
ID343,2002-12-31,652.0
ID343,2003-03-31,1147.0
ID343,2003-06-30,309.0
ID343,2003-09-30,595.0
ID344,1980-03-31,1032.0
ID344,1980-06-30,460.0
ID344,1980-09-30,496.0
ID344,1980-12-31,1164.0
ID344,1981-03-31,1176.0
ID344,1981-06-30,548.0
ID344,1981-09-30,552.0
ID344,1981-12-31,1252.0
ID344,1982-03-31,1028.0
ID344,1982-06-30,668.0
ID344,1982-09-30,472.0
ID344,1982-12-31,1260.0
ID344,1983-03-31,1196.0
ID344,1983-06-30,552.0
ID344,1983-09-30,548.0
ID344,1983-12-31,1456.0
ID344,1984-03-31,1352.0
ID344,1984-06-30,676.0
ID344,1984-09-30,668.0
ID344,1984-12-31,1904.0
ID344,1985-03-31,1948.0
ID344,1985-06-30,804.0
ID344,1985-09-30,820.0
ID344,1985-12-31,2404.0
ID344,1986-03-31,2904.0
ID344,1986-06-30,1215.0
ID344,1986-09-30,1395.0
ID344,1986-12-31,3306.0
ID344,1987-03-31,5010.0
ID344,1987-06-30,1787.0
ID344,1987-09-30,1496.0
ID344,1987-12-31,5114.0
ID344,1988-03-31,5578.0
ID344,1988-06-30,2169.0
ID344,1988-09-30,1778.0
ID344,1988-12-31,4939.0
ID344,1989-03-31,6059.0
ID344,1989-06-30,2259.0
ID344,1989-09-30,1799.0
ID344,1989-12-31,4765.0
ID344,1990-03-31,5678.0
ID344,1990-06-30,2439.0
ID344,1990-09-30,2039.0
ID344,1990-12-31,4931.0
ID344,1991-03-31,5630.0
ID344,1991-06-30,2483.0
ID344,1991-09-30,1796.0
ID344,1991-12-31,5555.0
ID344,1992-03-31,5882.0
ID344,1992-06-30,2310.0
ID344,1992-09-30,1650.0
ID344,1992-12-31,4541.0
ID344,1993-03-31,5376.0
ID344,1993-06-30,2121.0
ID344,1993-09-30,1889.0
ID344,1993-12-31,4773.0
ID344,1994-03-31,6002.0
ID344,1994-06-30,2136.0
ID344,1994-09-30,2052.0
ID344,1994-12-31,6008.0
ID344,1995-03-31,6766.0
ID344,1995-06-30,2234.0
ID344,1995-09-30,2319.0
ID344,1995-12-31,6547.0
ID344,1996-03-31,6868.0
ID344,1996-06-30,2709.0
ID344,1996-09-30,2720.0
ID344,1996-12-31,7101.0
ID344,1997-03-31,7771.0
ID344,1997-06-30,2551.0
ID344,1997-09-30,2103.0
ID344,1997-12-31,6899.0
ID344,1998-03-31,8418.0
ID344,1998-06-30,2556.0
ID344,1998-09-30,2436.0
ID344,1998-12-31,7768.0
ID344,1999-03-31,8228.0
ID344,1999-06-30,2564.0
ID344,1999-09-30,2420.0
ID344,1999-12-31,9174.0
ID344,2000-03-31,9686.0
ID344,2000-06-30,3186.0
ID344,2000-09-30,2801.0
ID344,2000-12-31,8992.0
ID344,2001-03-31,9520.0
ID344,2001-06-30,3083.0
ID344,2001-09-30,2901.0
ID344,2001-12-31,8686.0
ID344,2002-03-31,10549.0
ID344,2002-06-30,2987.0
ID344,2002-09-30,2918.0
ID344,2002-12-31,10248.0
ID344,2003-03-31,11911.0
ID344,2003-06-30,3324.0
ID344,2003-09-30,2974.0
ID345,1980-03-31,68.0
ID345,1980-06-30,64.0
ID345,1980-09-30,28.0
ID345,1980-12-31,24.0
ID345,1981-03-31,20.0
ID345,1981-06-30,16.0
ID345,1981-09-30,20.0
ID345,1981-12-31,24.0
ID345,1982-03-31,56.0
ID345,1982-06-30,28.0
ID345,1982-09-30,4.0
ID345,1982-12-31,56.0
ID345,1983-03-31,64.0
ID345,1983-06-30,68.0
ID345,1983-09-30,72.0
ID345,1983-12-31,72.0
ID345,1984-03-31,84.0
ID345,1984-06-30,24.0
ID345,1984-09-30,28.0
ID345,1984-12-31,40.0
ID345,1985-03-31,72.0
ID345,1985-06-30,48.0
ID345,1985-09-30,64.0
ID345,1985-12-31,108.0
ID345,1986-03-31,92.0
ID345,1986-06-30,64.0
ID345,1986-09-30,60.0
ID345,1986-12-31,198.0
ID345,1987-03-31,222.0
ID345,1987-06-30,159.0
ID345,1987-09-30,56.0
ID345,1987-12-31,142.0
ID345,1988-03-31,170.0
ID345,1988-06-30,89.0
ID345,1988-09-30,66.0
ID345,1988-12-31,121.0
ID345,1989-03-31,263.0
ID345,1989-06-30,144.0
ID345,1989-09-30,149.0
ID345,1989-12-31,105.0
ID345,1990-03-31,210.0
ID345,1990-06-30,126.0
ID345,1990-09-30,117.0
ID345,1990-12-31,200.0
ID345,1991-03-31,260.0
ID345,1991-06-30,170.0
ID345,1991-09-30,150.0
ID345,1991-12-31,201.0
ID345,1992-03-31,134.0
ID345,1992-06-30,150.0
ID345,1992-09-30,148.0
ID345,1992-12-31,222.0
ID345,1993-03-31,432.0
ID345,1993-06-30,204.0
ID345,1993-09-30,181.0
ID345,1993-12-31,269.0
ID345,1994-03-31,205.0
ID345,1994-06-30,194.0
ID345,1994-09-30,285.0
ID345,1994-12-31,342.0
ID345,1995-03-31,457.0
ID345,1995-06-30,245.0
ID345,1995-09-30,293.0
ID345,1995-12-31,509.0
ID345,1996-03-31,488.0
ID345,1996-06-30,395.0
ID345,1996-09-30,320.0
ID345,1996-12-31,640.0
ID345,1997-03-31,687.0
ID345,1997-06-30,590.0
ID345,1997-09-30,428.0
ID345,1997-12-31,738.0
ID345,1998-03-31,912.0
ID345,1998-06-30,598.0
ID345,1998-09-30,744.0
ID345,1998-12-31,844.0
ID345,1999-03-31,1099.0
ID345,1999-06-30,673.0
ID345,1999-09-30,974.0
ID345,1999-12-31,1242.0
ID345,2000-03-31,1481.0
ID345,2000-06-30,1053.0
ID345,2000-09-30,1555.0
ID345,2000-12-31,1938.0
ID345,2001-03-31,2100.0
ID345,2001-06-30,1415.0
ID345,2001-09-30,1678.0
ID345,2001-12-31,2006.0
ID345,2002-03-31,2606.0
ID345,2002-06-30,1992.0
ID345,2002-09-30,2045.0
ID345,2002-12-31,2558.0
ID345,2003-03-31,3279.0
ID345,2003-06-30,1841.0
ID345,2003-09-30,2508.0
ID346,1980-03-31,84.0
ID346,1980-06-30,28.0
ID346,1980-09-30,32.0
ID346,1980-12-31,28.0
ID346,1981-03-31,60.0
ID346,1981-06-30,24.0
ID346,1981-09-30,8.0
ID346,1981-12-31,72.0
ID346,1982-03-31,72.0
ID346,1982-06-30,40.0
ID346,1982-09-30,36.0
ID346,1982-12-31,96.0
ID346,1983-03-31,92.0
ID346,1983-06-30,40.0
ID346,1983-09-30,32.0
ID346,1983-12-31,80.0
ID346,1984-03-31,68.0
ID346,1984-06-30,32.0
ID346,1984-09-30,16.0
ID346,1984-12-31,120.0
ID346,1985-03-31,88.0
ID346,1985-06-30,60.0
ID346,1985-09-30,48.0
ID346,1985-12-31,116.0
ID346,1986-03-31,112.0
ID346,1986-06-30,49.0
ID346,1986-09-30,30.0
ID346,1986-12-31,96.0
ID346,1987-03-31,96.0
ID346,1987-06-30,157.0
ID346,1987-09-30,48.0
ID346,1987-12-31,118.0
ID346,1988-03-31,236.0
ID346,1988-06-30,74.0
ID346,1988-09-30,86.0
ID346,1988-12-31,286.0
ID346,1989-03-31,163.0
ID346,1989-06-30,72.0
ID346,1989-09-30,42.0
ID346,1989-12-31,259.0
ID346,1990-03-31,156.0
ID346,1990-06-30,90.0
ID346,1990-09-30,175.0
ID346,1990-12-31,162.0
ID346,1991-03-31,172.0
ID346,1991-06-30,60.0
ID346,1991-09-30,94.0
ID346,1991-12-31,218.0
ID346,1992-03-31,246.0
ID346,1992-06-30,120.0
ID346,1992-09-30,134.0
ID346,1992-12-31,213.0
ID346,1993-03-31,288.0
ID346,1993-06-30,128.0
ID346,1993-09-30,147.0
ID346,1993-12-31,293.0
ID346,1994-03-31,205.0
ID346,1994-06-30,122.0
ID346,1994-09-30,85.0
ID346,1994-12-31,391.0
ID346,1995-03-31,341.0
ID346,1995-06-30,171.0
ID346,1995-09-30,168.0
ID346,1995-12-31,448.0
ID346,1996-03-31,495.0
ID346,1996-06-30,142.0
ID346,1996-09-30,160.0
ID346,1996-12-31,470.0
ID346,1997-03-31,549.0
ID346,1997-06-30,135.0
ID346,1997-09-30,258.0
ID346,1997-12-31,400.0
ID346,1998-03-31,535.0
ID346,1998-06-30,274.0
ID346,1998-09-30,228.0
ID346,1998-12-31,607.0
ID346,1999-03-31,614.0
ID346,1999-06-30,270.0
ID346,1999-09-30,446.0
ID346,1999-12-31,760.0
ID346,2000-03-31,842.0
ID346,2000-06-30,495.0
ID346,2000-09-30,381.0
ID346,2000-12-31,812.0
ID346,2001-03-31,881.0
ID346,2001-06-30,379.0
ID346,2001-09-30,425.0
ID346,2001-12-31,1284.0
ID346,2002-03-31,1135.0
ID346,2002-06-30,464.0
ID346,2002-09-30,460.0
ID346,2002-12-31,1144.0
ID346,2003-03-31,1151.0
ID346,2003-06-30,513.0
ID346,2003-09-30,541.0
ID347,1980-03-31,12.0
ID347,1980-06-30,8.0
ID347,1980-09-30,12.0
ID347,1980-12-31,8.0
ID347,1981-03-31,12.0
ID347,1981-06-30,0.0
ID347,1981-09-30,4.0
ID347,1981-12-31,20.0
ID347,1982-03-31,12.0
ID347,1982-06-30,20.0
ID347,1982-09-30,12.0
ID347,1982-12-31,4.0
ID347,1983-03-31,12.0
ID347,1983-06-30,16.0
ID347,1983-09-30,12.0
ID347,1983-12-31,24.0
ID347,1984-03-31,12.0
ID347,1984-06-30,12.0
ID347,1984-09-30,16.0
ID347,1984-12-31,8.0
ID347,1985-03-31,16.0
ID347,1985-06-30,28.0
ID347,1985-09-30,16.0
ID347,1985-12-31,56.0
ID347,1986-03-31,24.0
ID347,1986-06-30,8.0
ID347,1986-09-30,15.0
ID347,1986-12-31,12.0
ID347,1987-03-31,18.0
ID347,1987-06-30,30.0
ID347,1987-09-30,8.0
ID347,1987-12-31,8.0
ID347,1988-03-31,29.0
ID347,1988-06-30,9.0
ID347,1988-09-30,56.0
ID347,1988-12-31,66.0
ID347,1989-03-31,29.0
ID347,1989-06-30,45.0
ID347,1989-09-30,0.0
ID347,1989-12-31,33.0
ID347,1990-03-31,24.0
ID347,1990-06-30,9.0
ID347,1990-09-30,66.0
ID347,1990-12-31,110.0
ID347,1991-03-31,24.0
ID347,1991-06-30,8.0
ID347,1991-09-30,21.0
ID347,1991-12-31,23.0
ID347,1992-03-31,74.0
ID347,1992-06-30,20.0
ID347,1992-09-30,45.0
ID347,1992-12-31,69.0
ID347,1993-03-31,36.0
ID347,1993-06-30,84.0
ID347,1993-09-30,58.0
ID347,1993-12-31,26.0
ID347,1994-03-31,66.0
ID347,1994-06-30,70.0
ID347,1994-09-30,61.0
ID347,1994-12-31,85.0
ID347,1995-03-31,30.0
ID347,1995-06-30,33.0
ID347,1995-09-30,43.0
ID347,1995-12-31,90.0
ID347,1996-03-31,112.0
ID347,1996-06-30,54.0
ID347,1996-09-30,128.0
ID347,1996-12-31,139.0
ID347,1997-03-31,102.0
ID347,1997-06-30,59.0
ID347,1997-09-30,72.0
ID347,1997-12-31,73.0
ID347,1998-03-31,166.0
ID347,1998-06-30,87.0
ID347,1998-09-30,120.0
ID347,1998-12-31,95.0
ID347,1999-03-31,139.0
ID347,1999-06-30,89.0
ID347,1999-09-30,174.0
ID347,1999-12-31,88.0
ID347,2000-03-31,162.0
ID347,2000-06-30,112.0
ID347,2000-09-30,86.0
ID347,2000-12-31,146.0
ID347,2001-03-31,68.0
ID347,2001-06-30,133.0
ID347,2001-09-30,124.0
ID347,2001-12-31,130.0
ID347,2002-03-31,52.0
ID347,2002-06-30,142.0
ID347,2002-09-30,63.0
ID347,2002-12-31,72.0
ID347,2003-03-31,134.0
ID347,2003-06-30,164.0
ID347,2003-09-30,18.0
ID348,1980-03-31,16.0
ID348,1980-06-30,12.0
ID348,1980-09-30,20.0
ID348,1980-12-31,0.0
ID348,1981-03-31,16.0
ID348,1981-06-30,4.0
ID348,1981-09-30,8.0
ID348,1981-12-31,16.0
ID348,1982-03-31,12.0
ID348,1982-06-30,12.0
ID348,1982-09-30,16.0
ID348,1982-12-31,28.0
ID348,1983-03-31,12.0
ID348,1983-06-30,8.0
ID348,1983-09-30,4.0
ID348,1983-12-31,20.0
ID348,1984-03-31,4.0
ID348,1984-06-30,28.0
ID348,1984-09-30,32.0
ID348,1984-12-31,16.0
ID348,1985-03-31,28.0
ID348,1985-06-30,32.0
ID348,1985-09-30,24.0
ID348,1985-12-31,40.0
ID348,1986-03-31,8.0
ID348,1986-06-30,24.0
ID348,1986-09-30,20.0
ID348,1986-12-31,36.0
ID348,1987-03-31,42.0
ID348,1987-06-30,65.0
ID348,1987-09-30,40.0
ID348,1987-12-31,19.0
ID348,1988-03-31,92.0
ID348,1988-06-30,16.0
ID348,1988-09-30,0.0
ID348,1988-12-31,44.0
ID348,1989-03-31,51.0
ID348,1989-06-30,45.0
ID348,1989-09-30,11.0
ID348,1989-12-31,32.0
ID348,1990-03-31,74.0
ID348,1990-06-30,27.0
ID348,1990-09-30,20.0
ID348,1990-12-31,12.0
ID348,1991-03-31,54.0
ID348,1991-06-30,55.0
ID348,1991-09-30,33.0
ID348,1991-12-31,89.0
ID348,1992-03-31,43.0
ID348,1992-06-30,60.0
ID348,1992-09-30,35.0
ID348,1992-12-31,11.0
ID348,1993-03-31,36.0
ID348,1993-06-30,42.0
ID348,1993-09-30,35.0
ID348,1993-12-31,26.0
ID348,1994-03-31,38.0
ID348,1994-06-30,44.0
ID348,1994-09-30,26.0
ID348,1994-12-31,43.0
ID348,1995-03-31,94.0
ID348,1995-06-30,85.0
ID348,1995-09-30,71.0
ID348,1995-12-31,75.0
ID348,1996-03-31,50.0
ID348,1996-06-30,96.0
ID348,1996-09-30,112.0
ID348,1996-12-31,155.0
ID348,1997-03-31,70.0
ID348,1997-06-30,42.0
ID348,1997-09-30,215.0
ID348,1997-12-31,97.0
ID348,1998-03-31,58.0
ID348,1998-06-30,108.0
ID348,1998-09-30,156.0
ID348,1998-12-31,123.0
ID348,1999-03-31,84.0
ID348,1999-06-30,103.0
ID348,1999-09-30,94.0
ID348,1999-12-31,162.0
ID348,2000-03-31,205.0
ID348,2000-06-30,122.0
ID348,2000-09-30,71.0
ID348,2000-12-31,98.0
ID348,2001-03-31,94.0
ID348,2001-06-30,155.0
ID348,2001-09-30,203.0
ID348,2001-12-31,177.0
ID348,2002-03-31,182.0
ID348,2002-06-30,204.0
ID348,2002-09-30,162.0
ID348,2002-12-31,208.0
ID348,2003-03-31,212.0
ID348,2003-06-30,263.0
ID348,2003-09-30,49.0
ID349,1980-03-31,180.0
ID349,1980-06-30,112.0
ID349,1980-09-30,92.0
ID349,1980-12-31,60.0
ID349,1981-03-31,108.0
ID349,1981-06-30,44.0
ID349,1981-09-30,40.0
ID349,1981-12-31,132.0
ID349,1982-03-31,152.0
ID349,1982-06-30,100.0
ID349,1982-09-30,68.0
ID349,1982-12-31,184.0
ID349,1983-03-31,180.0
ID349,1983-06-30,132.0
ID349,1983-09-30,120.0
ID349,1983-12-31,196.0
ID349,1984-03-31,168.0
ID349,1984-06-30,96.0
ID349,1984-09-30,92.0
ID349,1984-12-31,184.0
ID349,1985-03-31,204.0
ID349,1985-06-30,168.0
ID349,1985-09-30,152.0
ID349,1985-12-31,320.0
ID349,1986-03-31,236.0
ID349,1986-06-30,145.0
ID349,1986-09-30,125.0
ID349,1986-12-31,342.0
ID349,1987-03-31,378.0
ID349,1987-06-30,411.0
ID349,1987-09-30,152.0
ID349,1987-12-31,287.0
ID349,1988-03-31,527.0
ID349,1988-06-30,188.0
ID349,1988-09-30,208.0
ID349,1988-12-31,517.0
ID349,1989-03-31,506.0
ID349,1989-06-30,306.0
ID349,1989-09-30,202.0
ID349,1989-12-31,429.0
ID349,1990-03-31,464.0
ID349,1990-06-30,252.0
ID349,1990-09-30,378.0
ID349,1990-12-31,484.0
ID349,1991-03-31,510.0
ID349,1991-06-30,293.0
ID349,1991-09-30,298.0
ID349,1991-12-31,531.0
ID349,1992-03-31,497.0
ID349,1992-06-30,350.0
ID349,1992-09-30,362.0
ID349,1992-12-31,515.0
ID349,1993-03-31,792.0
ID349,1993-06-30,458.0
ID349,1993-09-30,421.0
ID349,1993-12-31,614.0
ID349,1994-03-31,514.0
ID349,1994-06-30,430.0
ID349,1994-09-30,457.0
ID349,1994-12-31,861.0
ID349,1995-03-31,922.0
ID349,1995-06-30,534.0
ID349,1995-09-30,575.0
ID349,1995-12-31,1122.0
ID349,1996-03-31,1145.0
ID349,1996-06-30,687.0
ID349,1996-09-30,720.0
ID349,1996-12-31,1404.0
ID349,1997-03-31,1408.0
ID349,1997-06-30,826.0
ID349,1997-09-30,973.0
ID349,1997-12-31,1308.0
ID349,1998-03-31,1671.0
ID349,1998-06-30,1067.0
ID349,1998-09-30,1248.0
ID349,1998-12-31,1669.0
ID349,1999-03-31,1936.0
ID349,1999-06-30,1135.0
ID349,1999-09-30,1688.0
ID349,1999-12-31,2252.0
ID349,2000-03-31,2690.0
ID349,2000-06-30,1782.0
ID349,2000-09-30,2093.0
ID349,2000-12-31,2994.0
ID349,2001-03-31,3143.0
ID349,2001-06-30,2082.0
ID349,2001-09-30,2430.0
ID349,2001-12-31,3597.0
ID349,2002-03-31,3975.0
ID349,2002-06-30,2802.0
ID349,2002-09-30,2730.0
ID349,2002-12-31,3982.0
ID349,2003-03-31,4776.0
ID349,2003-06-30,2781.0
ID349,2003-09-30,3116.0
ID35,1976-03-31,85.0
ID35,1976-06-30,129.0
ID35,1976-09-30,168.0
ID35,1976-12-31,140.0
ID35,1977-03-31,127.0
ID35,1977-06-30,157.0
ID35,1977-09-30,178.0
ID35,1977-12-31,128.0
ID35,1978-03-31,123.0
ID35,1978-06-30,151.0
ID35,1978-09-30,168.0
ID35,1978-12-31,120.0
ID35,1979-03-31,106.0
ID35,1979-06-30,151.0
ID35,1979-09-30,166.0
ID35,1979-12-31,118.0
ID35,1980-03-31,115.0
ID35,1980-06-30,157.0
ID35,1980-09-30,166.0
ID35,1980-12-31,118.0
ID35,1981-03-31,118.0
ID35,1981-06-30,143.0
ID35,1981-09-30,160.0
ID35,1981-12-31,122.0
ID35,1982-03-31,123.0
ID35,1982-06-30,157.0
ID35,1982-09-30,171.0
ID35,1982-12-31,133.0
ID35,1983-03-31,129.0
ID35,1983-06-30,162.0
ID35,1983-09-30,179.0
ID35,1983-12-31,147.0
ID35,1984-03-31,132.0
ID35,1984-06-30,173.0
ID35,1984-09-30,186.0
ID35,1984-12-31,155.0
ID35,1985-03-31,148.0
ID35,1985-06-30,203.0
ID35,1985-09-30,206.0
ID35,1985-12-31,165.0
ID35,1986-03-31,156.0
ID35,1986-06-30,185.0
ID35,1986-09-30,198.0
ID35,1986-12-31,167.0
ID35,1987-03-31,151.0
ID35,1987-06-30,188.0
ID35,1987-09-30,204.0
ID35,1987-12-31,182.0
ID35,1988-03-31,187.0
ID35,1988-06-30,221.0
ID35,1988-09-30,244.0
ID35,1988-12-31,198.0
ID35,1989-03-31,177.0
ID35,1989-06-30,203.0
ID35,1989-09-30,219.0
ID35,1989-12-31,198.0
ID35,1990-03-31,183.0
ID35,1990-06-30,223.0
ID35,1990-09-30,244.0
ID35,1990-12-31,214.0
ID35,1991-03-31,141.0
ID35,1991-06-30,198.0
ID35,1991-09-30,222.0
ID35,1991-12-31,208.0
ID35,1992-03-31,192.0
ID35,1992-06-30,235.0
ID35,1992-09-30,259.0
ID35,1992-12-31,232.0
ID35,1993-03-31,198.0
ID35,1993-06-30,245.0
ID35,1993-09-30,279.0
ID35,1993-12-31,237.0
ID35,1994-03-31,232.0
ID35,1994-06-30,268.0
ID35,1994-09-30,308.0
ID35,1994-12-31,266.0
ID35,1995-03-31,246.0
ID35,1995-06-30,305.0
ID35,1995-09-30,329.0
ID35,1995-12-31,289.0
ID35,1996-03-31,268.0
ID35,1996-06-30,328.0
ID35,1996-09-30,363.0
ID35,1996-12-31,324.0
ID35,1997-03-31,322.0
ID35,1997-06-30,384.0
ID35,1997-09-30,409.0
ID35,1997-12-31,383.0
ID35,1998-03-31,363.0
ID35,1998-06-30,414.0
ID35,1998-09-30,454.0
ID35,1998-12-31,393.0
ID35,1999-03-31,375.0
ID35,1999-06-30,400.0
ID35,1999-09-30,435.0
ID35,1999-12-31,363.0
ID35,2000-03-31,333.0
ID35,2000-06-30,373.0
ID35,2000-09-30,393.0
ID35,2000-12-31,336.0
ID35,2001-03-31,300.0
ID35,2001-06-30,314.0
ID35,2001-09-30,352.0
ID35,2001-12-31,268.0
ID35,2002-03-31,276.0
ID35,2002-06-30,332.0
ID350,1980-03-31,3732.0
ID350,1980-06-30,1136.0
ID350,1980-09-30,1232.0
ID350,1980-12-31,3504.0
ID350,1981-03-31,4452.0
ID350,1981-06-30,1336.0
ID350,1981-09-30,1492.0
ID350,1981-12-31,3900.0
ID350,1982-03-31,4108.0
ID350,1982-06-30,1564.0
ID350,1982-09-30,1432.0
ID350,1982-12-31,4015.0
ID350,1983-03-31,4496.0
ID350,1983-06-30,1880.0
ID350,1983-09-30,1856.0
ID350,1983-12-31,4448.0
ID350,1984-03-31,5596.0
ID350,1984-06-30,1656.0
ID350,1984-09-30,2044.0
ID350,1984-12-31,5136.0
ID350,1985-03-31,6432.0
ID350,1985-06-30,2060.0
ID350,1985-09-30,2424.0
ID350,1985-12-31,6047.0
ID350,1986-03-31,8584.0
ID350,1986-06-30,2784.0
ID350,1986-09-30,3080.0
ID350,1986-12-31,8916.0
ID350,1987-03-31,12174.0
ID350,1987-06-30,4674.0
ID350,1987-09-30,3752.0
ID350,1987-12-31,10215.0
ID350,1988-03-31,14085.0
ID350,1988-06-30,5167.0
ID350,1988-09-30,4968.0
ID350,1988-12-31,11462.0
ID350,1989-03-31,14608.0
ID350,1989-06-30,5247.0
ID350,1989-09-30,5638.0
ID350,1989-12-31,12774.0
ID350,1990-03-31,15954.0
ID350,1990-06-30,7245.0
ID350,1990-09-30,6027.0
ID350,1990-12-31,14616.0
ID350,1991-03-31,17830.0
ID350,1991-06-30,7457.0
ID350,1991-09-30,6111.0
ID350,1991-12-31,15470.0
ID350,1992-03-31,18334.0
ID350,1992-06-30,8380.0
ID350,1992-09-30,6581.0
ID350,1992-12-31,15464.0
ID350,1993-03-31,21300.0
ID350,1993-06-30,8799.0
ID350,1993-09-30,7117.0
ID350,1993-12-31,19795.0
ID350,1994-03-31,24688.0
ID350,1994-06-30,9142.0
ID350,1994-09-30,8242.0
ID350,1994-12-31,22248.0
ID350,1995-03-31,28158.0
ID350,1995-06-30,9845.0
ID350,1995-09-30,9790.0
ID350,1995-12-31,22245.0
ID350,1996-03-31,29526.0
ID350,1996-06-30,11656.0
ID350,1996-09-30,10240.0
ID350,1996-12-31,28182.0
ID350,1997-03-31,38605.0
ID350,1997-06-30,12764.0
ID350,1997-09-30,10978.0
ID350,1997-12-31,25879.0
ID350,1998-03-31,35239.0
ID350,1998-06-30,11787.0
ID350,1998-09-30,11340.0
ID350,1998-12-31,28105.0
ID350,1999-03-31,40290.0
ID350,1999-06-30,13345.0
ID350,1999-09-30,14076.0
ID350,1999-12-31,32554.0
ID350,2000-03-31,42294.0
ID350,2000-06-30,18280.0
ID350,2000-09-30,17204.0
ID350,2000-12-31,42280.0
ID350,2001-03-31,52217.0
ID350,2001-06-30,19243.0
ID350,2001-09-30,19485.0
ID350,2001-12-31,41230.0
ID350,2002-03-31,63625.0
ID350,2002-06-30,21880.0
ID350,2002-09-30,21739.0
ID350,2002-12-31,48424.0
ID350,2003-03-31,68171.0
ID350,2003-06-30,26427.0
ID350,2003-09-30,25175.0
ID351,1980-03-31,7248.0
ID351,1980-06-30,1436.0
ID351,1980-09-30,1945.0
ID351,1980-12-31,7968.0
ID351,1981-03-31,8381.0
ID351,1981-06-30,1681.0
ID351,1981-09-30,2093.0
ID351,1981-12-31,9191.0
ID351,1982-03-31,7513.0
ID351,1982-06-30,1940.0
ID351,1982-09-30,2232.0
ID351,1982-12-31,9430.0
ID351,1983-03-31,7328.0
ID351,1983-06-30,1764.0
ID351,1983-09-30,2277.0
ID351,1983-12-31,9943.0
ID351,1984-03-31,7584.0
ID351,1984-06-30,2144.0
ID351,1984-09-30,2568.0
ID351,1984-12-31,8821.0
ID351,1985-03-31,8237.0
ID351,1985-06-30,2060.0
ID351,1985-09-30,2544.0
ID351,1985-12-31,9424.0
ID351,1986-03-31,8829.0
ID351,1986-06-30,2359.0
ID351,1986-09-30,2740.0
ID351,1986-12-31,9978.0
ID351,1987-03-31,9834.0
ID351,1987-06-30,3429.0
ID351,1987-09-30,3032.0
ID351,1987-12-31,13680.0
ID351,1988-03-31,14237.0
ID351,1988-06-30,3685.0
ID351,1988-09-30,4256.0
ID351,1988-12-31,15576.0
ID351,1989-03-31,13629.0
ID351,1989-06-30,4365.0
ID351,1989-09-30,4271.0
ID351,1989-12-31,15056.0
ID351,1990-03-31,14190.0
ID351,1990-06-30,7389.0
ID351,1990-09-30,5186.0
ID351,1990-12-31,15672.0
ID351,1991-03-31,15034.0
ID351,1991-06-30,5231.0
ID351,1991-09-30,4622.0
ID351,1991-12-31,16676.0
ID351,1992-03-31,18595.0
ID351,1992-06-30,6920.0
ID351,1992-09-30,5028.0
ID351,1992-12-31,16755.0
ID351,1993-03-31,16140.0
ID351,1993-06-30,5685.0
ID351,1993-09-30,5358.0
ID351,1993-12-31,19695.0
ID351,1994-03-31,19647.0
ID351,1994-06-30,5682.0
ID351,1994-09-30,5633.0
ID351,1994-12-31,18597.0
ID351,1995-03-31,19267.0
ID351,1995-06-30,6213.0
ID351,1995-09-30,6131.0
ID351,1995-12-31,20180.0
ID351,1996-03-31,21744.0
ID351,1996-06-30,7937.0
ID351,1996-09-30,6528.0
ID351,1996-12-31,21857.0
ID351,1997-03-31,24280.0
ID351,1997-06-30,7082.0
ID351,1997-09-30,6537.0
ID351,1997-12-31,23952.0
ID351,1998-03-31,26830.0
ID351,1998-06-30,8988.0
ID351,1998-09-30,8088.0
ID351,1998-12-31,26202.0
ID351,1999-03-31,27788.0
ID351,1999-06-30,9552.0
ID351,1999-09-30,9874.0
ID351,1999-12-31,26640.0
ID351,2000-03-31,33724.0
ID351,2000-06-30,12809.0
ID351,2000-09-30,10548.0
ID351,2000-12-31,33819.0
ID351,2001-03-31,34353.0
ID351,2001-06-30,11417.0
ID351,2001-09-30,11303.0
ID351,2001-12-31,33999.0
ID351,2002-03-31,39812.0
ID351,2002-06-30,10653.0
ID351,2002-09-30,11276.0
ID351,2002-12-31,35958.0
ID351,2003-03-31,39748.0
ID351,2003-06-30,15008.0
ID351,2003-09-30,13767.0
ID352,1980-03-31,1624.0
ID352,1980-06-30,940.0
ID352,1980-09-30,876.0
ID352,1980-12-31,1220.0
ID352,1981-03-31,1420.0
ID352,1981-06-30,992.0
ID352,1981-09-30,976.0
ID352,1981-12-31,1368.0
ID352,1982-03-31,1676.0
ID352,1982-06-30,1192.0
ID352,1982-09-30,1032.0
ID352,1982-12-31,1440.0
ID352,1983-03-31,1780.0
ID352,1983-06-30,1376.0
ID352,1983-09-30,1076.0
ID352,1983-12-31,1608.0
ID352,1984-03-31,1968.0
ID352,1984-06-30,1316.0
ID352,1984-09-30,1112.0
ID352,1984-12-31,1816.0
ID352,1985-03-31,1972.0
ID352,1985-06-30,1468.0
ID352,1985-09-30,1292.0
ID352,1985-12-31,1964.0
ID352,1986-03-31,1984.0
ID352,1986-06-30,1444.0
ID352,1986-09-30,1425.0
ID352,1986-12-31,1764.0
ID352,1987-03-31,2346.0
ID352,1987-06-30,1814.0
ID352,1987-09-30,1520.0
ID352,1987-12-31,1870.0
ID352,1988-03-31,2755.0
ID352,1988-06-30,2042.0
ID352,1988-09-30,1718.0
ID352,1988-12-31,2321.0
ID352,1989-03-31,2252.0
ID352,1989-06-30,1719.0
ID352,1989-09-30,1659.0
ID352,1989-12-31,2244.0
ID352,1990-03-31,3036.0
ID352,1990-06-30,1827.0
ID352,1990-09-30,1502.0
ID352,1990-12-31,2028.0
ID352,1991-03-31,1978.0
ID352,1991-06-30,1875.0
ID352,1991-09-30,1522.0
ID352,1991-12-31,1936.0
ID352,1992-03-31,2820.0
ID352,1992-06-30,1900.0
ID352,1992-09-30,1385.0
ID352,1992-12-31,1926.0
ID352,1993-03-31,2712.0
ID352,1993-06-30,1702.0
ID352,1993-09-30,1573.0
ID352,1993-12-31,1860.0
ID352,1994-03-31,3050.0
ID352,1994-06-30,2168.0
ID352,1994-09-30,2128.0
ID352,1994-12-31,2336.0
ID352,1995-03-31,2979.0
ID352,1995-06-30,2267.0
ID352,1995-09-30,2059.0
ID352,1995-12-31,2989.0
ID352,1996-03-31,3572.0
ID352,1996-06-30,2462.0
ID352,1996-09-30,2320.0
ID352,1996-12-31,2573.0
ID352,1997-03-31,3040.0
ID352,1997-06-30,2298.0
ID352,1997-09-30,2404.0
ID352,1997-12-31,2930.0
ID352,1998-03-31,3627.0
ID352,1998-06-30,2679.0
ID352,1998-09-30,2388.0
ID352,1998-12-31,2921.0
ID352,1999-03-31,3238.0
ID352,1999-06-30,1987.0
ID352,1999-09-30,2543.0
ID352,1999-12-31,2756.0
ID352,2000-03-31,3921.0
ID352,2000-06-30,2396.0
ID352,2000-09-30,2215.0
ID352,2000-12-31,2905.0
ID352,2001-03-31,4077.0
ID352,2001-06-30,2524.0
ID352,2001-09-30,2473.0
ID352,2001-12-31,2552.0
ID352,2002-03-31,3448.0
ID352,2002-06-30,2430.0
ID352,2002-09-30,2440.0
ID352,2002-12-31,3148.0
ID352,2003-03-31,3565.0
ID352,2003-06-30,2805.0
ID352,2003-09-30,2203.0
ID353,1980-03-31,1648.0
ID353,1980-06-30,788.0
ID353,1980-09-30,1100.0
ID353,1980-12-31,1300.0
ID353,1981-03-31,1276.0
ID353,1981-06-30,984.0
ID353,1981-09-30,925.0
ID353,1981-12-31,1457.0
ID353,1982-03-31,1200.0
ID353,1982-06-30,852.0
ID353,1982-09-30,992.0
ID353,1982-12-31,1245.0
ID353,1983-03-31,1012.0
ID353,1983-06-30,728.0
ID353,1983-09-30,960.0
ID353,1983-12-31,944.0
ID353,1984-03-31,1012.0
ID353,1984-06-30,784.0
ID353,1984-09-30,872.0
ID353,1984-12-31,920.0
ID353,1985-03-31,1196.0
ID353,1985-06-30,900.0
ID353,1985-09-30,1020.0
ID353,1985-12-31,1392.0
ID353,1986-03-31,1346.0
ID353,1986-06-30,854.0
ID353,1986-09-30,1500.0
ID353,1986-12-31,1752.0
ID353,1987-03-31,2112.0
ID353,1987-06-30,1607.0
ID353,1987-09-30,1760.0
ID353,1987-12-31,1864.0
ID353,1988-03-31,1807.0
ID353,1988-06-30,1261.0
ID353,1988-09-30,1453.0
ID353,1988-12-31,1815.0
ID353,1989-03-31,2367.0
ID353,1989-06-30,1179.0
ID353,1989-09-30,1577.0
ID353,1989-12-31,2077.0
ID353,1990-03-31,3444.0
ID353,1990-06-30,2079.0
ID353,1990-09-30,1815.0
ID353,1990-12-31,1910.0
ID353,1991-03-31,2488.0
ID353,1991-06-30,2255.0
ID353,1991-09-30,1805.0
ID353,1991-12-31,2750.0
ID353,1992-03-31,2776.0
ID353,1992-06-30,1930.0
ID353,1992-09-30,1880.0
ID353,1992-12-31,1956.0
ID353,1993-03-31,2448.0
ID353,1993-06-30,1694.0
ID353,1993-09-30,1725.0
ID353,1993-12-31,2228.0
ID353,1994-03-31,2896.0
ID353,1994-06-30,2280.0
ID353,1994-09-30,2606.0
ID353,1994-12-31,3184.0
ID353,1995-03-31,3472.0
ID353,1995-06-30,2169.0
ID353,1995-09-30,2387.0
ID353,1995-12-31,3267.0
ID353,1996-03-31,3036.0
ID353,1996-06-30,2409.0
ID353,1996-09-30,2512.0
ID353,1996-12-31,3285.0
ID353,1997-03-31,3345.0
ID353,1997-06-30,2176.0
ID353,1997-09-30,2841.0
ID353,1997-12-31,2910.0
ID353,1998-03-31,4296.0
ID353,1998-06-30,2568.0
ID353,1998-09-30,3120.0
ID353,1998-12-31,3945.0
ID353,1999-03-31,3975.0
ID353,1999-06-30,2233.0
ID353,1999-09-30,2597.0
ID353,1999-12-31,4220.0
ID353,2000-03-31,4131.0
ID353,2000-06-30,2124.0
ID353,2000-09-30,2868.0
ID353,2000-12-31,2956.0
ID353,2001-03-31,3388.0
ID353,2001-06-30,2053.0
ID353,2001-09-30,2927.0
ID353,2001-12-31,3847.0
ID353,2002-03-31,4002.0
ID353,2002-06-30,2347.0
ID353,2002-09-30,2871.0
ID353,2002-12-31,3124.0
ID353,2003-03-31,4609.0
ID353,2003-06-30,2873.0
ID353,2003-09-30,3061.0
ID354,1980-03-31,14252.0
ID354,1980-06-30,4300.0
ID354,1980-09-30,5153.0
ID354,1980-12-31,13992.0
ID354,1981-03-31,15529.0
ID354,1981-06-30,4993.0
ID354,1981-09-30,5486.0
ID354,1981-12-31,15916.0
ID354,1982-03-31,14497.0
ID354,1982-06-30,5548.0
ID354,1982-09-30,5688.0
ID354,1982-12-31,16130.0
ID354,1983-03-31,14616.0
ID354,1983-06-30,5748.0
ID354,1983-09-30,6169.0
ID354,1983-12-31,16943.0
ID354,1984-03-31,16160.0
ID354,1984-06-30,5900.0
ID354,1984-09-30,6596.0
ID354,1984-12-31,16693.0
ID354,1985-03-31,17837.0
ID354,1985-06-30,6488.0
ID354,1985-09-30,7280.0
ID354,1985-12-31,18827.0
ID354,1986-03-31,20743.0
ID354,1986-06-30,7441.0
ID354,1986-09-30,8745.0
ID354,1986-12-31,22410.0
ID354,1987-03-31,26466.0
ID354,1987-06-30,11524.0
ID354,1987-09-30,10064.0
ID354,1987-12-31,27629.0
ID354,1988-03-31,32884.0
ID354,1988-06-30,12155.0
ID354,1988-09-30,12395.0
ID354,1988-12-31,31174.0
ID354,1989-03-31,32856.0
ID354,1989-06-30,12510.0
ID354,1989-09-30,13145.0
ID354,1989-12-31,32151.0
ID354,1990-03-31,36624.0
ID354,1990-06-30,18540.0
ID354,1990-09-30,14530.0
ID354,1990-12-31,34226.0
ID354,1991-03-31,37330.0
ID354,1991-06-30,16818.0
ID354,1991-09-30,14060.0
ID354,1991-12-31,36832.0
ID354,1992-03-31,42525.0
ID354,1992-06-30,19130.0
ID354,1992-09-30,14874.0
ID354,1992-12-31,36101.0
ID354,1993-03-31,42600.0
ID354,1993-06-30,17880.0
ID354,1993-09-30,15773.0
ID354,1993-12-31,43578.0
ID354,1994-03-31,50281.0
ID354,1994-06-30,19272.0
ID354,1994-09-30,18609.0
ID354,1994-12-31,46365.0
ID354,1995-03-31,53876.0
ID354,1995-06-30,20494.0
ID354,1995-09-30,20367.0
ID354,1995-12-31,48681.0
ID354,1996-03-31,57878.0
ID354,1996-06-30,24464.0
ID354,1996-09-30,21600.0
ID354,1996-12-31,55897.0
ID354,1997-03-31,69270.0
ID354,1997-06-30,24320.0
ID354,1997-09-30,22760.0
ID354,1997-12-31,55671.0
ID354,1998-03-31,69992.0
ID354,1998-06-30,26022.0
ID354,1998-09-30,24936.0
ID354,1998-12-31,61173.0
ID354,1999-03-31,75291.0
ID354,1999-06-30,27117.0
ID354,1999-09-30,29090.0
ID354,1999-12-31,66170.0
ID354,2000-03-31,84070.0
ID354,2000-06-30,35609.0
ID354,2000-09-30,32835.0
ID354,2000-12-31,81960.0
ID354,2001-03-31,94035.0
ID354,2001-06-30,35237.0
ID354,2001-09-30,36188.0
ID354,2001-12-31,81628.0
ID354,2002-03-31,110887.0
ID354,2002-06-30,37310.0
ID354,2002-09-30,38326.0
ID354,2002-12-31,90654.0
ID354,2003-03-31,116093.0
ID354,2003-06-30,47113.0
ID354,2003-09-30,44206.0
ID355,1980-03-31,1844.0
ID355,1980-06-30,636.0
ID355,1980-09-30,844.0
ID355,1980-12-31,2124.0
ID355,1981-03-31,2232.0
ID355,1981-06-30,596.0
ID355,1981-09-30,852.0
ID355,1981-12-31,2152.0
ID355,1982-03-31,2384.0
ID355,1982-06-30,768.0
ID355,1982-09-30,772.0
ID355,1982-12-31,2160.0
ID355,1983-03-31,2484.0
ID355,1983-06-30,828.0
ID355,1983-09-30,832.0
ID355,1983-12-31,2452.0
ID355,1984-03-31,2176.0
ID355,1984-06-30,836.0
ID355,1984-09-30,712.0
ID355,1984-12-31,2588.0
ID355,1985-03-31,2724.0
ID355,1985-06-30,708.0
ID355,1985-09-30,816.0
ID355,1985-12-31,2948.0
ID355,1986-03-31,2972.0
ID355,1986-06-30,644.0
ID355,1986-09-30,900.0
ID355,1986-12-31,3708.0
ID355,1987-03-31,4014.0
ID355,1987-06-30,1325.0
ID355,1987-09-30,1112.0
ID355,1987-12-31,5547.0
ID355,1988-03-31,5679.0
ID355,1988-06-30,1482.0
ID355,1988-09-30,2231.0
ID355,1988-12-31,5610.0
ID355,1989-03-31,6880.0
ID355,1989-06-30,1944.0
ID355,1989-09-30,2384.0
ID355,1989-12-31,7223.0
ID355,1990-03-31,7690.0
ID355,1990-06-30,3123.0
ID355,1990-09-30,2717.0
ID355,1990-12-31,10679.0
ID355,1991-03-31,9654.0
ID355,1991-06-30,2757.0
ID355,1991-09-30,3142.0
ID355,1991-12-31,12075.0
ID355,1992-03-31,12944.0
ID355,1992-06-30,5490.0
ID355,1992-09-30,4016.0
ID355,1992-12-31,15464.0
ID355,1993-03-31,18396.0
ID355,1993-06-30,5137.0
ID355,1993-09-30,4618.0
ID355,1993-12-31,19192.0
ID355,1994-03-31,21175.0
ID355,1994-06-30,6034.0
ID355,1994-09-30,4241.0
ID355,1994-12-31,18332.0
ID355,1995-03-31,18384.0
ID355,1995-06-30,5812.0
ID355,1995-09-30,4225.0
ID355,1995-12-31,16434.0
ID355,1996-03-31,16554.0
ID355,1996-06-30,5044.0
ID355,1996-09-30,3232.0
ID355,1996-12-31,15868.0
ID355,1997-03-31,15030.0
ID355,1997-06-30,4861.0
ID355,1997-09-30,3593.0
ID355,1997-12-31,13607.0
ID355,1998-03-31,15325.0
ID355,1998-06-30,3605.0
ID355,1998-09-30,3108.0
ID355,1998-12-31,13699.0
ID355,1999-03-31,15196.0
ID355,1999-06-30,3211.0
ID355,1999-09-30,2756.0
ID355,1999-12-31,15294.0
ID355,2000-03-31,16230.0
ID355,2000-06-30,4100.0
ID355,2000-09-30,3057.0
ID355,2000-12-31,17174.0
ID355,2001-03-31,19207.0
ID355,2001-06-30,3640.0
ID355,2001-09-30,3450.0
ID355,2001-12-31,15630.0
ID355,2002-03-31,15388.0
ID355,2002-06-30,3302.0
ID355,2002-09-30,3110.0
ID355,2002-12-31,15822.0
ID355,2003-03-31,16792.0
ID355,2003-06-30,3815.0
ID355,2003-09-30,3897.0
ID356,1980-03-31,328.0
ID356,1980-06-30,64.0
ID356,1980-09-30,56.0
ID356,1980-12-31,312.0
ID356,1981-03-31,356.0
ID356,1981-06-30,124.0
ID356,1981-09-30,173.0
ID356,1981-12-31,420.0
ID356,1982-03-31,372.0
ID356,1982-06-30,100.0
ID356,1982-09-30,144.0
ID356,1982-12-31,464.0
ID356,1983-03-31,424.0
ID356,1983-06-30,92.0
ID356,1983-09-30,136.0
ID356,1983-12-31,396.0
ID356,1984-03-31,408.0
ID356,1984-06-30,164.0
ID356,1984-09-30,112.0
ID356,1984-12-31,548.0
ID356,1985-03-31,380.0
ID356,1985-06-30,160.0
ID356,1985-09-30,152.0
ID356,1985-12-31,484.0
ID356,1986-03-31,404.0
ID356,1986-06-30,133.0
ID356,1986-09-30,250.0
ID356,1986-12-31,606.0
ID356,1987-03-31,522.0
ID356,1987-06-30,249.0
ID356,1987-09-30,192.0
ID356,1987-12-31,1001.0
ID356,1988-03-31,857.0
ID356,1988-06-30,269.0
ID356,1988-09-30,248.0
ID356,1988-12-31,770.0
ID356,1989-03-31,791.0
ID356,1989-06-30,234.0
ID356,1989-09-30,343.0
ID356,1989-12-31,952.0
ID356,1990-03-31,838.0
ID356,1990-06-30,351.0
ID356,1990-09-30,462.0
ID356,1990-12-31,930.0
ID356,1991-03-31,1086.0
ID356,1991-06-30,258.0
ID356,1991-09-30,335.0
ID356,1991-12-31,1215.0
ID356,1992-03-31,1367.0
ID356,1992-06-30,520.0
ID356,1992-09-30,412.0
ID356,1992-12-31,1225.0
ID356,1993-03-31,912.0
ID356,1993-06-30,401.0
ID356,1993-09-30,416.0
ID356,1993-12-31,1623.0
ID356,1994-03-31,1366.0
ID356,1994-06-30,294.0
ID356,1994-09-30,627.0
ID356,1994-12-31,1442.0
ID356,1995-03-31,1603.0
ID356,1995-06-30,446.0
ID356,1995-09-30,639.0
ID356,1995-12-31,1757.0
ID356,1996-03-31,1949.0
ID356,1996-06-30,528.0
ID356,1996-09-30,640.0
ID356,1996-12-31,1445.0
ID356,1997-03-31,1789.0
ID356,1997-06-30,344.0
ID356,1997-09-30,704.0
ID356,1997-12-31,1800.0
ID356,1998-03-31,2178.0
ID356,1998-06-30,588.0
ID356,1998-09-30,456.0
ID356,1998-12-31,1661.0
ID356,1999-03-31,1745.0
ID356,1999-06-30,427.0
ID356,1999-09-30,583.0
ID356,1999-12-31,2082.0
ID356,2000-03-31,2098.0
ID356,2000-06-30,634.0
ID356,2000-09-30,812.0
ID356,2000-12-31,1956.0
ID356,2001-03-31,1749.0
ID356,2001-06-30,625.0
ID356,2001-09-30,739.0
ID356,2001-12-31,1890.0
ID356,2002-03-31,2245.0
ID356,2002-06-30,521.0
ID356,2002-09-30,797.0
ID356,2002-12-31,2020.0
ID356,2003-03-31,1923.0
ID356,2003-06-30,600.0
ID356,2003-09-30,1083.0
ID357,1980-03-31,244.0
ID357,1980-06-30,128.0
ID357,1980-09-30,148.0
ID357,1980-12-31,224.0
ID357,1981-03-31,224.0
ID357,1981-06-30,220.0
ID357,1981-09-30,160.0
ID357,1981-12-31,356.0
ID357,1982-03-31,352.0
ID357,1982-06-30,212.0
ID357,1982-09-30,188.0
ID357,1982-12-31,324.0
ID357,1983-03-31,328.0
ID357,1983-06-30,252.0
ID357,1983-09-30,248.0
ID357,1983-12-31,356.0
ID357,1984-03-31,352.0
ID357,1984-06-30,252.0
ID357,1984-09-30,192.0
ID357,1984-12-31,452.0
ID357,1985-03-31,396.0
ID357,1985-06-30,332.0
ID357,1985-09-30,272.0
ID357,1985-12-31,500.0
ID357,1986-03-31,480.0
ID357,1986-06-30,312.0
ID357,1986-09-30,360.0
ID357,1986-12-31,312.0
ID357,1987-03-31,342.0
ID357,1987-06-30,216.0
ID357,1987-09-30,288.0
ID357,1987-12-31,473.0
ID357,1988-03-31,511.0
ID357,1988-06-30,388.0
ID357,1988-09-30,309.0
ID357,1988-12-31,462.0
ID357,1989-03-31,526.0
ID357,1989-06-30,306.0
ID357,1989-09-30,344.0
ID357,1989-12-31,423.0
ID357,1990-03-31,610.0
ID357,1990-06-30,225.0
ID357,1990-09-30,234.0
ID357,1990-12-31,345.0
ID357,1991-03-31,232.0
ID357,1991-06-30,291.0
ID357,1991-09-30,192.0
ID357,1991-12-31,536.0
ID357,1992-03-31,303.0
ID357,1992-06-30,210.0
ID357,1992-09-30,284.0
ID357,1992-12-31,324.0
ID357,1993-03-31,408.0
ID357,1993-06-30,275.0
ID357,1993-09-30,326.0
ID357,1993-12-31,482.0
ID357,1994-03-31,412.0
ID357,1994-06-30,302.0
ID357,1994-09-30,349.0
ID357,1994-12-31,407.0
ID357,1995-03-31,458.0
ID357,1995-06-30,324.0
ID357,1995-09-30,478.0
ID357,1995-12-31,535.0
ID357,1996-03-31,600.0
ID357,1996-06-30,479.0
ID357,1996-09-30,272.0
ID357,1996-12-31,498.0
ID357,1997-03-31,439.0
ID357,1997-06-30,463.0
ID357,1997-09-30,469.0
ID357,1997-12-31,461.0
ID357,1998-03-31,659.0
ID357,1998-06-30,444.0
ID357,1998-09-30,540.0
ID357,1998-12-31,653.0
ID357,1999-03-31,459.0
ID357,1999-06-30,420.0
ID357,1999-09-30,634.0
ID357,1999-12-31,548.0
ID357,2000-03-31,736.0
ID357,2000-06-30,534.0
ID357,2000-09-30,469.0
ID357,2000-12-31,603.0
ID357,2001-03-31,548.0
ID357,2001-06-30,503.0
ID357,2001-09-30,451.0
ID357,2001-12-31,491.0
ID357,2002-03-31,654.0
ID357,2002-06-30,484.0
ID357,2002-09-30,700.0
ID357,2002-12-31,802.0
ID357,2003-03-31,744.0
ID357,2003-06-30,400.0
ID357,2003-09-30,494.0
ID358,1980-03-31,228.0
ID358,1980-06-30,144.0
ID358,1980-09-30,240.0
ID358,1980-12-31,240.0
ID358,1981-03-31,248.0
ID358,1981-06-30,168.0
ID358,1981-09-30,148.0
ID358,1981-12-31,296.0
ID358,1982-03-31,268.0
ID358,1982-06-30,156.0
ID358,1982-09-30,112.0
ID358,1982-12-31,192.0
ID358,1983-03-31,216.0
ID358,1983-06-30,116.0
ID358,1983-09-30,160.0
ID358,1983-12-31,208.0
ID358,1984-03-31,188.0
ID358,1984-06-30,166.0
ID358,1984-09-30,152.0
ID358,1984-12-31,213.0
ID358,1985-03-31,248.0
ID358,1985-06-30,128.0
ID358,1985-09-30,192.0
ID358,1985-12-31,216.0
ID358,1986-03-31,192.0
ID358,1986-06-30,191.0
ID358,1986-09-30,240.0
ID358,1986-12-31,336.0
ID358,1987-03-31,312.0
ID358,1987-06-30,262.0
ID358,1987-09-30,208.0
ID358,1987-12-31,375.0
ID358,1988-03-31,410.0
ID358,1988-06-30,172.0
ID358,1988-09-30,361.0
ID358,1988-12-31,352.0
ID358,1989-03-31,348.0
ID358,1989-06-30,270.0
ID358,1989-09-30,394.0
ID358,1989-12-31,406.0
ID358,1990-03-31,504.0
ID358,1990-06-30,405.0
ID358,1990-09-30,341.0
ID358,1990-12-31,519.0
ID358,1991-03-31,868.0
ID358,1991-06-30,435.0
ID358,1991-09-30,556.0
ID358,1991-12-31,666.0
ID358,1992-03-31,992.0
ID358,1992-06-30,520.0
ID358,1992-09-30,653.0
ID358,1992-12-31,981.0
ID358,1993-03-31,1464.0
ID358,1993-06-30,864.0
ID358,1993-09-30,781.0
ID358,1993-12-31,867.0
ID358,1994-03-31,1505.0
ID358,1994-06-30,848.0
ID358,1994-09-30,874.0
ID358,1994-12-31,1046.0
ID358,1995-03-31,1449.0
ID358,1995-06-30,800.0
ID358,1995-09-30,699.0
ID358,1995-12-31,894.0
ID358,1996-03-31,895.0
ID358,1996-06-30,493.0
ID358,1996-09-30,576.0
ID358,1996-12-31,848.0
ID358,1997-03-31,797.0
ID358,1997-06-30,745.0
ID358,1997-09-30,785.0
ID358,1997-12-31,811.0
ID358,1998-03-31,1639.0
ID358,1998-06-30,543.0
ID358,1998-09-30,648.0
ID358,1998-12-31,735.0
ID358,1999-03-31,773.0
ID358,1999-06-30,448.0
ID358,1999-09-30,565.0
ID358,1999-12-31,1102.0
ID358,2000-03-31,1072.0
ID358,2000-06-30,444.0
ID358,2000-09-30,850.0
ID358,2000-12-31,682.0
ID358,2001-03-31,1023.0
ID358,2001-06-30,580.0
ID358,2001-09-30,1109.0
ID358,2001-12-31,847.0
ID358,2002-03-31,1040.0
ID358,2002-06-30,316.0
ID358,2002-09-30,1034.0
ID358,2002-12-31,716.0
ID358,2003-03-31,1358.0
ID358,2003-06-30,557.0
ID358,2003-09-30,1058.0
ID359,1980-03-31,2644.0
ID359,1980-06-30,972.0
ID359,1980-09-30,1288.0
ID359,1980-12-31,2900.0
ID359,1981-03-31,3060.0
ID359,1981-06-30,1108.0
ID359,1981-09-30,1333.0
ID359,1981-12-31,3224.0
ID359,1982-03-31,3376.0
ID359,1982-06-30,1236.0
ID359,1982-09-30,1216.0
ID359,1982-12-31,3140.0
ID359,1983-03-31,3452.0
ID359,1983-06-30,1288.0
ID359,1983-09-30,1376.0
ID359,1983-12-31,3412.0
ID359,1984-03-31,3124.0
ID359,1984-06-30,1418.0
ID359,1984-09-30,1168.0
ID359,1984-12-31,3801.0
ID359,1985-03-31,3748.0
ID359,1985-06-30,1328.0
ID359,1985-09-30,1432.0
ID359,1985-12-31,4148.0
ID359,1986-03-31,4048.0
ID359,1986-06-30,1280.0
ID359,1986-09-30,1750.0
ID359,1986-12-31,4962.0
ID359,1987-03-31,5190.0
ID359,1987-06-30,2052.0
ID359,1987-09-30,1800.0
ID359,1987-12-31,7396.0
ID359,1988-03-31,7457.0
ID359,1988-06-30,2311.0
ID359,1988-09-30,3149.0
ID359,1988-12-31,7194.0
ID359,1989-03-31,8545.0
ID359,1989-06-30,2754.0
ID359,1989-09-30,3465.0
ID359,1989-12-31,9004.0
ID359,1990-03-31,9642.0
ID359,1990-06-30,4104.0
ID359,1990-09-30,3754.0
ID359,1990-12-31,12473.0
ID359,1991-03-31,11840.0
ID359,1991-06-30,3741.0
ID359,1991-09-30,4225.0
ID359,1991-12-31,14492.0
ID359,1992-03-31,15606.0
ID359,1992-06-30,6740.0
ID359,1992-09-30,5365.0
ID359,1992-12-31,17994.0
ID359,1993-03-31,21180.0
ID359,1993-06-30,6677.0
ID359,1993-09-30,6141.0
ID359,1993-12-31,22164.0
ID359,1994-03-31,24458.0
ID359,1994-06-30,7478.0
ID359,1994-09-30,6091.0
ID359,1994-12-31,21227.0
ID359,1995-03-31,21894.0
ID359,1995-06-30,7382.0
ID359,1995-09-30,6041.0
ID359,1995-12-31,19620.0
ID359,1996-03-31,19998.0
ID359,1996-06-30,6544.0
ID359,1996-09-30,4720.0
ID359,1996-12-31,18659.0
ID359,1997-03-31,18055.0
ID359,1997-06-30,6413.0
ID359,1997-09-30,5551.0
ID359,1997-12-31,16679.0
ID359,1998-03-31,19801.0
ID359,1998-06-30,5180.0
ID359,1998-09-30,4752.0
ID359,1998-12-31,16748.0
ID359,1999-03-31,18173.0
ID359,1999-06-30,4506.0
ID359,1999-09-30,4538.0
ID359,1999-12-31,19026.0
ID359,2000-03-31,20136.0
ID359,2000-06-30,5712.0
ID359,2000-09-30,5188.0
ID359,2000-12-31,20415.0
ID359,2001-03-31,22527.0
ID359,2001-06-30,5348.0
ID359,2001-09-30,5749.0
ID359,2001-12-31,18858.0
ID359,2002-03-31,19327.0
ID359,2002-06-30,4623.0
ID359,2002-09-30,5641.0
ID359,2002-12-31,19360.0
ID359,2003-03-31,20817.0
ID359,2003-06-30,5372.0
ID359,2003-09-30,6532.0
ID36,1976-03-31,66.0
ID36,1976-06-30,114.0
ID36,1976-09-30,124.0
ID36,1976-12-31,119.0
ID36,1977-03-31,103.0
ID36,1977-06-30,144.0
ID36,1977-09-30,161.0
ID36,1977-12-31,116.0
ID36,1978-03-31,103.0
ID36,1978-06-30,147.0
ID36,1978-09-30,158.0
ID36,1978-12-31,116.0
ID36,1979-03-31,87.0
ID36,1979-06-30,141.0
ID36,1979-09-30,162.0
ID36,1979-12-31,110.0
ID36,1980-03-31,95.0
ID36,1980-06-30,108.0
ID36,1980-09-30,144.0
ID36,1980-12-31,102.0
ID36,1981-03-31,100.0
ID36,1981-06-30,123.0
ID36,1981-09-30,129.0
ID36,1981-12-31,98.0
ID36,1982-03-31,89.0
ID36,1982-06-30,125.0
ID36,1982-09-30,119.0
ID36,1982-12-31,100.0
ID36,1983-03-31,89.0
ID36,1983-06-30,130.0
ID36,1983-09-30,124.0
ID36,1983-12-31,110.0
ID36,1984-03-31,98.0
ID36,1984-06-30,138.0
ID36,1984-09-30,146.0
ID36,1984-12-31,121.0
ID36,1985-03-31,110.0
ID36,1985-06-30,122.0
ID36,1985-09-30,150.0
ID36,1985-12-31,130.0
ID36,1986-03-31,111.0
ID36,1986-06-30,156.0
ID36,1986-09-30,152.0
ID36,1986-12-31,147.0
ID36,1987-03-31,125.0
ID36,1987-06-30,180.0
ID36,1987-09-30,171.0
ID36,1987-12-31,168.0
ID36,1988-03-31,151.0
ID36,1988-06-30,200.0
ID36,1988-09-30,201.0
ID36,1988-12-31,202.0
ID36,1989-03-31,173.0
ID36,1989-06-30,223.0
ID36,1989-09-30,222.0
ID36,1989-12-31,223.0
ID36,1990-03-31,197.0
ID36,1990-06-30,248.0
ID36,1990-09-30,259.0
ID36,1990-12-31,236.0
ID36,1991-03-31,146.0
ID36,1991-06-30,223.0
ID36,1991-09-30,233.0
ID36,1991-12-31,233.0
ID36,1992-03-31,190.0
ID36,1992-06-30,261.0
ID36,1992-09-30,252.0
ID36,1992-12-31,253.0
ID36,1993-03-31,207.0
ID36,1993-06-30,264.0
ID36,1993-09-30,281.0
ID36,1993-12-31,255.0
ID36,1994-03-31,230.0
ID36,1994-06-30,292.0
ID36,1994-09-30,309.0
ID36,1994-12-31,291.0
ID36,1995-03-31,262.0
ID36,1995-06-30,332.0
ID36,1995-09-30,314.0
ID36,1995-12-31,306.0
ID36,1996-03-31,279.0
ID36,1996-06-30,332.0
ID36,1996-09-30,332.0
ID36,1996-12-31,362.0
ID36,1997-03-31,335.0
ID36,1997-06-30,416.0
ID36,1997-09-30,413.0
ID36,1997-12-31,425.0
ID36,1998-03-31,390.0
ID36,1998-06-30,519.0
ID36,1998-09-30,496.0
ID36,1998-12-31,476.0
ID36,1999-03-31,415.0
ID36,1999-06-30,491.0
ID36,1999-09-30,507.0
ID36,1999-12-31,485.0
ID36,2000-03-31,436.0
ID36,2000-06-30,531.0
ID36,2000-09-30,551.0
ID36,2000-12-31,515.0
ID36,2001-03-31,433.0
ID36,2001-06-30,500.0
ID36,2001-09-30,548.0
ID36,2001-12-31,451.0
ID36,2002-03-31,437.0
ID36,2002-06-30,521.0
ID360,1980-03-31,592.0
ID360,1980-06-30,144.0
ID360,1980-09-30,164.0
ID360,1980-12-31,744.0
ID360,1981-03-31,628.0
ID360,1981-06-30,156.0
ID360,1981-09-30,228.0
ID360,1981-12-31,668.0
ID360,1982-03-31,620.0
ID360,1982-06-30,104.0
ID360,1982-09-30,188.0
ID360,1982-12-31,694.0
ID360,1983-03-31,584.0
ID360,1983-06-30,212.0
ID360,1983-09-30,200.0
ID360,1983-12-31,468.0
ID360,1984-03-31,624.0
ID360,1984-06-30,116.0
ID360,1984-09-30,164.0
ID360,1984-12-31,564.0
ID360,1985-03-31,736.0
ID360,1985-06-30,168.0
ID360,1985-09-30,204.0
ID360,1985-12-31,476.0
ID360,1986-03-31,908.0
ID360,1986-06-30,168.0
ID360,1986-09-30,205.0
ID360,1986-12-31,702.0
ID360,1987-03-31,1296.0
ID360,1987-06-30,145.0
ID360,1987-09-30,224.0
ID360,1987-12-31,538.0
ID360,1988-03-31,854.0
ID360,1988-06-30,207.0
ID360,1988-09-30,429.0
ID360,1988-12-31,935.0
ID360,1989-03-31,1057.0
ID360,1989-06-30,252.0
ID360,1989-09-30,352.0
ID360,1989-12-31,1097.0
ID360,1990-03-31,1058.0
ID360,1990-06-30,207.0
ID360,1990-09-30,365.0
ID360,1990-12-31,1288.0
ID360,1991-03-31,1130.0
ID360,1991-06-30,222.0
ID360,1991-09-30,225.0
ID360,1991-12-31,1253.0
ID360,1992-03-31,1132.0
ID360,1992-06-30,340.0
ID360,1992-09-30,354.0
ID360,1992-12-31,2006.0
ID360,1993-03-31,2136.0
ID360,1993-06-30,484.0
ID360,1993-09-30,574.0
ID360,1993-12-31,2072.0
ID360,1994-03-31,2538.0
ID360,1994-06-30,652.0
ID360,1994-09-30,630.0
ID360,1994-12-31,2538.0
ID360,1995-03-31,2734.0
ID360,1995-06-30,553.0
ID360,1995-09-30,619.0
ID360,1995-12-31,3093.0
ID360,1996-03-31,3240.0
ID360,1996-06-30,563.0
ID360,1996-09-30,848.0
ID360,1996-12-31,4199.0
ID360,1997-03-31,3956.0
ID360,1997-06-30,695.0
ID360,1997-09-30,727.0
ID360,1997-12-31,3714.0
ID360,1998-03-31,4055.0
ID360,1998-06-30,577.0
ID360,1998-09-30,936.0
ID360,1998-12-31,4680.0
ID360,1999-03-31,4812.0
ID360,1999-06-30,818.0
ID360,1999-09-30,1212.0
ID360,1999-12-31,5464.0
ID360,2000-03-31,5491.0
ID360,2000-06-30,1234.0
ID360,2000-09-30,1354.0
ID360,2000-12-31,7324.0
ID360,2001-03-31,7107.0
ID360,2001-06-30,1130.0
ID360,2001-09-30,1523.0
ID360,2001-12-31,7287.0
ID360,2002-03-31,7093.0
ID360,2002-06-30,1261.0
ID360,2002-09-30,1582.0
ID360,2002-12-31,8190.0
ID360,2003-03-31,8044.0
ID360,2003-06-30,1121.0
ID360,2003-09-30,1435.0
ID361,1980-03-31,812.0
ID361,1980-06-30,192.0
ID361,1980-09-30,220.0
ID361,1980-12-31,1340.0
ID361,1981-03-31,936.0
ID361,1981-06-30,216.0
ID361,1981-09-30,233.0
ID361,1981-12-31,1172.0
ID361,1982-03-31,1020.0
ID361,1982-06-30,196.0
ID361,1982-09-30,308.0
ID361,1982-12-31,1156.0
ID361,1983-03-31,1104.0
ID361,1983-06-30,160.0
ID361,1983-09-30,308.0
ID361,1983-12-31,868.0
ID361,1984-03-31,1272.0
ID361,1984-06-30,176.0
ID361,1984-09-30,256.0
ID361,1984-12-31,1028.0
ID361,1985-03-31,1509.0
ID361,1985-06-30,228.0
ID361,1985-09-30,260.0
ID361,1985-12-31,896.0
ID361,1986-03-31,1396.0
ID361,1986-06-30,167.0
ID361,1986-09-30,330.0
ID361,1986-12-31,852.0
ID361,1987-03-31,1284.0
ID361,1987-06-30,194.0
ID361,1987-09-30,256.0
ID361,1987-12-31,1299.0
ID361,1988-03-31,1470.0
ID361,1988-06-30,255.0
ID361,1988-09-30,381.0
ID361,1988-12-31,1419.0
ID361,1989-03-31,1235.0
ID361,1989-06-30,252.0
ID361,1989-09-30,447.0
ID361,1989-12-31,1373.0
ID361,1990-03-31,1444.0
ID361,1990-06-30,207.0
ID361,1990-09-30,480.0
ID361,1990-12-31,1597.0
ID361,1991-03-31,1372.0
ID361,1991-06-30,314.0
ID361,1991-09-30,285.0
ID361,1991-12-31,1778.0
ID361,1992-03-31,2003.0
ID361,1992-06-30,330.0
ID361,1992-09-30,411.0
ID361,1992-12-31,1759.0
ID361,1993-03-31,1476.0
ID361,1993-06-30,314.0
ID361,1993-09-30,384.0
ID361,1993-12-31,2052.0
ID361,1994-03-31,1480.0
ID361,1994-06-30,302.0
ID361,1994-09-30,541.0
ID361,1994-12-31,1865.0
ID361,1995-03-31,1529.0
ID361,1995-06-30,271.0
ID361,1995-09-30,551.0
ID361,1995-12-31,2155.0
ID361,1996-03-31,1779.0
ID361,1996-06-30,324.0
ID361,1996-09-30,560.0
ID361,1996-12-31,1952.0
ID361,1997-03-31,1923.0
ID361,1997-06-30,307.0
ID361,1997-09-30,505.0
ID361,1997-12-31,2432.0
ID361,1998-03-31,2180.0
ID361,1998-06-30,522.0
ID361,1998-09-30,576.0
ID361,1998-12-31,1940.0
ID361,1999-03-31,2153.0
ID361,1999-06-30,478.0
ID361,1999-09-30,609.0
ID361,1999-12-31,2118.0
ID361,2000-03-31,2612.0
ID361,2000-06-30,522.0
ID361,2000-09-30,765.0
ID361,2000-12-31,2386.0
ID361,2001-03-31,2641.0
ID361,2001-06-30,613.0
ID361,2001-09-30,762.0
ID361,2001-12-31,2204.0
ID361,2002-03-31,2064.0
ID361,2002-06-30,542.0
ID361,2002-09-30,569.0
ID361,2002-12-31,2632.0
ID361,2003-03-31,2568.0
ID361,2003-06-30,542.0
ID361,2003-09-30,758.0
ID362,1980-03-31,96.0
ID362,1980-06-30,96.0
ID362,1980-09-30,60.0
ID362,1980-12-31,104.0
ID362,1981-03-31,112.0
ID362,1981-06-30,136.0
ID362,1981-09-30,80.0
ID362,1981-12-31,152.0
ID362,1982-03-31,108.0
ID362,1982-06-30,96.0
ID362,1982-09-30,84.0
ID362,1982-12-31,136.0
ID362,1983-03-31,132.0
ID362,1983-06-30,132.0
ID362,1983-09-30,112.0
ID362,1983-12-31,176.0
ID362,1984-03-31,176.0
ID362,1984-06-30,120.0
ID362,1984-09-30,120.0
ID362,1984-12-31,168.0
ID362,1985-03-31,152.0
ID362,1985-06-30,156.0
ID362,1985-09-30,144.0
ID362,1985-12-31,132.0
ID362,1986-03-31,196.0
ID362,1986-06-30,113.0
ID362,1986-09-30,120.0
ID362,1986-12-31,120.0
ID362,1987-03-31,174.0
ID362,1987-06-30,88.0
ID362,1987-09-30,104.0
ID362,1987-12-31,211.0
ID362,1988-03-31,177.0
ID362,1988-06-30,99.0
ID362,1988-09-30,153.0
ID362,1988-12-31,220.0
ID362,1989-03-31,266.0
ID362,1989-06-30,126.0
ID362,1989-09-30,54.0
ID362,1989-12-31,137.0
ID362,1990-03-31,270.0
ID362,1990-06-30,81.0
ID362,1990-09-30,95.0
ID362,1990-12-31,213.0
ID362,1991-03-31,144.0
ID362,1991-06-30,113.0
ID362,1991-09-30,77.0
ID362,1991-12-31,210.0
ID362,1992-03-31,312.0
ID362,1992-06-30,240.0
ID362,1992-09-30,122.0
ID362,1992-12-31,116.0
ID362,1993-03-31,264.0
ID362,1993-06-30,181.0
ID362,1993-09-30,111.0
ID362,1993-12-31,181.0
ID362,1994-03-31,286.0
ID362,1994-06-30,118.0
ID362,1994-09-30,107.0
ID362,1994-12-31,282.0
ID362,1995-03-31,288.0
ID362,1995-06-30,269.0
ID362,1995-09-30,151.0
ID362,1995-12-31,244.0
ID362,1996-03-31,276.0
ID362,1996-06-30,262.0
ID362,1996-09-30,64.0
ID362,1996-12-31,170.0
ID362,1997-03-31,320.0
ID362,1997-06-30,290.0
ID362,1997-09-30,175.0
ID362,1997-12-31,205.0
ID362,1998-03-31,233.0
ID362,1998-06-30,239.0
ID362,1998-09-30,120.0
ID362,1998-12-31,324.0
ID362,1999-03-31,207.0
ID362,1999-06-30,243.0
ID362,1999-09-30,158.0
ID362,1999-12-31,262.0
ID362,2000-03-31,376.0
ID362,2000-06-30,194.0
ID362,2000-09-30,194.0
ID362,2000-12-31,194.0
ID362,2001-03-31,275.0
ID362,2001-06-30,254.0
ID362,2001-09-30,124.0
ID362,2001-12-31,162.0
ID362,2002-03-31,488.0
ID362,2002-06-30,135.0
ID362,2002-09-30,112.0
ID362,2002-12-31,202.0
ID362,2003-03-31,274.0
ID362,2003-06-30,231.0
ID362,2003-09-30,236.0
ID363,1980-03-31,128.0
ID363,1980-06-30,68.0
ID363,1980-09-30,72.0
ID363,1980-12-31,140.0
ID363,1981-03-31,172.0
ID363,1981-06-30,68.0
ID363,1981-09-30,85.0
ID363,1981-12-31,140.0
ID363,1982-03-31,104.0
ID363,1982-06-30,76.0
ID363,1982-09-30,129.0
ID363,1982-12-31,128.0
ID363,1983-03-31,132.0
ID363,1983-06-30,52.0
ID363,1983-09-30,100.0
ID363,1983-12-31,84.0
ID363,1984-03-31,120.0
ID363,1984-06-30,64.0
ID363,1984-09-30,84.0
ID363,1984-12-31,112.0
ID363,1985-03-31,124.0
ID363,1985-06-30,112.0
ID363,1985-09-30,60.0
ID363,1985-12-31,56.0
ID363,1986-03-31,172.0
ID363,1986-06-30,86.0
ID363,1986-09-30,121.0
ID363,1986-12-31,132.0
ID363,1987-03-31,174.0
ID363,1987-06-30,80.0
ID363,1987-09-30,136.0
ID363,1987-12-31,119.0
ID363,1988-03-31,114.0
ID363,1988-06-30,52.0
ID363,1988-09-30,177.0
ID363,1988-12-31,121.0
ID363,1989-03-31,220.0
ID363,1989-06-30,45.0
ID363,1989-09-30,66.0
ID363,1989-12-31,147.0
ID363,1990-03-31,172.0
ID363,1990-06-30,117.0
ID363,1990-09-30,75.0
ID363,1990-12-31,111.0
ID363,1991-03-31,142.0
ID363,1991-06-30,116.0
ID363,1991-09-30,31.0
ID363,1991-12-31,172.0
ID363,1992-03-31,185.0
ID363,1992-06-30,130.0
ID363,1992-09-30,46.0
ID363,1992-12-31,248.0
ID363,1993-03-31,156.0
ID363,1993-06-30,111.0
ID363,1993-09-30,112.0
ID363,1993-12-31,142.0
ID363,1994-03-31,385.0
ID363,1994-06-30,104.0
ID363,1994-09-30,122.0
ID363,1994-12-31,201.0
ID363,1995-03-31,265.0
ID363,1995-06-30,151.0
ID363,1995-09-30,192.0
ID363,1995-12-31,277.0
ID363,1996-03-31,247.0
ID363,1996-06-30,43.0
ID363,1996-09-30,144.0
ID363,1996-12-31,275.0
ID363,1997-03-31,335.0
ID363,1997-06-30,197.0
ID363,1997-09-30,212.0
ID363,1997-12-31,233.0
ID363,1998-03-31,339.0
ID363,1998-06-30,141.0
ID363,1998-09-30,216.0
ID363,1998-12-31,296.0
ID363,1999-03-31,353.0
ID363,1999-06-30,163.0
ID363,1999-09-30,161.0
ID363,1999-12-31,342.0
ID363,2000-03-31,403.0
ID363,2000-06-30,182.0
ID363,2000-09-30,250.0
ID363,2000-12-31,392.0
ID363,2001-03-31,389.0
ID363,2001-06-30,168.0
ID363,2001-09-30,120.0
ID363,2001-12-31,405.0
ID363,2002-03-31,510.0
ID363,2002-06-30,123.0
ID363,2002-09-30,178.0
ID363,2002-12-31,356.0
ID363,2003-03-31,317.0
ID363,2003-06-30,141.0
ID363,2003-09-30,154.0
ID364,1980-03-31,1628.0
ID364,1980-06-30,500.0
ID364,1980-09-30,516.0
ID364,1980-12-31,2328.0
ID364,1981-03-31,1848.0
ID364,1981-06-30,576.0
ID364,1981-09-30,626.0
ID364,1981-12-31,2132.0
ID364,1982-03-31,1852.0
ID364,1982-06-30,472.0
ID364,1982-09-30,709.0
ID364,1982-12-31,2114.0
ID364,1983-03-31,1952.0
ID364,1983-06-30,556.0
ID364,1983-09-30,720.0
ID364,1983-12-31,1596.0
ID364,1984-03-31,2192.0
ID364,1984-06-30,476.0
ID364,1984-09-30,624.0
ID364,1984-12-31,1872.0
ID364,1985-03-31,2521.0
ID364,1985-06-30,664.0
ID364,1985-09-30,668.0
ID364,1985-12-31,1560.0
ID364,1986-03-31,2672.0
ID364,1986-06-30,534.0
ID364,1986-09-30,776.0
ID364,1986-12-31,1806.0
ID364,1987-03-31,2928.0
ID364,1987-06-30,507.0
ID364,1987-09-30,720.0
ID364,1987-12-31,2167.0
ID364,1988-03-31,2615.0
ID364,1988-06-30,613.0
ID364,1988-09-30,1140.0
ID364,1988-12-31,2695.0
ID364,1989-03-31,2778.0
ID364,1989-06-30,675.0
ID364,1989-09-30,919.0
ID364,1989-12-31,2754.0
ID364,1990-03-31,2944.0
ID364,1990-06-30,612.0
ID364,1990-09-30,1015.0
ID364,1990-12-31,3209.0
ID364,1991-03-31,2788.0
ID364,1991-06-30,765.0
ID364,1991-09-30,618.0
ID364,1991-12-31,3413.0
ID364,1992-03-31,3632.0
ID364,1992-06-30,1040.0
ID364,1992-09-30,933.0
ID364,1992-12-31,4129.0
ID364,1993-03-31,4032.0
ID364,1993-06-30,1090.0
ID364,1993-09-30,1181.0
ID364,1993-12-31,4447.0
ID364,1994-03-31,4689.0
ID364,1994-06-30,1176.0
ID364,1994-09-30,1400.0
ID364,1994-12-31,4886.0
ID364,1995-03-31,4816.0
ID364,1995-06-30,1244.0
ID364,1995-09-30,1513.0
ID364,1995-12-31,5769.0
ID364,1996-03-31,5542.0
ID364,1996-06-30,1192.0
ID364,1996-09-30,1616.0
ID364,1996-12-31,6596.0
ID364,1997-03-31,6534.0
ID364,1997-06-30,1489.0
ID364,1997-09-30,1619.0
ID364,1997-12-31,6584.0
ID364,1998-03-31,6807.0
ID364,1998-06-30,1479.0
ID364,1998-09-30,1848.0
ID364,1998-12-31,7240.0
ID364,1999-03-31,7525.0
ID364,1999-06-30,1702.0
ID364,1999-09-30,2140.0
ID364,1999-12-31,8186.0
ID364,2000-03-31,8882.0
ID364,2000-06-30,2132.0
ID364,2000-09-30,2563.0
ID364,2000-12-31,10296.0
ID364,2001-03-31,10412.0
ID364,2001-06-30,2165.0
ID364,2001-09-30,2529.0
ID364,2001-12-31,10058.0
ID364,2002-03-31,10155.0
ID364,2002-06-30,2061.0
ID364,2002-09-30,2441.0
ID364,2002-12-31,11380.0
ID364,2003-03-31,11203.0
ID364,2003-06-30,2035.0
ID364,2003-09-30,2583.0
ID365,1980-03-31,556.0
ID365,1980-06-30,268.0
ID365,1980-09-30,176.0
ID365,1980-12-31,592.0
ID365,1981-03-31,752.0
ID365,1981-06-30,204.0
ID365,1981-09-30,272.0
ID365,1981-12-31,720.0
ID365,1982-03-31,768.0
ID365,1982-06-30,320.0
ID365,1982-09-30,324.0
ID365,1982-12-31,976.0
ID365,1983-03-31,1016.0
ID365,1983-06-30,372.0
ID365,1983-09-30,348.0
ID365,1983-12-31,1188.0
ID365,1984-03-31,1192.0
ID365,1984-06-30,368.0
ID365,1984-09-30,432.0
ID365,1984-12-31,1228.0
ID365,1985-03-31,1332.0
ID365,1985-06-30,348.0
ID365,1985-09-30,292.0
ID365,1985-12-31,1180.0
ID365,1986-03-31,1456.0
ID365,1986-06-30,671.0
ID365,1986-09-30,645.0
ID365,1986-12-31,1890.0
ID365,1987-03-31,2280.0
ID365,1987-06-30,709.0
ID365,1987-09-30,608.0
ID365,1987-12-31,2028.0
ID365,1988-03-31,2696.0
ID365,1988-06-30,800.0
ID365,1988-09-30,703.0
ID365,1988-12-31,2277.0
ID365,1989-03-31,2921.0
ID365,1989-06-30,891.0
ID365,1989-09-30,862.0
ID365,1989-12-31,2568.0
ID365,1990-03-31,3260.0
ID365,1990-06-30,891.0
ID365,1990-09-30,745.0
ID365,1990-12-31,3281.0
ID365,1991-03-31,3878.0
ID365,1991-06-30,927.0
ID365,1991-09-30,720.0
ID365,1991-12-31,3410.0
ID365,1992-03-31,3895.0
ID365,1992-06-30,940.0
ID365,1992-09-30,940.0
ID365,1992-12-31,3776.0
ID365,1993-03-31,3996.0
ID365,1993-06-30,836.0
ID365,1993-09-30,918.0
ID365,1993-12-31,4043.0
ID365,1994-03-31,4290.0
ID365,1994-06-30,1056.0
ID365,1994-09-30,1084.0
ID365,1994-12-31,4744.0
ID365,1995-03-31,4136.0
ID365,1995-06-30,984.0
ID365,1995-09-30,981.0
ID365,1995-12-31,4329.0
ID365,1996-03-31,3985.0
ID365,1996-06-30,916.0
ID365,1996-09-30,880.0
ID365,1996-12-31,3926.0
ID365,1997-03-31,3791.0
ID365,1997-06-30,722.0
ID365,1997-09-30,692.0
ID365,1997-12-31,3397.0
ID365,1998-03-31,3538.0
ID365,1998-06-30,699.0
ID365,1998-09-30,756.0
ID365,1998-12-31,3262.0
ID365,1999-03-31,3284.0
ID365,1999-06-30,666.0
ID365,1999-09-30,752.0
ID365,1999-12-31,3680.0
ID365,2000-03-31,3921.0
ID365,2000-06-30,742.0
ID365,2000-09-30,826.0
ID365,2000-12-31,3608.0
ID365,2001-03-31,4464.0
ID365,2001-06-30,850.0
ID365,2001-09-30,980.0
ID365,2001-12-31,3645.0
ID365,2002-03-31,4141.0
ID365,2002-06-30,888.0
ID365,2002-09-30,936.0
ID365,2002-12-31,4610.0
ID365,2003-03-31,5018.0
ID365,2003-06-30,993.0
ID365,2003-09-30,1138.0
ID366,1980-03-31,200.0
ID366,1980-06-30,80.0
ID366,1980-09-30,60.0
ID366,1980-12-31,196.0
ID366,1981-03-31,184.0
ID366,1981-06-30,64.0
ID366,1981-09-30,68.0
ID366,1981-12-31,317.0
ID366,1982-03-31,236.0
ID366,1982-06-30,57.0
ID366,1982-09-30,88.0
ID366,1982-12-31,300.0
ID366,1983-03-31,280.0
ID366,1983-06-30,76.0
ID366,1983-09-30,92.0
ID366,1983-12-31,280.0
ID366,1984-03-31,284.0
ID366,1984-06-30,40.0
ID366,1984-09-30,92.0
ID366,1984-12-31,364.0
ID366,1985-03-31,292.0
ID366,1985-06-30,92.0
ID366,1985-09-30,88.0
ID366,1985-12-31,416.0
ID366,1986-03-31,292.0
ID366,1986-06-30,136.0
ID366,1986-09-30,130.0
ID366,1986-12-31,342.0
ID366,1987-03-31,312.0
ID366,1987-06-30,110.0
ID366,1987-09-30,192.0
ID366,1987-12-31,511.0
ID366,1988-03-31,476.0
ID366,1988-06-30,185.0
ID366,1988-09-30,116.0
ID366,1988-12-31,484.0
ID366,1989-03-31,433.0
ID366,1989-06-30,261.0
ID366,1989-09-30,183.0
ID366,1989-12-31,537.0
ID366,1990-03-31,392.0
ID366,1990-06-30,243.0
ID366,1990-09-30,180.0
ID366,1990-12-31,475.0
ID366,1991-03-31,354.0
ID366,1991-06-30,140.0
ID366,1991-09-30,147.0
ID366,1991-12-31,847.0
ID366,1992-03-31,539.0
ID366,1992-06-30,300.0
ID366,1992-09-30,192.0
ID366,1992-12-31,563.0
ID366,1993-03-31,432.0
ID366,1993-06-30,290.0
ID366,1993-09-30,226.0
ID366,1993-12-31,813.0
ID366,1994-03-31,691.0
ID366,1994-06-30,184.0
ID366,1994-09-30,157.0
ID366,1994-12-31,846.0
ID366,1995-03-31,660.0
ID366,1995-06-30,172.0
ID366,1995-09-30,313.0
ID366,1995-12-31,841.0
ID366,1996-03-31,737.0
ID366,1996-06-30,215.0
ID366,1996-09-30,224.0
ID366,1996-12-31,1003.0
ID366,1997-03-31,699.0
ID366,1997-06-30,211.0
ID366,1997-09-30,175.0
ID366,1997-12-31,957.0
ID366,1998-03-31,1098.0
ID366,1998-06-30,263.0
ID366,1998-09-30,204.0
ID366,1998-12-31,904.0
ID366,1999-03-31,672.0
ID366,1999-06-30,203.0
ID366,1999-09-30,283.0
ID366,1999-12-31,830.0
ID366,2000-03-31,1080.0
ID366,2000-06-30,355.0
ID366,2000-09-30,294.0
ID366,2000-12-31,1031.0
ID366,2001-03-31,924.0
ID366,2001-06-30,282.0
ID366,2001-09-30,399.0
ID366,2001-12-31,1000.0
ID366,2002-03-31,905.0
ID366,2002-06-30,244.0
ID366,2002-09-30,339.0
ID366,2002-12-31,1252.0
ID366,2003-03-31,939.0
ID366,2003-06-30,309.0
ID366,2003-09-30,387.0
ID367,1980-03-31,72.0
ID367,1980-06-30,52.0
ID367,1980-09-30,60.0
ID367,1980-12-31,64.0
ID367,1981-03-31,64.0
ID367,1981-06-30,60.0
ID367,1981-09-30,56.0
ID367,1981-12-31,80.0
ID367,1982-03-31,76.0
ID367,1982-06-30,56.0
ID367,1982-09-30,68.0
ID367,1982-12-31,80.0
ID367,1983-03-31,100.0
ID367,1983-06-30,56.0
ID367,1983-09-30,116.0
ID367,1983-12-31,116.0
ID367,1984-03-31,80.0
ID367,1984-06-30,108.0
ID367,1984-09-30,100.0
ID367,1984-12-31,88.0
ID367,1985-03-31,140.0
ID367,1985-06-30,92.0
ID367,1985-09-30,72.0
ID367,1985-12-31,108.0
ID367,1986-03-31,140.0
ID367,1986-06-30,106.0
ID367,1986-09-30,130.0
ID367,1986-12-31,96.0
ID367,1987-03-31,66.0
ID367,1987-06-30,102.0
ID367,1987-09-30,80.0
ID367,1987-12-31,179.0
ID367,1988-03-31,168.0
ID367,1988-06-30,115.0
ID367,1988-09-30,87.0
ID367,1988-12-31,66.0
ID367,1989-03-31,114.0
ID367,1989-06-30,126.0
ID367,1989-09-30,95.0
ID367,1989-12-31,95.0
ID367,1990-03-31,74.0
ID367,1990-06-30,144.0
ID367,1990-09-30,86.0
ID367,1990-12-31,101.0
ID367,1991-03-31,112.0
ID367,1991-06-30,143.0
ID367,1991-09-30,44.0
ID367,1991-12-31,135.0
ID367,1992-03-31,146.0
ID367,1992-06-30,100.0
ID367,1992-09-30,68.0
ID367,1992-12-31,116.0
ID367,1993-03-31,156.0
ID367,1993-06-30,107.0
ID367,1993-09-30,89.0
ID367,1993-12-31,128.0
ID367,1994-03-31,140.0
ID367,1994-06-30,194.0
ID367,1994-09-30,89.0
ID367,1994-12-31,99.0
ID367,1995-03-31,182.0
ID367,1995-06-30,175.0
ID367,1995-09-30,112.0
ID367,1995-12-31,123.0
ID367,1996-03-31,242.0
ID367,1996-06-30,155.0
ID367,1996-09-30,176.0
ID367,1996-12-31,136.0
ID367,1997-03-31,140.0
ID367,1997-06-30,118.0
ID367,1997-09-30,98.0
ID367,1997-12-31,146.0
ID367,1998-03-31,165.0
ID367,1998-06-30,142.0
ID367,1998-09-30,108.0
ID367,1998-12-31,158.0
ID367,1999-03-31,216.0
ID367,1999-06-30,148.0
ID367,1999-09-30,198.0
ID367,1999-12-31,242.0
ID367,2000-03-31,261.0
ID367,2000-06-30,89.0
ID367,2000-09-30,253.0
ID367,2000-12-31,259.0
ID367,2001-03-31,179.0
ID367,2001-06-30,120.0
ID367,2001-09-30,229.0
ID367,2001-12-31,228.0
ID367,2002-03-31,393.0
ID367,2002-06-30,212.0
ID367,2002-09-30,357.0
ID367,2002-12-31,150.0
ID367,2003-03-31,382.0
ID367,2003-06-30,79.0
ID367,2003-09-30,218.0
ID368,1980-03-31,48.0
ID368,1980-06-30,52.0
ID368,1980-09-30,44.0
ID368,1980-12-31,76.0
ID368,1981-03-31,48.0
ID368,1981-06-30,24.0
ID368,1981-09-30,36.0
ID368,1981-12-31,80.0
ID368,1982-03-31,36.0
ID368,1982-06-30,40.0
ID368,1982-09-30,56.0
ID368,1982-12-31,60.0
ID368,1983-03-31,52.0
ID368,1983-06-30,28.0
ID368,1983-09-30,20.0
ID368,1983-12-31,84.0
ID368,1984-03-31,60.0
ID368,1984-06-30,28.0
ID368,1984-09-30,32.0
ID368,1984-12-31,56.0
ID368,1985-03-31,68.0
ID368,1985-06-30,24.0
ID368,1985-09-30,64.0
ID368,1985-12-31,80.0
ID368,1986-03-31,104.0
ID368,1986-06-30,41.0
ID368,1986-09-30,75.0
ID368,1986-12-31,60.0
ID368,1987-03-31,168.0
ID368,1987-06-30,101.0
ID368,1987-09-30,144.0
ID368,1987-12-31,187.0
ID368,1988-03-31,150.0
ID368,1988-06-30,117.0
ID368,1988-09-30,96.0
ID368,1988-12-31,99.0
ID368,1989-03-31,190.0
ID368,1989-06-30,117.0
ID368,1989-09-30,95.0
ID368,1989-12-31,150.0
ID368,1990-03-31,210.0
ID368,1990-06-30,126.0
ID368,1990-09-30,209.0
ID368,1990-12-31,225.0
ID368,1991-03-31,248.0
ID368,1991-06-30,214.0
ID368,1991-09-30,138.0
ID368,1991-12-31,260.0
ID368,1992-03-31,259.0
ID368,1992-06-30,220.0
ID368,1992-09-30,206.0
ID368,1992-12-31,197.0
ID368,1993-03-31,312.0
ID368,1993-06-30,192.0
ID368,1993-09-30,325.0
ID368,1993-12-31,246.0
ID368,1994-03-31,416.0
ID368,1994-06-30,232.0
ID368,1994-09-30,267.0
ID368,1994-12-31,413.0
ID368,1995-03-31,387.0
ID368,1995-06-30,208.0
ID368,1995-09-30,168.0
ID368,1995-12-31,350.0
ID368,1996-03-31,281.0
ID368,1996-06-30,226.0
ID368,1996-09-30,224.0
ID368,1996-12-31,156.0
ID368,1997-03-31,394.0
ID368,1997-06-30,219.0
ID368,1997-09-30,272.0
ID368,1997-12-31,208.0
ID368,1998-03-31,310.0
ID368,1998-06-30,108.0
ID368,1998-09-30,264.0
ID368,1998-12-31,272.0
ID368,1999-03-31,329.0
ID368,1999-06-30,133.0
ID368,1999-09-30,189.0
ID368,1999-12-31,268.0
ID368,2000-03-31,269.0
ID368,2000-06-30,84.0
ID368,2000-09-30,190.0
ID368,2000-12-31,179.0
ID368,2001-03-31,199.0
ID368,2001-06-30,129.0
ID368,2001-09-30,186.0
ID368,2001-12-31,341.0
ID368,2002-03-31,281.0
ID368,2002-06-30,160.0
ID368,2002-09-30,255.0
ID368,2002-12-31,110.0
ID368,2003-03-31,259.0
ID368,2003-06-30,139.0
ID368,2003-09-30,218.0
ID369,1980-03-31,876.0
ID369,1980-06-30,452.0
ID369,1980-09-30,340.0
ID369,1980-12-31,928.0
ID369,1981-03-31,1048.0
ID369,1981-06-30,352.0
ID369,1981-09-30,432.0
ID369,1981-12-31,1197.0
ID369,1982-03-31,1116.0
ID369,1982-06-30,473.0
ID369,1982-09-30,536.0
ID369,1982-12-31,1416.0
ID369,1983-03-31,1448.0
ID369,1983-06-30,532.0
ID369,1983-09-30,576.0
ID369,1983-12-31,1668.0
ID369,1984-03-31,1616.0
ID369,1984-06-30,544.0
ID369,1984-09-30,656.0
ID369,1984-12-31,1736.0
ID369,1985-03-31,1832.0
ID369,1985-06-30,556.0
ID369,1985-09-30,516.0
ID369,1985-12-31,1784.0
ID369,1986-03-31,1992.0
ID369,1986-06-30,954.0
ID369,1986-09-30,980.0
ID369,1986-12-31,2388.0
ID369,1987-03-31,2826.0
ID369,1987-06-30,1022.0
ID369,1987-09-30,1024.0
ID369,1987-12-31,2905.0
ID369,1988-03-31,3490.0
ID369,1988-06-30,1217.0
ID369,1988-09-30,1002.0
ID369,1988-12-31,2926.0
ID369,1989-03-31,3658.0
ID369,1989-06-30,1395.0
ID369,1989-09-30,1235.0
ID369,1989-12-31,3350.0
ID369,1990-03-31,3936.0
ID369,1990-06-30,1404.0
ID369,1990-09-30,1220.0
ID369,1990-12-31,4082.0
ID369,1991-03-31,4592.0
ID369,1991-06-30,1424.0
ID369,1991-09-30,1049.0
ID369,1991-12-31,4652.0
ID369,1992-03-31,4839.0
ID369,1992-06-30,1560.0
ID369,1992-09-30,1406.0
ID369,1992-12-31,4652.0
ID369,1993-03-31,4896.0
ID369,1993-06-30,1425.0
ID369,1993-09-30,1558.0
ID369,1993-12-31,5230.0
ID369,1994-03-31,5537.0
ID369,1994-06-30,1666.0
ID369,1994-09-30,1597.0
ID369,1994-12-31,6102.0
ID369,1995-03-31,5365.0
ID369,1995-06-30,1539.0
ID369,1995-09-30,1574.0
ID369,1995-12-31,5643.0
ID369,1996-03-31,5245.0
ID369,1996-06-30,1512.0
ID369,1996-09-30,1504.0
ID369,1996-12-31,5221.0
ID369,1997-03-31,5024.0
ID369,1997-06-30,1270.0
ID369,1997-09-30,1237.0
ID369,1997-12-31,4708.0
ID369,1998-03-31,5111.0
ID369,1998-06-30,1212.0
ID369,1998-09-30,1332.0
ID369,1998-12-31,4596.0
ID369,1999-03-31,4501.0
ID369,1999-06-30,1150.0
ID369,1999-09-30,1422.0
ID369,1999-12-31,5020.0
ID369,2000-03-31,5531.0
ID369,2000-06-30,1270.0
ID369,2000-09-30,1563.0
ID369,2000-12-31,5077.0
ID369,2001-03-31,5766.0
ID369,2001-06-30,1381.0
ID369,2001-09-30,1794.0
ID369,2001-12-31,5214.0
ID369,2002-03-31,5720.0
ID369,2002-06-30,1504.0
ID369,2002-09-30,1887.0
ID369,2002-12-31,6122.0
ID369,2003-03-31,6598.0
ID369,2003-06-30,1520.0
ID369,2003-09-30,1961.0
ID37,1979-12-31,23.0
ID37,1980-03-31,16.0
ID37,1980-06-30,18.0
ID37,1980-09-30,33.0
ID37,1980-12-31,17.0
ID37,1981-03-31,15.0
ID37,1981-06-30,20.0
ID37,1981-09-30,37.0
ID37,1981-12-31,17.0
ID37,1982-03-31,14.0
ID37,1982-06-30,23.0
ID37,1982-09-30,44.0
ID37,1982-12-31,20.0
ID37,1983-03-31,15.0
ID37,1983-06-30,25.0
ID37,1983-09-30,42.0
ID37,1983-12-31,21.0
ID37,1984-03-31,17.0
ID37,1984-06-30,34.0
ID37,1984-09-30,62.0
ID37,1984-12-31,29.0
ID37,1985-03-31,24.0
ID37,1985-06-30,45.0
ID37,1985-09-30,83.0
ID37,1985-12-31,37.0
ID37,1986-03-31,28.0
ID37,1986-06-30,62.0
ID37,1986-09-30,117.0
ID37,1986-12-31,50.0
ID37,1987-03-31,37.0
ID37,1987-06-30,137.0
ID37,1987-09-30,233.0
ID37,1987-12-31,88.0
ID37,1988-03-31,54.0
ID37,1988-06-30,259.0
ID37,1988-09-30,462.0
ID37,1988-12-31,138.0
ID37,1989-03-31,62.0
ID37,1989-06-30,257.0
ID37,1989-09-30,415.0
ID37,1989-12-31,132.0
ID37,1990-03-31,64.0
ID37,1990-06-30,211.0
ID37,1990-09-30,361.0
ID37,1990-12-31,111.0
ID37,1991-03-31,44.0
ID37,1991-06-30,113.0
ID37,1991-09-30,264.0
ID37,1991-12-31,103.0
ID37,1992-03-31,64.0
ID37,1992-06-30,239.0
ID37,1992-09-30,436.0
ID37,1992-12-31,143.0
ID37,1993-03-31,83.0
ID37,1993-06-30,414.0
ID37,1993-09-30,736.0
ID37,1993-12-31,242.0
ID37,1994-03-31,95.0
ID37,1994-06-30,461.0
ID37,1994-09-30,790.0
ID37,1994-12-31,266.0
ID37,1995-03-31,88.0
ID37,1995-06-30,652.0
ID37,1995-09-30,1090.0
ID37,1995-12-31,336.0
ID37,1996-03-31,115.0
ID37,1996-06-30,710.0
ID37,1996-09-30,1162.0
ID37,1996-12-31,381.0
ID37,1997-03-31,143.0
ID37,1997-06-30,725.0
ID37,1997-09-30,1225.0
ID37,1997-12-31,356.0
ID37,1998-03-31,115.0
ID37,1998-06-30,726.0
ID37,1998-09-30,1231.0
ID37,1998-12-31,382.0
ID37,1999-03-31,133.0
ID37,1999-06-30,573.0
ID37,1999-09-30,1001.0
ID37,1999-12-31,321.0
ID37,2000-03-31,135.0
ID37,2000-06-30,578.0
ID37,2000-09-30,945.0
ID37,2000-12-31,362.0
ID37,2001-03-31,142.0
ID37,2001-06-30,547.0
ID37,2001-09-30,1027.0
ID37,2001-12-31,334.0
ID37,2002-03-31,149.0
ID37,2002-06-30,609.0
ID370,1980-03-31,612.0
ID370,1980-06-30,236.0
ID370,1980-09-30,636.0
ID370,1980-12-31,740.0
ID370,1981-03-31,440.0
ID370,1981-06-30,220.0
ID370,1981-09-30,548.0
ID370,1981-12-31,616.0
ID370,1982-03-31,516.0
ID370,1982-06-30,244.0
ID370,1982-09-30,420.0
ID370,1982-12-31,700.0
ID370,1983-03-31,596.0
ID370,1983-06-30,264.0
ID370,1983-09-30,532.0
ID370,1983-12-31,600.0
ID370,1984-03-31,620.0
ID370,1984-06-30,276.0
ID370,1984-09-30,456.0
ID370,1984-12-31,764.0
ID370,1985-03-31,804.0
ID370,1985-06-30,396.0
ID370,1985-09-30,504.0
ID370,1985-12-31,1068.0
ID370,1986-03-31,968.0
ID370,1986-06-30,317.0
ID370,1986-09-30,800.0
ID370,1986-12-31,1230.0
ID370,1987-03-31,1290.0
ID370,1987-06-30,1280.0
ID370,1987-09-30,888.0
ID370,1987-12-31,1382.0
ID370,1988-03-31,1571.0
ID370,1988-06-30,528.0
ID370,1988-09-30,1134.0
ID370,1988-12-31,1529.0
ID370,1989-03-31,1667.0
ID370,1989-06-30,603.0
ID370,1989-09-30,1068.0
ID370,1989-12-31,2141.0
ID370,1990-03-31,1592.0
ID370,1990-06-30,783.0
ID370,1990-09-30,1557.0
ID370,1990-12-31,2263.0
ID370,1991-03-31,2080.0
ID370,1991-06-30,753.0
ID370,1991-09-30,1817.0
ID370,1991-12-31,2885.0
ID370,1992-03-31,2508.0
ID370,1992-06-30,970.0
ID370,1992-09-30,2049.0
ID370,1992-12-31,3582.0
ID370,1993-03-31,3504.0
ID370,1993-06-30,1498.0
ID370,1993-09-30,2490.0
ID370,1993-12-31,4044.0
ID370,1994-03-31,3744.0
ID370,1994-06-30,1232.0
ID370,1994-09-30,2969.0
ID370,1994-12-31,5093.0
ID370,1995-03-31,4263.0
ID370,1995-06-30,1399.0
ID370,1995-09-30,2745.0
ID370,1995-12-31,5011.0
ID370,1996-03-31,3566.0
ID370,1996-06-30,1278.0
ID370,1996-09-30,2672.0
ID370,1996-12-31,5144.0
ID370,1997-03-31,4169.0
ID370,1997-06-30,1440.0
ID370,1997-09-30,2723.0
ID370,1997-12-31,5072.0
ID370,1998-03-31,4045.0
ID370,1998-06-30,1594.0
ID370,1998-09-30,2928.0
ID370,1998-12-31,5471.0
ID370,1999-03-31,4639.0
ID370,1999-06-30,1773.0
ID370,1999-09-30,3337.0
ID370,1999-12-31,6904.0
ID370,2000-03-31,7418.0
ID370,2000-06-30,2057.0
ID370,2000-09-30,3736.0
ID370,2000-12-31,7814.0
ID370,2001-03-31,6689.0
ID370,2001-06-30,2014.0
ID370,2001-09-30,4441.0
ID370,2001-12-31,6959.0
ID370,2002-03-31,5911.0
ID370,2002-06-30,2326.0
ID370,2002-09-30,4975.0
ID370,2002-12-31,9222.0
ID370,2003-03-31,7583.0
ID370,2003-06-30,2498.0
ID370,2003-09-30,4869.0
ID371,1980-03-31,216.0
ID371,1980-06-30,44.0
ID371,1980-09-30,152.0
ID371,1980-12-31,272.0
ID371,1981-03-31,192.0
ID371,1981-06-30,116.0
ID371,1981-09-30,96.0
ID371,1981-12-31,268.0
ID371,1982-03-31,164.0
ID371,1982-06-30,76.0
ID371,1982-09-30,120.0
ID371,1982-12-31,300.0
ID371,1983-03-31,212.0
ID371,1983-06-30,100.0
ID371,1983-09-30,112.0
ID371,1983-12-31,348.0
ID371,1984-03-31,224.0
ID371,1984-06-30,112.0
ID371,1984-09-30,172.0
ID371,1984-12-31,252.0
ID371,1985-03-31,272.0
ID371,1985-06-30,136.0
ID371,1985-09-30,116.0
ID371,1985-12-31,384.0
ID371,1986-03-31,348.0
ID371,1986-06-30,112.0
ID371,1986-09-30,230.0
ID371,1986-12-31,438.0
ID371,1987-03-31,330.0
ID371,1987-06-30,172.0
ID371,1987-09-30,312.0
ID371,1987-12-31,590.0
ID371,1988-03-31,639.0
ID371,1988-06-30,164.0
ID371,1988-09-30,258.0
ID371,1988-12-31,539.0
ID371,1989-03-31,409.0
ID371,1989-06-30,189.0
ID371,1989-09-30,302.0
ID371,1989-12-31,636.0
ID371,1990-03-31,564.0
ID371,1990-06-30,207.0
ID371,1990-09-30,344.0
ID371,1990-12-31,500.0
ID371,1991-03-31,472.0
ID371,1991-06-30,181.0
ID371,1991-09-30,320.0
ID371,1991-12-31,831.0
ID371,1992-03-31,640.0
ID371,1992-06-30,270.0
ID371,1992-09-30,450.0
ID371,1992-12-31,852.0
ID371,1993-03-31,660.0
ID371,1993-06-30,465.0
ID371,1993-09-30,592.0
ID371,1993-12-31,978.0
ID371,1994-03-31,874.0
ID371,1994-06-30,254.0
ID371,1994-09-30,550.0
ID371,1994-12-31,1075.0
ID371,1995-03-31,831.0
ID371,1995-06-30,234.0
ID371,1995-09-30,641.0
ID371,1995-12-31,1184.0
ID371,1996-03-31,968.0
ID371,1996-06-30,448.0
ID371,1996-09-30,576.0
ID371,1996-12-31,1332.0
ID371,1997-03-31,807.0
ID371,1997-06-30,503.0
ID371,1997-09-30,790.0
ID371,1997-12-31,1275.0
ID371,1998-03-31,1057.0
ID371,1998-06-30,336.0
ID371,1998-09-30,732.0
ID371,1998-12-31,1315.0
ID371,1999-03-31,1247.0
ID371,1999-06-30,445.0
ID371,1999-09-30,843.0
ID371,1999-12-31,1754.0
ID371,2000-03-31,1510.0
ID371,2000-06-30,607.0
ID371,2000-09-30,914.0
ID371,2000-12-31,1760.0
ID371,2001-03-31,1191.0
ID371,2001-06-30,586.0
ID371,2001-09-30,944.0
ID371,2001-12-31,1614.0
ID371,2002-03-31,1807.0
ID371,2002-06-30,635.0
ID371,2002-09-30,907.0
ID371,2002-12-31,2186.0
ID371,2003-03-31,1995.0
ID371,2003-06-30,712.0
ID371,2003-09-30,890.0
ID372,1980-03-31,264.0
ID372,1980-06-30,228.0
ID372,1980-09-30,184.0
ID372,1980-12-31,260.0
ID372,1981-03-31,200.0
ID372,1981-06-30,244.0
ID372,1981-09-30,256.0
ID372,1981-12-31,304.0
ID372,1982-03-31,344.0
ID372,1982-06-30,320.0
ID372,1982-09-30,224.0
ID372,1982-12-31,388.0
ID372,1983-03-31,304.0
ID372,1983-06-30,360.0
ID372,1983-09-30,200.0
ID372,1983-12-31,328.0
ID372,1984-03-31,364.0
ID372,1984-06-30,296.0
ID372,1984-09-30,244.0
ID372,1984-12-31,388.0
ID372,1985-03-31,400.0
ID372,1985-06-30,460.0
ID372,1985-09-30,292.0
ID372,1985-12-31,504.0
ID372,1986-03-31,392.0
ID372,1986-06-30,461.0
ID372,1986-09-30,275.0
ID372,1986-12-31,390.0
ID372,1987-03-31,522.0
ID372,1987-06-30,409.0
ID372,1987-09-30,248.0
ID372,1987-12-31,508.0
ID372,1988-03-31,617.0
ID372,1988-06-30,443.0
ID372,1988-09-30,535.0
ID372,1988-12-31,594.0
ID372,1989-03-31,501.0
ID372,1989-06-30,513.0
ID372,1989-09-30,346.0
ID372,1989-12-31,562.0
ID372,1990-03-31,514.0
ID372,1990-06-30,396.0
ID372,1990-09-30,289.0
ID372,1990-12-31,636.0
ID372,1991-03-31,352.0
ID372,1991-06-30,475.0
ID372,1991-09-30,382.0
ID372,1991-12-31,474.0
ID372,1992-03-31,579.0
ID372,1992-06-30,380.0
ID372,1992-09-30,383.0
ID372,1992-12-31,612.0
ID372,1993-03-31,528.0
ID372,1993-06-30,405.0
ID372,1993-09-30,431.0
ID372,1993-12-31,563.0
ID372,1994-03-31,656.0
ID372,1994-06-30,542.0
ID372,1994-09-30,563.0
ID372,1994-12-31,733.0
ID372,1995-03-31,729.0
ID372,1995-06-30,692.0
ID372,1995-09-30,535.0
ID372,1995-12-31,611.0
ID372,1996-03-31,614.0
ID372,1996-06-30,589.0
ID372,1996-09-30,688.0
ID372,1996-12-31,689.0
ID372,1997-03-31,760.0
ID372,1997-06-30,576.0
ID372,1997-09-30,599.0
ID372,1997-12-31,734.0
ID372,1998-03-31,881.0
ID372,1998-06-30,690.0
ID372,1998-09-30,636.0
ID372,1998-12-31,981.0
ID372,1999-03-31,822.0
ID372,1999-06-30,758.0
ID372,1999-09-30,940.0
ID372,1999-12-31,1002.0
ID372,2000-03-31,1294.0
ID372,2000-06-30,860.0
ID372,2000-09-30,619.0
ID372,2000-12-31,862.0
ID372,2001-03-31,991.0
ID372,2001-06-30,702.0
ID372,2001-09-30,417.0
ID372,2001-12-31,769.0
ID372,2002-03-31,910.0
ID372,2002-06-30,885.0
ID372,2002-09-30,757.0
ID372,2002-12-31,1028.0
ID372,2003-03-31,1107.0
ID372,2003-06-30,783.0
ID372,2003-09-30,719.0
ID373,1980-03-31,136.0
ID373,1980-06-30,164.0
ID373,1980-09-30,348.0
ID373,1980-12-31,380.0
ID373,1981-03-31,192.0
ID373,1981-06-30,188.0
ID373,1981-09-30,348.0
ID373,1981-12-31,220.0
ID373,1982-03-31,188.0
ID373,1982-06-30,124.0
ID373,1982-09-30,140.0
ID373,1982-12-31,112.0
ID373,1983-03-31,168.0
ID373,1983-06-30,120.0
ID373,1983-09-30,136.0
ID373,1983-12-31,212.0
ID373,1984-03-31,172.0
ID373,1984-06-30,184.0
ID373,1984-09-30,228.0
ID373,1984-12-31,136.0
ID373,1985-03-31,160.0
ID373,1985-06-30,172.0
ID373,1985-09-30,200.0
ID373,1985-12-31,333.0
ID373,1986-03-31,404.0
ID373,1986-06-30,254.0
ID373,1986-09-30,270.0
ID373,1986-12-31,408.0
ID373,1987-03-31,516.0
ID373,1987-06-30,494.0
ID373,1987-09-30,336.0
ID373,1987-12-31,592.0
ID373,1988-03-31,716.0
ID373,1988-06-30,286.0
ID373,1988-09-30,303.0
ID373,1988-12-31,715.0
ID373,1989-03-31,398.0
ID373,1989-06-30,261.0
ID373,1989-09-30,317.0
ID373,1989-12-31,647.0
ID373,1990-03-31,558.0
ID373,1990-06-30,369.0
ID373,1990-09-30,546.0
ID373,1990-12-31,427.0
ID373,1991-03-31,528.0
ID373,1991-06-30,300.0
ID373,1991-09-30,524.0
ID373,1991-12-31,751.0
ID373,1992-03-31,549.0
ID373,1992-06-30,340.0
ID373,1992-09-30,710.0
ID373,1992-12-31,745.0
ID373,1993-03-31,636.0
ID373,1993-06-30,597.0
ID373,1993-09-30,738.0
ID373,1993-12-31,725.0
ID373,1994-03-31,702.0
ID373,1994-06-30,604.0
ID373,1994-09-30,717.0
ID373,1994-12-31,640.0
ID373,1995-03-31,744.0
ID373,1995-06-30,510.0
ID373,1995-09-30,752.0
ID373,1995-12-31,614.0
ID373,1996-03-31,556.0
ID373,1996-06-30,832.0
ID373,1996-09-30,720.0
ID373,1996-12-31,536.0
ID373,1997-03-31,685.0
ID373,1997-06-30,456.0
ID373,1997-09-30,519.0
ID373,1997-12-31,753.0
ID373,1998-03-31,1057.0
ID373,1998-06-30,542.0
ID373,1998-09-30,804.0
ID373,1998-12-31,1060.0
ID373,1999-03-31,925.0
ID373,1999-06-30,577.0
ID373,1999-09-30,1098.0
ID373,1999-12-31,1248.0
ID373,2000-03-31,1106.0
ID373,2000-06-30,455.0
ID373,2000-09-30,722.0
ID373,2000-12-31,778.0
ID373,2001-03-31,853.0
ID373,2001-06-30,677.0
ID373,2001-09-30,1241.0
ID373,2001-12-31,1065.0
ID373,2002-03-31,1253.0
ID373,2002-06-30,692.0
ID373,2002-09-30,1343.0
ID373,2002-12-31,1538.0
ID373,2003-03-31,1448.0
ID373,2003-06-30,885.0
ID373,2003-09-30,1036.0
ID374,1980-03-31,1228.0
ID374,1980-06-30,672.0
ID374,1980-09-30,1320.0
ID374,1980-12-31,1652.0
ID374,1981-03-31,1024.0
ID374,1981-06-30,768.0
ID374,1981-09-30,1248.0
ID374,1981-12-31,1408.0
ID374,1982-03-31,1212.0
ID374,1982-06-30,764.0
ID374,1982-09-30,904.0
ID374,1982-12-31,1500.0
ID374,1983-03-31,1280.0
ID374,1983-06-30,844.0
ID374,1983-09-30,980.0
ID374,1983-12-31,1488.0
ID374,1984-03-31,1380.0
ID374,1984-06-30,868.0
ID374,1984-09-30,1100.0
ID374,1984-12-31,1540.0
ID374,1985-03-31,1636.0
ID374,1985-06-30,1164.0
ID374,1985-09-30,1112.0
ID374,1985-12-31,2289.0
ID374,1986-03-31,2112.0
ID374,1986-06-30,1144.0
ID374,1986-09-30,1575.0
ID374,1986-12-31,2466.0
ID374,1987-03-31,2658.0
ID374,1987-06-30,2355.0
ID374,1987-09-30,1784.0
ID374,1987-12-31,3072.0
ID374,1988-03-31,3543.0
ID374,1988-06-30,1421.0
ID374,1988-09-30,2230.0
ID374,1988-12-31,3377.0
ID374,1989-03-31,2975.0
ID374,1989-06-30,1566.0
ID374,1989-09-30,2033.0
ID374,1989-12-31,3986.0
ID374,1990-03-31,3228.0
ID374,1990-06-30,1755.0
ID374,1990-09-30,2736.0
ID374,1990-12-31,3826.0
ID374,1991-03-31,3432.0
ID374,1991-06-30,1709.0
ID374,1991-09-30,3043.0
ID374,1991-12-31,4941.0
ID374,1992-03-31,4276.0
ID374,1992-06-30,1960.0
ID374,1992-09-30,3592.0
ID374,1992-12-31,5791.0
ID374,1993-03-31,5328.0
ID374,1993-06-30,2965.0
ID374,1993-09-30,4251.0
ID374,1993-12-31,6310.0
ID374,1994-03-31,5976.0
ID374,1994-06-30,2632.0
ID374,1994-09-30,4799.0
ID374,1994-12-31,7541.0
ID374,1995-03-31,6567.0
ID374,1995-06-30,2835.0
ID374,1995-09-30,4673.0
ID374,1995-12-31,7420.0
ID374,1996-03-31,5704.0
ID374,1996-06-30,3147.0
ID374,1996-09-30,4656.0
ID374,1996-12-31,7701.0
ID374,1997-03-31,6421.0
ID374,1997-06-30,2975.0
ID374,1997-09-30,4631.0
ID374,1997-12-31,7834.0
ID374,1998-03-31,7040.0
ID374,1998-06-30,3162.0
ID374,1998-09-30,5100.0
ID374,1998-12-31,8827.0
ID374,1999-03-31,7633.0
ID374,1999-06-30,3553.0
ID374,1999-09-30,6218.0
ID374,1999-12-31,10908.0
ID374,2000-03-31,11328.0
ID374,2000-06-30,3979.0
ID374,2000-09-30,5991.0
ID374,2000-12-31,11214.0
ID374,2001-03-31,9724.0
ID374,2001-06-30,3979.0
ID374,2001-09-30,7043.0
ID374,2001-12-31,10407.0
ID374,2002-03-31,9881.0
ID374,2002-06-30,4538.0
ID374,2002-09-30,7982.0
ID374,2002-12-31,13974.0
ID374,2003-03-31,12133.0
ID374,2003-06-30,4878.0
ID374,2003-09-30,7514.0
ID375,1980-03-31,96.0
ID375,1980-06-30,40.0
ID375,1980-09-30,68.0
ID375,1980-12-31,68.0
ID375,1981-03-31,60.0
ID375,1981-06-30,16.0
ID375,1981-09-30,68.0
ID375,1981-12-31,56.0
ID375,1982-03-31,32.0
ID375,1982-06-30,12.0
ID375,1982-09-30,36.0
ID375,1982-12-31,44.0
ID375,1983-03-31,40.0
ID375,1983-06-30,24.0
ID375,1983-09-30,32.0
ID375,1983-12-31,80.0
ID375,1984-03-31,84.0
ID375,1984-06-30,8.0
ID375,1984-09-30,20.0
ID375,1984-12-31,68.0
ID375,1985-03-31,76.0
ID375,1985-06-30,40.0
ID375,1985-09-30,28.0
ID375,1985-12-31,116.0
ID375,1986-03-31,160.0
ID375,1986-06-30,56.0
ID375,1986-09-30,60.0
ID375,1986-12-31,132.0
ID375,1987-03-31,186.0
ID375,1987-06-30,122.0
ID375,1987-09-30,120.0
ID375,1987-12-31,114.0
ID375,1988-03-31,127.0
ID375,1988-06-30,66.0
ID375,1988-09-30,69.0
ID375,1988-12-31,154.0
ID375,1989-03-31,183.0
ID375,1989-06-30,72.0
ID375,1989-09-30,65.0
ID375,1989-12-31,116.0
ID375,1990-03-31,104.0
ID375,1990-06-30,72.0
ID375,1990-09-30,119.0
ID375,1990-12-31,81.0
ID375,1991-03-31,120.0
ID375,1991-06-30,96.0
ID375,1991-09-30,43.0
ID375,1991-12-31,149.0
ID375,1992-03-31,145.0
ID375,1992-06-30,70.0
ID375,1992-09-30,90.0
ID375,1992-12-31,283.0
ID375,1993-03-31,120.0
ID375,1993-06-30,75.0
ID375,1993-09-30,101.0
ID375,1993-12-31,368.0
ID375,1994-03-31,354.0
ID375,1994-06-30,258.0
ID375,1994-09-30,176.0
ID375,1994-12-31,443.0
ID375,1995-03-31,584.0
ID375,1995-06-30,203.0
ID375,1995-09-30,366.0
ID375,1995-12-31,737.0
ID375,1996-03-31,407.0
ID375,1996-06-30,228.0
ID375,1996-09-30,208.0
ID375,1996-12-31,830.0
ID375,1997-03-31,909.0
ID375,1997-06-30,267.0
ID375,1997-09-30,169.0
ID375,1997-12-31,793.0
ID375,1998-03-31,1026.0
ID375,1998-06-30,297.0
ID375,1998-09-30,312.0
ID375,1998-12-31,928.0
ID375,1999-03-31,1126.0
ID375,1999-06-30,339.0
ID375,1999-09-30,372.0
ID375,1999-12-31,1132.0
ID375,2000-03-31,1384.0
ID375,2000-06-30,424.0
ID375,2000-09-30,483.0
ID375,2000-12-31,1746.0
ID375,2001-03-31,1338.0
ID375,2001-06-30,446.0
ID375,2001-09-30,539.0
ID375,2001-12-31,1026.0
ID375,2002-03-31,1307.0
ID375,2002-06-30,695.0
ID375,2002-09-30,543.0
ID375,2002-12-31,1914.0
ID375,2003-03-31,2116.0
ID375,2003-06-30,483.0
ID375,2003-09-30,1009.0
ID376,1980-03-31,40.0
ID376,1980-06-30,24.0
ID376,1980-09-30,32.0
ID376,1980-12-31,100.0
ID376,1981-03-31,36.0
ID376,1981-06-30,28.0
ID376,1981-09-30,28.0
ID376,1981-12-31,68.0
ID376,1982-03-31,8.0
ID376,1982-06-30,28.0
ID376,1982-09-30,24.0
ID376,1982-12-31,100.0
ID376,1983-03-31,60.0
ID376,1983-06-30,24.0
ID376,1983-09-30,32.0
ID376,1983-12-31,104.0
ID376,1984-03-31,80.0
ID376,1984-06-30,24.0
ID376,1984-09-30,44.0
ID376,1984-12-31,80.0
ID376,1985-03-31,52.0
ID376,1985-06-30,52.0
ID376,1985-09-30,28.0
ID376,1985-12-31,76.0
ID376,1986-03-31,60.0
ID376,1986-06-30,61.0
ID376,1986-09-30,50.0
ID376,1986-12-31,162.0
ID376,1987-03-31,36.0
ID376,1987-06-30,46.0
ID376,1987-09-30,120.0
ID376,1987-12-31,187.0
ID376,1988-03-31,140.0
ID376,1988-06-30,43.0
ID376,1988-09-30,40.0
ID376,1988-12-31,209.0
ID376,1989-03-31,141.0
ID376,1989-06-30,81.0
ID376,1989-09-30,65.0
ID376,1989-12-31,223.0
ID376,1990-03-31,132.0
ID376,1990-06-30,126.0
ID376,1990-09-30,64.0
ID376,1990-12-31,203.0
ID376,1991-03-31,182.0
ID376,1991-06-30,103.0
ID376,1991-09-30,114.0
ID376,1991-12-31,255.0
ID376,1992-03-31,141.0
ID376,1992-06-30,100.0
ID376,1992-09-30,124.0
ID376,1992-12-31,164.0
ID376,1993-03-31,96.0
ID376,1993-06-30,113.0
ID376,1993-09-30,58.0
ID376,1993-12-31,278.0
ID376,1994-03-31,183.0
ID376,1994-06-30,110.0
ID376,1994-09-30,111.0
ID376,1994-12-31,316.0
ID376,1995-03-31,278.0
ID376,1995-06-30,184.0
ID376,1995-09-30,261.0
ID376,1995-12-31,478.0
ID376,1996-03-31,346.0
ID376,1996-06-30,277.0
ID376,1996-09-30,192.0
ID376,1996-12-31,444.0
ID376,1997-03-31,295.0
ID376,1997-06-30,135.0
ID376,1997-09-30,255.0
ID376,1997-12-31,438.0
ID376,1998-03-31,293.0
ID376,1998-06-30,172.0
ID376,1998-09-30,240.0
ID376,1998-12-31,502.0
ID376,1999-03-31,485.0
ID376,1999-06-30,243.0
ID376,1999-09-30,294.0
ID376,1999-12-31,842.0
ID376,2000-03-31,466.0
ID376,2000-06-30,244.0
ID376,2000-09-30,204.0
ID376,2000-12-31,839.0
ID376,2001-03-31,614.0
ID376,2001-06-30,379.0
ID376,2001-09-30,378.0
ID376,2001-12-31,840.0
ID376,2002-03-31,729.0
ID376,2002-06-30,303.0
ID376,2002-09-30,405.0
ID376,2002-12-31,1050.0
ID376,2003-03-31,819.0
ID376,2003-06-30,381.0
ID376,2003-09-30,306.0
ID377,1980-03-31,272.0
ID377,1980-06-30,48.0
ID377,1980-09-30,52.0
ID377,1980-12-31,76.0
ID377,1981-03-31,80.0
ID377,1981-06-30,36.0
ID377,1981-09-30,32.0
ID377,1981-12-31,84.0
ID377,1982-03-31,84.0
ID377,1982-06-30,44.0
ID377,1982-09-30,28.0
ID377,1982-12-31,104.0
ID377,1983-03-31,64.0
ID377,1983-06-30,24.0
ID377,1983-09-30,348.0
ID377,1983-12-31,24.0
ID377,1984-03-31,60.0
ID377,1984-06-30,40.0
ID377,1984-09-30,44.0
ID377,1984-12-31,28.0
ID377,1985-03-31,52.0
ID377,1985-06-30,52.0
ID377,1985-09-30,128.0
ID377,1985-12-31,48.0
ID377,1986-03-31,76.0
ID377,1986-06-30,106.0
ID377,1986-09-30,75.0
ID377,1986-12-31,30.0
ID377,1987-03-31,54.0
ID377,1987-06-30,65.0
ID377,1987-09-30,112.0
ID377,1987-12-31,380.0
ID377,1988-03-31,202.0
ID377,1988-06-30,384.0
ID377,1988-09-30,361.0
ID377,1988-12-31,77.0
ID377,1989-03-31,301.0
ID377,1989-06-30,108.0
ID377,1989-09-30,146.0
ID377,1989-12-31,76.0
ID377,1990-03-31,1088.0
ID377,1990-06-30,927.0
ID377,1990-09-30,384.0
ID377,1990-12-31,790.0
ID377,1991-03-31,944.0
ID377,1991-06-30,427.0
ID377,1991-09-30,303.0
ID377,1991-12-31,162.0
ID377,1992-03-31,929.0
ID377,1992-06-30,420.0
ID377,1992-09-30,387.0
ID377,1992-12-31,173.0
ID377,1993-03-31,1440.0
ID377,1993-06-30,306.0
ID377,1993-09-30,596.0
ID377,1993-12-31,230.0
ID377,1994-03-31,1391.0
ID377,1994-06-30,760.0
ID377,1994-09-30,810.0
ID377,1994-12-31,539.0
ID377,1995-03-31,950.0
ID377,1995-06-30,896.0
ID377,1995-09-30,508.0
ID377,1995-12-31,687.0
ID377,1996-03-31,879.0
ID377,1996-06-30,694.0
ID377,1996-09-30,144.0
ID377,1996-12-31,634.0
ID377,1997-03-31,544.0
ID377,1997-06-30,817.0
ID377,1997-09-30,188.0
ID377,1997-12-31,715.0
ID377,1998-03-31,242.0
ID377,1998-06-30,700.0
ID377,1998-09-30,156.0
ID377,1998-12-31,792.0
ID377,1999-03-31,272.0
ID377,1999-06-30,833.0
ID377,1999-09-30,158.0
ID377,1999-12-31,752.0
ID377,2000-03-31,276.0
ID377,2000-06-30,754.0
ID377,2000-09-30,163.0
ID377,2000-12-31,547.0
ID377,2001-03-31,142.0
ID377,2001-06-30,652.0
ID377,2001-09-30,92.0
ID377,2001-12-31,631.0
ID377,2002-03-31,170.0
ID377,2002-06-30,740.0
ID377,2002-09-30,170.0
ID377,2002-12-31,674.0
ID377,2003-03-31,234.0
ID377,2003-06-30,759.0
ID377,2003-09-30,80.0
ID378,1980-03-31,472.0
ID378,1980-06-30,344.0
ID378,1980-09-30,788.0
ID378,1980-12-31,176.0
ID378,1981-03-31,768.0
ID378,1981-06-30,324.0
ID378,1981-09-30,504.0
ID378,1981-12-31,272.0
ID378,1982-03-31,336.0
ID378,1982-06-30,304.0
ID378,1982-09-30,244.0
ID378,1982-12-31,380.0
ID378,1983-03-31,452.0
ID378,1983-06-30,324.0
ID378,1983-09-30,116.0
ID378,1983-12-31,348.0
ID378,1984-03-31,380.0
ID378,1984-06-30,320.0
ID378,1984-09-30,24.0
ID378,1984-12-31,592.0
ID378,1985-03-31,224.0
ID378,1985-06-30,228.0
ID378,1985-09-30,264.0
ID378,1985-12-31,448.0
ID378,1986-03-31,292.0
ID378,1986-06-30,732.0
ID378,1986-09-30,40.0
ID378,1986-12-31,600.0
ID378,1987-03-31,348.0
ID378,1987-06-30,393.0
ID378,1987-09-30,272.0
ID378,1987-12-31,142.0
ID378,1988-03-31,108.0
ID378,1988-06-30,373.0
ID378,1988-09-30,69.0
ID378,1988-12-31,99.0
ID378,1989-03-31,534.0
ID378,1989-06-30,540.0
ID378,1989-09-30,343.0
ID378,1989-12-31,164.0
ID378,1990-03-31,570.0
ID378,1990-06-30,369.0
ID378,1990-09-30,240.0
ID378,1990-12-31,597.0
ID378,1991-03-31,424.0
ID378,1991-06-30,568.0
ID378,1991-09-30,212.0
ID378,1991-12-31,132.0
ID378,1992-03-31,443.0
ID378,1992-06-30,470.0
ID378,1992-09-30,462.0
ID378,1992-12-31,492.0
ID378,1993-03-31,588.0
ID378,1993-06-30,490.0
ID378,1993-09-30,215.0
ID378,1993-12-31,442.0
ID378,1994-03-31,451.0
ID378,1994-06-30,428.0
ID378,1994-09-30,161.0
ID378,1994-12-31,629.0
ID378,1995-03-31,584.0
ID378,1995-06-30,456.0
ID378,1995-09-30,393.0
ID378,1995-12-31,353.0
ID378,1996-03-31,510.0
ID378,1996-06-30,495.0
ID378,1996-09-30,304.0
ID378,1996-12-31,666.0
ID378,1997-03-31,394.0
ID378,1997-06-30,511.0
ID378,1997-09-30,322.0
ID378,1997-12-31,847.0
ID378,1998-03-31,459.0
ID378,1998-06-30,529.0
ID378,1998-09-30,240.0
ID378,1998-12-31,1086.0
ID378,1999-03-31,476.0
ID378,1999-06-30,511.0
ID378,1999-09-30,371.0
ID378,1999-12-31,838.0
ID378,2000-03-31,465.0
ID378,2000-06-30,649.0
ID378,2000-09-30,370.0
ID378,2000-12-31,859.0
ID378,2001-03-31,486.0
ID378,2001-06-30,426.0
ID378,2001-09-30,464.0
ID378,2001-12-31,1054.0
ID378,2002-03-31,782.0
ID378,2002-06-30,573.0
ID378,2002-09-30,396.0
ID378,2002-12-31,918.0
ID378,2003-03-31,611.0
ID378,2003-06-30,575.0
ID378,2003-09-30,718.0
ID379,1980-03-31,880.0
ID379,1980-06-30,456.0
ID379,1980-09-30,940.0
ID379,1980-12-31,420.0
ID379,1981-03-31,944.0
ID379,1981-06-30,404.0
ID379,1981-09-30,632.0
ID379,1981-12-31,480.0
ID379,1982-03-31,460.0
ID379,1982-06-30,388.0
ID379,1982-09-30,332.0
ID379,1982-12-31,628.0
ID379,1983-03-31,616.0
ID379,1983-06-30,396.0
ID379,1983-09-30,528.0
ID379,1983-12-31,556.0
ID379,1984-03-31,604.0
ID379,1984-06-30,392.0
ID379,1984-09-30,132.0
ID379,1984-12-31,768.0
ID379,1985-03-31,404.0
ID379,1985-06-30,372.0
ID379,1985-09-30,448.0
ID379,1985-12-31,688.0
ID379,1986-03-31,588.0
ID379,1986-06-30,955.0
ID379,1986-09-30,225.0
ID379,1986-12-31,924.0
ID379,1987-03-31,624.0
ID379,1987-06-30,626.0
ID379,1987-09-30,624.0
ID379,1987-12-31,823.0
ID379,1988-03-31,577.0
ID379,1988-06-30,866.0
ID379,1988-09-30,539.0
ID379,1988-12-31,539.0
ID379,1989-03-31,1159.0
ID379,1989-06-30,801.0
ID379,1989-09-30,619.0
ID379,1989-12-31,579.0
ID379,1990-03-31,1894.0
ID379,1990-06-30,1494.0
ID379,1990-09-30,807.0
ID379,1990-12-31,1671.0
ID379,1991-03-31,1670.0
ID379,1991-06-30,1194.0
ID379,1991-09-30,672.0
ID379,1991-12-31,698.0
ID379,1992-03-31,1658.0
ID379,1992-06-30,1060.0
ID379,1992-09-30,1063.0
ID379,1992-12-31,1112.0
ID379,1993-03-31,2244.0
ID379,1993-06-30,984.0
ID379,1993-09-30,970.0
ID379,1993-12-31,1318.0
ID379,1994-03-31,2379.0
ID379,1994-06-30,1556.0
ID379,1994-09-30,1258.0
ID379,1994-12-31,1927.0
ID379,1995-03-31,2396.0
ID379,1995-06-30,1739.0
ID379,1995-09-30,1528.0
ID379,1995-12-31,2255.0
ID379,1996-03-31,2142.0
ID379,1996-06-30,1694.0
ID379,1996-09-30,848.0
ID379,1996-12-31,2574.0
ID379,1997-03-31,2142.0
ID379,1997-06-30,1730.0
ID379,1997-09-30,934.0
ID379,1997-12-31,2793.0
ID379,1998-03-31,2020.0
ID379,1998-06-30,1698.0
ID379,1998-09-30,948.0
ID379,1998-12-31,3308.0
ID379,1999-03-31,2359.0
ID379,1999-06-30,1926.0
ID379,1999-09-30,1195.0
ID379,1999-12-31,3564.0
ID379,2000-03-31,2591.0
ID379,2000-06-30,2071.0
ID379,2000-09-30,1220.0
ID379,2000-12-31,3991.0
ID379,2001-03-31,2580.0
ID379,2001-06-30,1903.0
ID379,2001-09-30,1473.0
ID379,2001-12-31,3551.0
ID379,2002-03-31,2988.0
ID379,2002-06-30,2311.0
ID379,2002-09-30,1514.0
ID379,2002-12-31,4556.0
ID379,2003-03-31,3780.0
ID379,2003-06-30,2198.0
ID379,2003-09-30,2113.0
ID38,1979-12-31,185.0
ID38,1980-03-31,192.0
ID38,1980-06-30,159.0
ID38,1980-09-30,199.0
ID38,1980-12-31,167.0
ID38,1981-03-31,181.0
ID38,1981-06-30,169.0
ID38,1981-09-30,234.0
ID38,1981-12-31,243.0
ID38,1982-03-31,244.0
ID38,1982-06-30,218.0
ID38,1982-09-30,271.0
ID38,1982-12-31,278.0
ID38,1983-03-31,309.0
ID38,1983-06-30,272.0
ID38,1983-09-30,346.0
ID38,1983-12-31,341.0
ID38,1984-03-31,384.0
ID38,1984-06-30,379.0
ID38,1984-09-30,454.0
ID38,1984-12-31,418.0
ID38,1985-03-31,402.0
ID38,1985-06-30,378.0
ID38,1985-09-30,473.0
ID38,1985-12-31,485.0
ID38,1986-03-31,499.0
ID38,1986-06-30,554.0
ID38,1986-09-30,708.0
ID38,1986-12-31,626.0
ID38,1987-03-31,656.0
ID38,1987-06-30,695.0
ID38,1987-09-30,831.0
ID38,1987-12-31,699.0
ID38,1988-03-31,706.0
ID38,1988-06-30,713.0
ID38,1988-09-30,897.0
ID38,1988-12-31,807.0
ID38,1989-03-31,769.0
ID38,1989-06-30,730.0
ID38,1989-09-30,929.0
ID38,1989-12-31,697.0
ID38,1990-03-31,631.0
ID38,1990-06-30,689.0
ID38,1990-09-30,886.0
ID38,1990-12-31,731.0
ID38,1991-03-31,689.0
ID38,1991-06-30,691.0
ID38,1991-09-30,972.0
ID38,1991-12-31,894.0
ID38,1992-03-31,912.0
ID38,1992-06-30,858.0
ID38,1992-09-30,1061.0
ID38,1992-12-31,927.0
ID38,1993-03-31,1008.0
ID38,1993-06-30,1017.0
ID38,1993-09-30,1252.0
ID38,1993-12-31,1242.0
ID38,1994-03-31,1242.0
ID38,1994-06-30,1325.0
ID38,1994-09-30,1598.0
ID38,1994-12-31,1324.0
ID38,1995-03-31,1273.0
ID38,1995-06-30,1368.0
ID38,1995-09-30,1506.0
ID38,1995-12-31,1310.0
ID38,1996-03-31,1295.0
ID38,1996-06-30,1194.0
ID38,1996-09-30,1314.0
ID38,1996-12-31,1315.0
ID38,1997-03-31,1267.0
ID38,1997-06-30,1333.0
ID38,1997-09-30,1525.0
ID38,1997-12-31,1461.0
ID38,1998-03-31,1497.0
ID38,1998-06-30,1582.0
ID38,1998-09-30,1815.0
ID38,1998-12-31,1714.0
ID38,1999-03-31,1675.0
ID38,1999-06-30,1685.0
ID38,1999-09-30,1934.0
ID38,1999-12-31,1766.0
ID38,2000-03-31,1656.0
ID38,2000-06-30,1791.0
ID38,2000-09-30,2089.0
ID38,2000-12-31,1873.0
ID38,2001-03-31,1839.0
ID38,2001-06-30,1721.0
ID38,2001-09-30,2136.0
ID38,2001-12-31,1950.0
ID38,2002-03-31,1904.0
ID38,2002-06-30,1850.0
ID380,1980-03-31,3700.0
ID380,1980-06-30,1324.0
ID380,1980-09-30,1888.0
ID380,1980-12-31,4268.0
ID380,1981-03-31,4112.0
ID380,1981-06-30,1192.0
ID380,1981-09-30,1968.0
ID380,1981-12-31,4212.0
ID380,1982-03-31,4320.0
ID380,1982-06-30,1448.0
ID380,1982-09-30,1740.0
ID380,1982-12-31,4574.0
ID380,1983-03-31,4720.0
ID380,1983-06-30,1700.0
ID380,1983-09-30,1944.0
ID380,1983-12-31,4788.0
ID380,1984-03-31,4696.0
ID380,1984-06-30,1604.0
ID380,1984-09-30,1784.0
ID380,1984-12-31,5212.0
ID380,1985-03-31,5672.0
ID380,1985-06-30,1660.0
ID380,1985-09-30,1844.0
ID380,1985-12-31,5788.0
ID380,1986-03-31,6464.0
ID380,1986-06-30,1856.0
ID380,1986-09-30,2610.0
ID380,1986-12-31,7662.0
ID380,1987-03-31,9066.0
ID380,1987-06-30,3581.0
ID380,1987-09-30,2952.0
ID380,1987-12-31,9609.0
ID380,1988-03-31,10927.0
ID380,1988-06-30,3083.0
ID380,1988-09-30,4566.0
ID380,1988-12-31,10505.0
ID380,1989-03-31,12708.0
ID380,1989-06-30,3762.0
ID380,1989-09-30,4731.0
ID380,1989-12-31,13145.0
ID380,1990-03-31,13704.0
ID380,1990-06-30,5076.0
ID380,1990-09-30,5503.0
ID380,1990-12-31,17592.0
ID380,1991-03-31,16862.0
ID380,1991-06-30,4755.0
ID380,1991-09-30,5947.0
ID380,1991-12-31,19772.0
ID380,1992-03-31,20624.0
ID380,1992-06-30,7810.0
ID380,1992-09-30,7449.0
ID380,1992-12-31,25111.0
ID380,1993-03-31,28152.0
ID380,1993-06-30,8030.0
ID380,1993-09-30,8701.0
ID380,1993-12-31,29719.0
ID380,1994-03-31,32101.0
ID380,1994-06-30,9232.0
ID380,1994-09-30,9100.0
ID380,1994-12-31,31150.0
ID380,1995-03-31,30101.0
ID380,1995-06-30,8951.0
ID380,1995-09-30,8936.0
ID380,1995-12-31,29604.0
ID380,1996-03-31,27752.0
ID380,1996-06-30,8029.0
ID380,1996-09-30,7840.0
ID380,1996-12-31,29967.0
ID380,1997-03-31,27855.0
ID380,1997-06-30,7985.0
ID380,1997-09-30,7904.0
ID380,1997-12-31,26583.0
ID380,1998-03-31,27989.0
ID380,1998-06-30,6772.0
ID380,1998-09-30,8040.0
ID380,1998-12-31,28040.0
ID380,1999-03-31,29057.0
ID380,1999-06-30,6807.0
ID380,1999-09-30,8429.0
ID380,1999-12-31,32474.0
ID380,2000-03-31,34444.0
ID380,2000-06-30,8557.0
ID380,2000-09-30,9456.0
ID380,2000-12-31,37666.0
ID380,2001-03-31,38805.0
ID380,2001-06-30,8080.0
ID380,2001-09-30,10933.0
ID380,2001-12-31,34547.0
ID380,2002-03-31,33840.0
ID380,2002-06-30,8472.0
ID380,2002-09-30,11146.0
ID380,2002-12-31,39758.0
ID380,2003-03-31,39553.0
ID380,2003-06-30,8910.0
ID380,2003-09-30,12348.0
ID381,1980-03-31,1596.0
ID381,1980-06-30,404.0
ID381,1980-09-30,520.0
ID381,1980-12-31,2220.0
ID381,1981-03-31,1704.0
ID381,1981-06-30,548.0
ID381,1981-09-30,598.0
ID381,1981-12-31,2245.0
ID381,1982-03-31,1800.0
ID381,1982-06-30,457.0
ID381,1982-09-30,684.0
ID381,1982-12-31,2320.0
ID381,1983-03-31,2080.0
ID381,1983-06-30,452.0
ID381,1983-09-30,680.0
ID381,1983-12-31,1996.0
ID381,1984-03-31,2268.0
ID381,1984-06-30,516.0
ID381,1984-09-30,676.0
ID381,1984-12-31,2272.0
ID381,1985-03-31,2505.0
ID381,1985-06-30,668.0
ID381,1985-09-30,644.0
ID381,1985-12-31,2256.0
ID381,1986-03-31,2500.0
ID381,1986-06-30,609.0
ID381,1986-09-30,990.0
ID381,1986-12-31,2400.0
ID381,1987-03-31,2484.0
ID381,1987-06-30,771.0
ID381,1987-09-30,1072.0
ID381,1987-12-31,3588.0
ID381,1988-03-31,3582.0
ID381,1988-06-30,916.0
ID381,1988-09-30,1043.0
ID381,1988-12-31,3421.0
ID381,1989-03-31,3009.0
ID381,1989-06-30,1017.0
ID381,1989-09-30,1340.0
ID381,1989-12-31,3721.0
ID381,1990-03-31,3370.0
ID381,1990-06-30,1134.0
ID381,1990-09-30,1530.0
ID381,1990-12-31,3705.0
ID381,1991-03-31,3466.0
ID381,1991-06-30,996.0
ID381,1991-09-30,1201.0
ID381,1991-12-31,4926.0
ID381,1992-03-31,4690.0
ID381,1992-06-30,1520.0
ID381,1992-09-30,1589.0
ID381,1992-12-31,4563.0
ID381,1993-03-31,3576.0
ID381,1993-06-30,1583.0
ID381,1993-09-30,1676.0
ID381,1993-12-31,5744.0
ID381,1994-03-31,4594.0
ID381,1994-06-30,1144.0
ID381,1994-09-30,1986.0
ID381,1994-12-31,5544.0
ID381,1995-03-31,4901.0
ID381,1995-06-30,1307.0
ID381,1995-09-30,2405.0
ID381,1995-12-31,6415.0
ID381,1996-03-31,5779.0
ID381,1996-06-30,1792.0
ID381,1996-09-30,2192.0
ID381,1996-12-31,6176.0
ID381,1997-03-31,5513.0
ID381,1997-06-30,1500.0
ID381,1997-09-30,2429.0
ID381,1997-12-31,6902.0
ID381,1998-03-31,6806.0
ID381,1998-06-30,1881.0
ID381,1998-09-30,2208.0
ID381,1998-12-31,6322.0
ID381,1999-03-31,6302.0
ID381,1999-06-30,1796.0
ID381,1999-09-30,2612.0
ID381,1999-12-31,7626.0
ID381,2000-03-31,7766.0
ID381,2000-06-30,2362.0
ID381,2000-09-30,2989.0
ID381,2000-12-31,7972.0
ID381,2001-03-31,7119.0
ID381,2001-06-30,2485.0
ID381,2001-09-30,3222.0
ID381,2001-12-31,7548.0
ID381,2002-03-31,7750.0
ID381,2002-06-30,2245.0
ID381,2002-09-30,3017.0
ID381,2002-12-31,9140.0
ID381,2003-03-31,8244.0
ID381,2003-06-30,2544.0
ID381,2003-09-30,3424.0
ID382,1980-03-31,948.0
ID382,1980-06-30,552.0
ID382,1980-09-30,504.0
ID382,1980-12-31,720.0
ID382,1981-03-31,680.0
ID382,1981-06-30,696.0
ID382,1981-09-30,584.0
ID382,1981-12-31,976.0
ID382,1982-03-31,964.0
ID382,1982-06-30,728.0
ID382,1982-09-30,592.0
ID382,1982-12-31,1032.0
ID382,1983-03-31,924.0
ID382,1983-06-30,824.0
ID382,1983-09-30,1016.0
ID382,1983-12-31,996.0
ID382,1984-03-31,1028.0
ID382,1984-06-30,816.0
ID382,1984-09-30,700.0
ID382,1984-12-31,1120.0
ID382,1985-03-31,1140.0
ID382,1985-06-30,1092.0
ID382,1985-09-30,904.0
ID382,1985-12-31,1292.0
ID382,1986-03-31,1280.0
ID382,1986-06-30,1098.0
ID382,1986-09-30,955.0
ID382,1986-12-31,948.0
ID382,1987-03-31,1158.0
ID382,1987-06-30,880.0
ID382,1987-09-30,824.0
ID382,1987-12-31,1735.0
ID382,1988-03-31,1675.0
ID382,1988-06-30,1429.0
ID382,1988-09-30,1445.0
ID382,1988-12-31,1419.0
ID382,1989-03-31,1708.0
ID382,1989-06-30,1179.0
ID382,1989-09-30,985.0
ID382,1989-12-31,1293.0
ID382,1990-03-31,2556.0
ID382,1990-06-30,1773.0
ID382,1990-09-30,1088.0
ID382,1990-12-31,2085.0
ID382,1991-03-31,1784.0
ID382,1991-06-30,1449.0
ID382,1991-09-30,998.0
ID382,1991-12-31,1517.0
ID382,1992-03-31,2269.0
ID382,1992-06-30,1350.0
ID382,1992-09-30,1244.0
ID382,1992-12-31,1341.0
ID382,1993-03-31,2796.0
ID382,1993-06-30,1274.0
ID382,1993-09-30,1553.0
ID382,1993-12-31,1584.0
ID382,1994-03-31,2885.0
ID382,1994-06-30,1916.0
ID382,1994-09-30,1918.0
ID382,1994-12-31,2060.0
ID382,1995-03-31,2607.0
ID382,1995-06-30,2356.0
ID382,1995-09-30,1784.0
ID382,1995-12-31,2200.0
ID382,1996-03-31,2611.0
ID382,1996-06-30,2179.0
ID382,1996-09-30,1344.0
ID382,1996-12-31,2127.0
ID382,1997-03-31,2203.0
ID382,1997-06-30,2264.0
ID382,1997-09-30,1529.0
ID382,1997-12-31,2261.0
ID382,1998-03-31,2180.0
ID382,1998-06-30,2215.0
ID382,1998-09-30,1560.0
ID382,1998-12-31,2908.0
ID382,1999-03-31,1976.0
ID382,1999-06-30,2402.0
ID382,1999-09-30,1997.0
ID382,1999-12-31,2748.0
ID382,2000-03-31,2832.0
ID382,2000-06-30,2416.0
ID382,2000-09-30,1548.0
ID382,2000-12-31,2399.0
ID382,2001-03-31,2061.0
ID382,2001-06-30,2201.0
ID382,2001-09-30,1208.0
ID382,2001-12-31,2264.0
ID382,2002-03-31,2409.0
ID382,2002-06-30,2430.0
ID382,2002-09-30,1883.0
ID382,2002-12-31,2800.0
ID382,2003-03-31,2595.0
ID382,2003-06-30,2241.0
ID382,2003-09-30,1614.0
ID383,1980-03-31,1012.0
ID383,1980-06-30,772.0
ID383,1980-09-30,1492.0
ID383,1980-12-31,1020.0
ID383,1981-03-31,1428.0
ID383,1981-06-30,772.0
ID383,1981-09-30,1121.0
ID383,1981-12-31,1008.0
ID383,1982-03-31,932.0
ID383,1982-06-30,700.0
ID383,1982-09-30,681.0
ID383,1982-12-31,872.0
ID383,1983-03-31,1024.0
ID383,1983-06-30,640.0
ID383,1983-09-30,540.0
ID383,1983-12-31,940.0
ID383,1984-03-31,924.0
ID383,1984-06-30,762.0
ID383,1984-09-30,520.0
ID383,1984-12-31,1113.0
ID383,1985-03-31,824.0
ID383,1985-06-30,664.0
ID383,1985-09-30,784.0
ID383,1985-12-31,1133.0
ID383,1986-03-31,1168.0
ID383,1986-06-30,1304.0
ID383,1986-09-30,751.0
ID383,1986-12-31,1536.0
ID383,1987-03-31,1518.0
ID383,1987-06-30,1330.0
ID383,1987-09-30,1104.0
ID383,1987-12-31,1431.0
ID383,1988-03-31,1498.0
ID383,1988-06-30,1000.0
ID383,1988-09-30,1006.0
ID383,1988-12-31,1386.0
ID383,1989-03-31,1690.0
ID383,1989-06-30,1233.0
ID383,1989-09-30,1215.0
ID383,1989-12-31,1514.0
ID383,1990-03-31,2014.0
ID383,1990-06-30,1386.0
ID383,1990-09-30,1411.0
ID383,1990-12-31,1879.0
ID383,1991-03-31,2210.0
ID383,1991-06-30,1633.0
ID383,1991-09-30,1461.0
ID383,1991-12-31,1981.0
ID383,1992-03-31,2428.0
ID383,1992-06-30,1680.0
ID383,1992-09-30,2077.0
ID383,1992-12-31,2663.0
ID383,1993-03-31,3156.0
ID383,1993-06-30,2254.0
ID383,1993-09-30,2171.0
ID383,1993-12-31,2422.0
ID383,1994-03-31,3459.0
ID383,1994-06-30,2216.0
ID383,1994-09-30,2141.0
ID383,1994-12-31,2929.0
ID383,1995-03-31,3429.0
ID383,1995-06-30,2125.0
ID383,1995-09-30,2204.0
ID383,1995-12-31,2488.0
ID383,1996-03-31,2489.0
ID383,1996-06-30,2089.0
ID383,1996-09-30,1968.0
ID383,1996-12-31,2481.0
ID383,1997-03-31,2605.0
ID383,1997-06-30,2128.0
ID383,1997-09-30,2110.0
ID383,1997-12-31,2852.0
ID383,1998-03-31,3804.0
ID383,1998-06-30,1863.0
ID383,1998-09-30,2172.0
ID383,1998-12-31,3449.0
ID383,1999-03-31,2856.0
ID383,1999-06-30,1832.0
ID383,1999-09-30,2475.0
ID383,1999-12-31,3856.0
ID383,2000-03-31,3426.0
ID383,2000-06-30,1829.0
ID383,2000-09-30,2532.0
ID383,2000-12-31,2956.0
ID383,2001-03-31,3024.0
ID383,2001-06-30,2010.0
ID383,2001-09-30,3225.0
ID383,2001-12-31,3729.0
ID383,2002-03-31,4072.0
ID383,2002-06-30,1890.0
ID383,2002-09-30,3419.0
ID383,2002-12-31,3694.0
ID383,2003-03-31,4139.0
ID383,2003-06-30,2308.0
ID383,2003-09-30,3317.0
ID384,1980-03-31,7256.0
ID384,1980-06-30,3052.0
ID384,1980-09-30,4404.0
ID384,1980-12-31,8228.0
ID384,1981-03-31,7924.0
ID384,1981-06-30,3208.0
ID384,1981-09-30,4271.0
ID384,1981-12-31,8441.0
ID384,1982-03-31,8016.0
ID384,1982-06-30,3333.0
ID384,1982-09-30,3697.0
ID384,1982-12-31,8798.0
ID384,1983-03-31,8748.0
ID384,1983-06-30,3616.0
ID384,1983-09-30,4180.0
ID384,1983-12-31,8720.0
ID384,1984-03-31,8916.0
ID384,1984-06-30,3698.0
ID384,1984-09-30,3680.0
ID384,1984-12-31,9717.0
ID384,1985-03-31,10141.0
ID384,1985-06-30,4084.0
ID384,1985-09-30,4176.0
ID384,1985-12-31,10469.0
ID384,1986-03-31,11412.0
ID384,1986-06-30,4867.0
ID384,1986-09-30,5306.0
ID384,1986-12-31,12546.0
ID384,1987-03-31,14226.0
ID384,1987-06-30,6562.0
ID384,1987-09-30,5952.0
ID384,1987-12-31,16363.0
ID384,1988-03-31,17682.0
ID384,1988-06-30,6428.0
ID384,1988-09-30,8060.0
ID384,1988-12-31,16731.0
ID384,1989-03-31,19115.0
ID384,1989-06-30,7191.0
ID384,1989-09-30,8271.0
ID384,1989-12-31,19673.0
ID384,1990-03-31,21644.0
ID384,1990-06-30,9369.0
ID384,1990-09-30,9532.0
ID384,1990-12-31,25261.0
ID384,1991-03-31,24322.0
ID384,1991-06-30,8833.0
ID384,1991-09-30,9607.0
ID384,1991-12-31,28196.0
ID384,1992-03-31,30011.0
ID384,1992-06-30,12360.0
ID384,1992-09-30,12359.0
ID384,1992-12-31,33678.0
ID384,1993-03-31,37680.0
ID384,1993-06-30,13141.0
ID384,1993-09-30,14101.0
ID384,1993-12-31,39469.0
ID384,1994-03-31,43039.0
ID384,1994-06-30,14508.0
ID384,1994-09-30,15145.0
ID384,1994-12-31,41683.0
ID384,1995-03-31,41038.0
ID384,1995-06-30,14739.0
ID384,1995-09-30,15329.0
ID384,1995-12-31,40707.0
ID384,1996-03-31,38631.0
ID384,1996-06-30,14089.0
ID384,1996-09-30,13344.0
ID384,1996-12-31,40751.0
ID384,1997-03-31,38176.0
ID384,1997-06-30,13877.0
ID384,1997-09-30,13972.0
ID384,1997-12-31,38598.0
ID384,1998-03-31,40779.0
ID384,1998-06-30,12731.0
ID384,1998-09-30,13980.0
ID384,1998-12-31,40719.0
ID384,1999-03-31,40191.0
ID384,1999-06-30,12837.0
ID384,1999-09-30,15513.0
ID384,1999-12-31,46704.0
ID384,2000-03-31,48468.0
ID384,2000-06-30,15164.0
ID384,2000-09-30,16525.0
ID384,2000-12-31,50993.0
ID384,2001-03-31,51009.0
ID384,2001-06-30,14776.0
ID384,2001-09-30,18588.0
ID384,2001-12-31,48088.0
ID384,2002-03-31,48071.0
ID384,2002-06-30,15037.0
ID384,2002-09-30,19465.0
ID384,2002-12-31,55392.0
ID384,2003-03-31,54531.0
ID384,2003-06-30,16003.0
ID384,2003-09-30,20703.0
ID385,1980-03-31,7432.0
ID385,1980-06-30,2460.0
ID385,1980-09-30,3120.0
ID385,1980-12-31,7772.0
ID385,1981-03-31,8564.0
ID385,1981-06-30,2528.0
ID385,1981-09-30,3460.0
ID385,1981-12-31,8112.0
ID385,1982-03-31,8428.0
ID385,1982-06-30,3012.0
ID385,1982-09-30,3172.0
ID385,1982-12-31,8589.0
ID385,1983-03-31,9216.0
ID385,1983-06-30,3580.0
ID385,1983-09-30,3800.0
ID385,1983-12-31,9236.0
ID385,1984-03-31,10292.0
ID385,1984-06-30,3260.0
ID385,1984-09-30,3828.0
ID385,1984-12-31,10348.0
ID385,1985-03-31,12104.0
ID385,1985-06-30,3720.0
ID385,1985-09-30,4268.0
ID385,1985-12-31,11835.0
ID385,1986-03-31,15048.0
ID385,1986-06-30,4640.0
ID385,1986-09-30,5690.0
ID385,1986-12-31,16578.0
ID385,1987-03-31,21240.0
ID385,1987-06-30,8255.0
ID385,1987-09-30,6704.0
ID385,1987-12-31,19824.0
ID385,1988-03-31,25012.0
ID385,1988-06-30,8250.0
ID385,1988-09-30,9534.0
ID385,1988-12-31,21967.0
ID385,1989-03-31,27316.0
ID385,1989-06-30,9009.0
ID385,1989-09-30,10369.0
ID385,1989-12-31,25919.0
ID385,1990-03-31,29658.0
ID385,1990-06-30,12321.0
ID385,1990-09-30,11530.0
ID385,1990-12-31,32208.0
ID385,1991-03-31,34692.0
ID385,1991-06-30,12212.0
ID385,1991-09-30,12058.0
ID385,1991-12-31,35242.0
ID385,1992-03-31,38958.0
ID385,1992-06-30,16190.0
ID385,1992-09-30,14030.0
ID385,1992-12-31,40575.0
ID385,1993-03-31,49452.0
ID385,1993-06-30,16829.0
ID385,1993-09-30,15818.0
ID385,1993-12-31,49514.0
ID385,1994-03-31,56789.0
ID385,1994-06-30,18374.0
ID385,1994-09-30,17342.0
ID385,1994-12-31,53398.0
ID385,1995-03-31,58259.0
ID385,1995-06-30,18796.0
ID385,1995-09-30,18726.0
ID385,1995-12-31,51849.0
ID385,1996-03-31,57278.0
ID385,1996-06-30,19685.0
ID385,1996-09-30,18080.0
ID385,1996-12-31,58149.0
ID385,1997-03-31,66460.0
ID385,1997-06-30,20749.0
ID385,1997-09-30,18882.0
ID385,1997-12-31,52462.0
ID385,1998-03-31,63228.0
ID385,1998-06-30,18559.0
ID385,1998-09-30,19380.0
ID385,1998-12-31,56145.0
ID385,1999-03-31,69347.0
ID385,1999-06-30,20152.0
ID385,1999-09-30,22505.0
ID385,1999-12-31,65028.0
ID385,2000-03-31,76738.0
ID385,2000-06-30,26837.0
ID385,2000-09-30,26660.0
ID385,2000-12-31,79946.0
ID385,2001-03-31,91022.0
ID385,2001-06-30,27323.0
ID385,2001-09-30,30418.0
ID385,2001-12-31,75777.0
ID385,2002-03-31,97465.0
ID385,2002-06-30,30352.0
ID385,2002-09-30,32885.0
ID385,2002-12-31,88182.0
ID385,2003-03-31,107724.0
ID385,2003-06-30,35337.0
ID385,2003-09-30,37523.0
ID386,1980-03-31,8844.0
ID386,1980-06-30,1840.0
ID386,1980-09-30,2465.0
ID386,1980-12-31,10188.0
ID386,1981-03-31,10085.0
ID386,1981-06-30,2229.0
ID386,1981-09-30,2691.0
ID386,1981-12-31,11436.0
ID386,1982-03-31,9313.0
ID386,1982-06-30,2397.0
ID386,1982-09-30,2916.0
ID386,1982-12-31,11750.0
ID386,1983-03-31,9408.0
ID386,1983-06-30,2216.0
ID386,1983-09-30,2957.0
ID386,1983-12-31,11939.0
ID386,1984-03-31,9852.0
ID386,1984-06-30,2660.0
ID386,1984-09-30,3244.0
ID386,1984-12-31,11093.0
ID386,1985-03-31,10742.0
ID386,1985-06-30,2728.0
ID386,1985-09-30,3188.0
ID386,1985-12-31,11680.0
ID386,1986-03-31,11329.0
ID386,1986-06-30,2968.0
ID386,1986-09-30,3730.0
ID386,1986-12-31,12378.0
ID386,1987-03-31,12318.0
ID386,1987-06-30,4200.0
ID386,1987-09-30,4104.0
ID386,1987-12-31,17268.0
ID386,1988-03-31,17819.0
ID386,1988-06-30,4601.0
ID386,1988-09-30,5299.0
ID386,1988-12-31,18997.0
ID386,1989-03-31,16638.0
ID386,1989-06-30,5382.0
ID386,1989-09-30,5611.0
ID386,1989-12-31,18777.0
ID386,1990-03-31,17560.0
ID386,1990-06-30,8523.0
ID386,1990-09-30,6716.0
ID386,1990-12-31,19377.0
ID386,1991-03-31,18500.0
ID386,1991-06-30,6227.0
ID386,1991-09-30,5823.0
ID386,1991-12-31,21602.0
ID386,1992-03-31,23285.0
ID386,1992-06-30,8440.0
ID386,1992-09-30,6617.0
ID386,1992-12-31,21318.0
ID386,1993-03-31,19716.0
ID386,1993-06-30,7268.0
ID386,1993-09-30,7034.0
ID386,1993-12-31,25439.0
ID386,1994-03-31,24241.0
ID386,1994-06-30,6826.0
ID386,1994-09-30,7619.0
ID386,1994-12-31,24141.0
ID386,1995-03-31,24168.0
ID386,1995-06-30,7520.0
ID386,1995-09-30,8536.0
ID386,1995-12-31,26595.0
ID386,1996-03-31,27523.0
ID386,1996-06-30,9729.0
ID386,1996-09-30,8720.0
ID386,1996-12-31,28033.0
ID386,1997-03-31,29793.0
ID386,1997-06-30,8582.0
ID386,1997-09-30,8966.0
ID386,1997-12-31,30854.0
ID386,1998-03-31,33636.0
ID386,1998-06-30,10869.0
ID386,1998-09-30,10296.0
ID386,1998-12-31,32524.0
ID386,1999-03-31,34090.0
ID386,1999-06-30,11348.0
ID386,1999-09-30,12486.0
ID386,1999-12-31,34266.0
ID386,2000-03-31,41490.0
ID386,2000-06-30,15171.0
ID386,2000-09-30,13537.0
ID386,2000-12-31,41791.0
ID386,2001-03-31,41472.0
ID386,2001-06-30,13902.0
ID386,2001-09-30,14525.0
ID386,2001-12-31,41547.0
ID386,2002-03-31,47562.0
ID386,2002-06-30,12898.0
ID386,2002-09-30,14293.0
ID386,2002-12-31,45098.0
ID386,2003-03-31,47992.0
ID386,2003-06-30,17552.0
ID386,2003-09-30,17191.0
ID387,1980-03-31,2572.0
ID387,1980-06-30,1492.0
ID387,1980-09-30,1380.0
ID387,1980-12-31,1940.0
ID387,1981-03-31,2100.0
ID387,1981-06-30,1688.0
ID387,1981-09-30,1560.0
ID387,1981-12-31,2344.0
ID387,1982-03-31,2640.0
ID387,1982-06-30,1920.0
ID387,1982-09-30,1624.0
ID387,1982-12-31,2472.0
ID387,1983-03-31,2704.0
ID387,1983-06-30,2200.0
ID387,1983-09-30,2092.0
ID387,1983-12-31,2604.0
ID387,1984-03-31,2996.0
ID387,1984-06-30,2132.0
ID387,1984-09-30,1812.0
ID387,1984-12-31,2936.0
ID387,1985-03-31,3112.0
ID387,1985-06-30,2560.0
ID387,1985-09-30,2196.0
ID387,1985-12-31,3256.0
ID387,1986-03-31,3264.0
ID387,1986-06-30,2542.0
ID387,1986-09-30,2380.0
ID387,1986-12-31,2712.0
ID387,1987-03-31,3504.0
ID387,1987-06-30,2694.0
ID387,1987-09-30,2344.0
ID387,1987-12-31,3605.0
ID387,1988-03-31,4430.0
ID387,1988-06-30,3471.0
ID387,1988-09-30,3163.0
ID387,1988-12-31,3740.0
ID387,1989-03-31,3960.0
ID387,1989-06-30,2898.0
ID387,1989-09-30,2644.0
ID387,1989-12-31,3537.0
ID387,1990-03-31,5592.0
ID387,1990-06-30,3600.0
ID387,1990-09-30,2590.0
ID387,1990-12-31,4113.0
ID387,1991-03-31,3762.0
ID387,1991-06-30,3324.0
ID387,1991-09-30,2520.0
ID387,1991-12-31,3453.0
ID387,1992-03-31,5089.0
ID387,1992-06-30,3250.0
ID387,1992-09-30,2629.0
ID387,1992-12-31,3267.0
ID387,1993-03-31,5508.0
ID387,1993-06-30,2976.0
ID387,1993-09-30,3126.0
ID387,1993-12-31,3444.0
ID387,1994-03-31,5935.0
ID387,1994-06-30,4084.0
ID387,1994-09-30,4046.0
ID387,1994-12-31,4396.0
ID387,1995-03-31,5586.0
ID387,1995-06-30,4623.0
ID387,1995-09-30,3843.0
ID387,1995-12-31,5189.0
ID387,1996-03-31,6183.0
ID387,1996-06-30,4641.0
ID387,1996-09-30,3664.0
ID387,1996-12-31,4700.0
ID387,1997-03-31,5243.0
ID387,1997-06-30,4562.0
ID387,1997-09-30,3933.0
ID387,1997-12-31,5191.0
ID387,1998-03-31,5807.0
ID387,1998-06-30,4894.0
ID387,1998-09-30,3948.0
ID387,1998-12-31,5829.0
ID387,1999-03-31,5214.0
ID387,1999-06-30,4389.0
ID387,1999-09-30,4540.0
ID387,1999-12-31,5504.0
ID387,2000-03-31,6753.0
ID387,2000-06-30,4812.0
ID387,2000-09-30,3763.0
ID387,2000-12-31,5304.0
ID387,2001-03-31,6138.0
ID387,2001-06-30,4725.0
ID387,2001-09-30,3681.0
ID387,2001-12-31,4816.0
ID387,2002-03-31,5857.0
ID387,2002-06-30,4860.0
ID387,2002-09-30,4323.0
ID387,2002-12-31,5948.0
ID387,2003-03-31,6160.0
ID387,2003-06-30,5046.0
ID387,2003-09-30,3817.0
ID388,1980-03-31,2660.0
ID388,1980-06-30,1560.0
ID388,1980-09-30,2592.0
ID388,1980-12-31,2320.0
ID388,1981-03-31,2704.0
ID388,1981-06-30,1756.0
ID388,1981-09-30,2046.0
ID388,1981-12-31,2465.0
ID388,1982-03-31,2132.0
ID388,1982-06-30,1552.0
ID388,1982-09-30,1673.0
ID388,1982-12-31,2117.0
ID388,1983-03-31,2036.0
ID388,1983-06-30,1368.0
ID388,1983-09-30,1500.0
ID388,1983-12-31,1884.0
ID388,1984-03-31,1936.0
ID388,1984-06-30,1546.0
ID388,1984-09-30,1392.0
ID388,1984-12-31,2033.0
ID388,1985-03-31,2020.0
ID388,1985-06-30,1564.0
ID388,1985-09-30,1804.0
ID388,1985-12-31,2525.0
ID388,1986-03-31,2514.0
ID388,1986-06-30,2158.0
ID388,1986-09-30,2251.0
ID388,1986-12-31,3288.0
ID388,1987-03-31,3630.0
ID388,1987-06-30,2937.0
ID388,1987-09-30,2864.0
ID388,1987-12-31,3295.0
ID388,1988-03-31,3305.0
ID388,1988-06-30,2261.0
ID388,1988-09-30,2459.0
ID388,1988-12-31,3201.0
ID388,1989-03-31,4057.0
ID388,1989-06-30,2412.0
ID388,1989-09-30,2792.0
ID388,1989-12-31,3591.0
ID388,1990-03-31,5458.0
ID388,1990-06-30,3465.0
ID388,1990-09-30,3226.0
ID388,1990-12-31,3789.0
ID388,1991-03-31,4698.0
ID388,1991-06-30,3888.0
ID388,1991-09-30,3266.0
ID388,1991-12-31,4731.0
ID388,1992-03-31,5204.0
ID388,1992-06-30,3610.0
ID388,1992-09-30,3957.0
ID388,1992-12-31,4619.0
ID388,1993-03-31,5604.0
ID388,1993-06-30,3948.0
ID388,1993-09-30,3896.0
ID388,1993-12-31,4650.0
ID388,1994-03-31,6355.0
ID388,1994-06-30,4496.0
ID388,1994-09-30,4747.0
ID388,1994-12-31,6113.0
ID388,1995-03-31,6901.0
ID388,1995-06-30,4294.0
ID388,1995-09-30,4591.0
ID388,1995-12-31,5755.0
ID388,1996-03-31,5525.0
ID388,1996-06-30,4498.0
ID388,1996-09-30,4480.0
ID388,1996-12-31,5766.0
ID388,1997-03-31,5950.0
ID388,1997-06-30,4304.0
ID388,1997-09-30,4951.0
ID388,1997-12-31,5762.0
ID388,1998-03-31,8100.0
ID388,1998-06-30,4431.0
ID388,1998-09-30,5292.0
ID388,1998-12-31,7394.0
ID388,1999-03-31,6831.0
ID388,1999-06-30,4065.0
ID388,1999-09-30,5072.0
ID388,1999-12-31,8076.0
ID388,2000-03-31,7557.0
ID388,2000-06-30,3953.0
ID388,2000-09-30,5400.0
ID388,2000-12-31,5912.0
ID388,2001-03-31,6412.0
ID388,2001-06-30,4063.0
ID388,2001-09-30,6152.0
ID388,2001-12-31,7576.0
ID388,2002-03-31,8074.0
ID388,2002-06-30,4237.0
ID388,2002-09-30,6290.0
ID388,2002-12-31,6818.0
ID388,2003-03-31,8748.0
ID388,2003-06-30,5181.0
ID388,2003-09-30,6378.0
ID389,1980-03-31,21508.0
ID389,1980-06-30,7352.0
ID389,1980-09-30,9557.0
ID389,1980-12-31,22220.0
ID389,1981-03-31,23453.0
ID389,1981-06-30,8201.0
ID389,1981-09-30,9757.0
ID389,1981-12-31,24357.0
ID389,1982-03-31,22513.0
ID389,1982-06-30,8881.0
ID389,1982-09-30,9385.0
ID389,1982-12-31,24928.0
ID389,1983-03-31,23364.0
ID389,1983-06-30,9364.0
ID389,1983-09-30,10349.0
ID389,1983-12-31,25663.0
ID389,1984-03-31,25076.0
ID389,1984-06-30,9598.0
ID389,1984-09-30,10276.0
ID389,1984-12-31,26410.0
ID389,1985-03-31,27978.0
ID389,1985-06-30,10572.0
ID389,1985-09-30,11456.0
ID389,1985-12-31,29296.0
ID389,1986-03-31,32155.0
ID389,1986-06-30,12308.0
ID389,1986-09-30,14051.0
ID389,1986-12-31,34956.0
ID389,1987-03-31,40692.0
ID389,1987-06-30,18086.0
ID389,1987-09-30,16016.0
ID389,1987-12-31,43992.0
ID389,1988-03-31,50566.0
ID389,1988-06-30,18583.0
ID389,1988-09-30,20455.0
ID389,1988-12-31,47905.0
ID389,1989-03-31,51971.0
ID389,1989-06-30,19701.0
ID389,1989-09-30,21416.0
ID389,1989-12-31,51824.0
ID389,1990-03-31,58268.0
ID389,1990-06-30,27909.0
ID389,1990-09-30,24062.0
ID389,1990-12-31,59487.0
ID389,1991-03-31,61652.0
ID389,1991-06-30,25651.0
ID389,1991-09-30,23667.0
ID389,1991-12-31,65028.0
ID389,1992-03-31,72536.0
ID389,1992-06-30,31490.0
ID389,1992-09-30,27233.0
ID389,1992-12-31,69779.0
ID389,1993-03-31,80280.0
ID389,1993-06-30,31021.0
ID389,1993-09-30,29874.0
ID389,1993-12-31,83047.0
ID389,1994-03-31,93320.0
ID389,1994-06-30,33780.0
ID389,1994-09-30,33754.0
ID389,1994-12-31,88048.0
ID389,1995-03-31,94914.0
ID389,1995-06-30,35233.0
ID389,1995-09-30,35696.0
ID389,1995-12-31,89388.0
ID389,1996-03-31,96509.0
ID389,1996-06-30,38553.0
ID389,1996-09-30,34944.0
ID389,1996-12-31,96648.0
ID389,1997-03-31,107446.0
ID389,1997-06-30,38197.0
ID389,1997-09-30,36732.0
ID389,1997-12-31,94269.0
ID389,1998-03-31,110771.0
ID389,1998-06-30,38753.0
ID389,1998-09-30,38916.0
ID389,1998-12-31,101892.0
ID389,1999-03-31,115482.0
ID389,1999-06-30,39954.0
ID389,1999-09-30,44603.0
ID389,1999-12-31,112874.0
ID389,2000-03-31,132538.0
ID389,2000-06-30,50773.0
ID389,2000-09-30,49360.0
ID389,2000-12-31,132953.0
ID389,2001-03-31,145044.0
ID389,2001-06-30,50013.0
ID389,2001-09-30,54776.0
ID389,2001-12-31,129716.0
ID389,2002-03-31,158958.0
ID389,2002-06-30,52347.0
ID389,2002-09-30,57791.0
ID389,2002-12-31,146046.0
ID389,2003-03-31,170624.0
ID389,2003-06-30,63116.0
ID389,2003-09-30,64909.0
ID39,1975-03-31,738.0
ID39,1975-06-30,663.0
ID39,1975-09-30,707.0
ID39,1975-12-31,768.0
ID39,1976-03-31,1109.0
ID39,1976-06-30,951.0
ID39,1976-09-30,692.0
ID39,1976-12-31,872.0
ID39,1977-03-31,1143.0
ID39,1977-06-30,813.0
ID39,1977-09-30,587.0
ID39,1977-12-31,833.0
ID39,1978-03-31,907.0
ID39,1978-06-30,758.0
ID39,1978-09-30,639.0
ID39,1978-12-31,977.0
ID39,1979-03-31,905.0
ID39,1979-06-30,1076.0
ID39,1979-09-30,926.0
ID39,1979-12-31,1191.0
ID39,1980-03-31,1104.0
ID39,1980-06-30,1148.0
ID39,1980-09-30,850.0
ID39,1980-12-31,1147.0
ID39,1981-03-31,1126.0
ID39,1981-06-30,1161.0
ID39,1981-09-30,1028.0
ID39,1981-12-31,1495.0
ID39,1982-03-31,1230.0
ID39,1982-06-30,1401.0
ID39,1982-09-30,1223.0
ID39,1982-12-31,1560.0
ID39,1983-03-31,1122.0
ID39,1983-06-30,1481.0
ID39,1983-09-30,1421.0
ID39,1983-12-31,1400.0
ID39,1984-03-31,1300.0
ID39,1984-06-30,1600.0
ID39,1984-09-30,1300.0
ID39,1984-12-31,1700.0
ID39,1985-03-31,1800.0
ID39,1985-06-30,1900.0
ID39,1985-09-30,1700.0
ID39,1985-12-31,1600.0
ID39,1986-03-31,1600.0
ID39,1986-06-30,1700.0
ID39,1986-09-30,1400.0
ID39,1986-12-31,2200.0
ID39,1987-03-31,1500.0
ID39,1987-06-30,1900.0
ID39,1987-09-30,1900.0
ID39,1987-12-31,2100.0
ID39,1988-03-31,2200.0
ID39,1988-06-30,3100.0
ID39,1988-09-30,3100.0
ID39,1988-12-31,2600.0
ID39,1989-03-31,2200.0
ID39,1989-06-30,3200.0
ID39,1989-09-30,2600.0
ID39,1989-12-31,2900.0
ID39,1990-03-31,2800.0
ID39,1990-06-30,3200.0
ID39,1990-09-30,2600.0
ID39,1990-12-31,2500.0
ID39,1991-03-31,2100.0
ID39,1991-06-30,3100.0
ID39,1991-09-30,2300.0
ID39,1991-12-31,2400.0
ID39,1992-03-31,2100.0
ID39,1992-06-30,3000.0
ID39,1992-09-30,1900.0
ID39,1992-12-31,2500.0
ID39,1993-03-31,2200.0
ID39,1993-06-30,3000.0
ID39,1993-09-30,2000.0
ID39,1993-12-31,2600.0
ID39,1994-03-31,2500.0
ID39,1994-06-30,3500.0
ID39,1994-09-30,2700.0
ID39,1994-12-31,3300.0
ID39,1995-03-31,3500.0
ID39,1995-06-30,5000.0
ID39,1995-09-30,3400.0
ID39,1995-12-31,5200.0
ID39,1996-03-31,4400.0
ID39,1996-06-30,6100.0
ID39,1996-09-30,5000.0
ID39,1996-12-31,5800.0
ID39,1997-03-31,5900.0
ID39,1997-06-30,7200.0
ID39,1997-09-30,5600.0
ID39,1997-12-31,7500.0
ID39,1998-03-31,6400.0
ID39,1998-06-30,8700.0
ID39,1998-09-30,6200.0
ID39,1998-12-31,8200.0
ID39,1999-03-31,7200.0
ID39,1999-06-30,9700.0
ID39,1999-09-30,7400.0
ID39,1999-12-31,9200.0
ID39,2000-03-31,8600.0
ID39,2000-06-30,13300.0
ID39,2000-09-30,9000.0
ID39,2000-12-31,10600.0
ID39,2001-03-31,11200.0
ID39,2001-06-30,14900.0
ID39,2001-09-30,10600.0
ID39,2001-12-31,11400.0
ID390,1980-03-31,320.0
ID390,1980-06-30,180.0
ID390,1980-09-30,196.0
ID390,1980-12-31,456.0
ID390,1981-03-31,344.0
ID390,1981-06-30,180.0
ID390,1981-09-30,784.0
ID390,1981-12-31,400.0
ID390,1982-03-31,244.0
ID390,1982-06-30,128.0
ID390,1982-09-30,176.0
ID390,1982-12-31,384.0
ID390,1983-03-31,228.0
ID390,1983-06-30,204.0
ID390,1983-09-30,196.0
ID390,1983-12-31,340.0
ID390,1984-03-31,200.0
ID390,1984-06-30,224.0
ID390,1984-09-30,180.0
ID390,1984-12-31,324.0
ID390,1985-03-31,216.0
ID390,1985-06-30,132.0
ID390,1985-09-30,124.0
ID390,1985-12-31,224.0
ID390,1986-03-31,236.0
ID390,1986-06-30,183.0
ID390,1986-09-30,240.0
ID390,1986-12-31,276.0
ID390,1987-03-31,210.0
ID390,1987-06-30,202.0
ID390,1987-09-30,192.0
ID390,1987-12-31,241.0
ID390,1988-03-31,134.0
ID390,1988-06-30,141.0
ID390,1988-09-30,204.0
ID390,1988-12-31,209.0
ID390,1989-03-31,188.0
ID390,1989-06-30,171.0
ID390,1989-09-30,97.0
ID390,1989-12-31,157.0
ID390,1990-03-31,154.0
ID390,1990-06-30,135.0
ID390,1990-09-30,117.0
ID390,1990-12-31,229.0
ID390,1991-03-31,222.0
ID390,1991-06-30,153.0
ID390,1991-09-30,97.0
ID390,1991-12-31,229.0
ID390,1992-03-31,368.0
ID390,1992-06-30,160.0
ID390,1992-09-30,290.0
ID390,1992-12-31,542.0
ID390,1993-03-31,480.0
ID390,1993-06-30,373.0
ID390,1993-09-30,841.0
ID390,1993-12-31,1282.0
ID390,1994-03-31,1320.0
ID390,1994-06-30,1258.0
ID390,1994-09-30,2310.0
ID390,1994-12-31,1226.0
ID390,1995-03-31,975.0
ID390,1995-06-30,807.0
ID390,1995-09-30,671.0
ID390,1995-12-31,1051.0
ID390,1996-03-31,1047.0
ID390,1996-06-30,1054.0
ID390,1996-09-30,1296.0
ID390,1996-12-31,1862.0
ID390,1997-03-31,1401.0
ID390,1997-06-30,1390.0
ID390,1997-09-30,1155.0
ID390,1997-12-31,1594.0
ID390,1998-03-31,1666.0
ID390,1998-06-30,1230.0
ID390,1998-09-30,1536.0
ID390,1998-12-31,1365.0
ID390,1999-03-31,1560.0
ID390,1999-06-30,1176.0
ID390,1999-09-30,1156.0
ID390,1999-12-31,1372.0
ID390,2000-03-31,1401.0
ID390,2000-06-30,1178.0
ID390,2000-09-30,1181.0
ID390,2000-12-31,1682.0
ID390,2001-03-31,1406.0
ID390,2001-06-30,1268.0
ID390,2001-09-30,1687.0
ID390,2001-12-31,1523.0
ID390,2002-03-31,1316.0
ID390,2002-06-30,981.0
ID390,2002-09-30,1162.0
ID390,2002-12-31,1258.0
ID390,2003-03-31,1119.0
ID390,2003-06-30,968.0
ID390,2003-09-30,912.0
ID391,1980-03-31,156.0
ID391,1980-06-30,84.0
ID391,1980-09-30,60.0
ID391,1980-12-31,324.0
ID391,1981-03-31,152.0
ID391,1981-06-30,120.0
ID391,1981-09-30,116.0
ID391,1981-12-31,280.0
ID391,1982-03-31,176.0
ID391,1982-06-30,84.0
ID391,1982-09-30,88.0
ID391,1982-12-31,320.0
ID391,1983-03-31,148.0
ID391,1983-06-30,96.0
ID391,1983-09-30,120.0
ID391,1983-12-31,399.0
ID391,1984-03-31,213.0
ID391,1984-06-30,84.0
ID391,1984-09-30,92.0
ID391,1984-12-31,332.0
ID391,1985-03-31,136.0
ID391,1985-06-30,92.0
ID391,1985-09-30,116.0
ID391,1985-12-31,308.0
ID391,1986-03-31,160.0
ID391,1986-06-30,138.0
ID391,1986-09-30,165.0
ID391,1986-12-31,360.0
ID391,1987-03-31,276.0
ID391,1987-06-30,168.0
ID391,1987-09-30,80.0
ID391,1987-12-31,464.0
ID391,1988-03-31,297.0
ID391,1988-06-30,110.0
ID391,1988-09-30,134.0
ID391,1988-12-31,484.0
ID391,1989-03-31,273.0
ID391,1989-06-30,90.0
ID391,1989-09-30,189.0
ID391,1989-12-31,404.0
ID391,1990-03-31,318.0
ID391,1990-06-30,189.0
ID391,1990-09-30,139.0
ID391,1990-12-31,382.0
ID391,1991-03-31,266.0
ID391,1991-06-30,190.0
ID391,1991-09-30,170.0
ID391,1991-12-31,412.0
ID391,1992-03-31,258.0
ID391,1992-06-30,170.0
ID391,1992-09-30,312.0
ID391,1992-12-31,742.0
ID391,1993-03-31,492.0
ID391,1993-06-30,436.0
ID391,1993-09-30,479.0
ID391,1993-12-31,1325.0
ID391,1994-03-31,742.0
ID391,1994-06-30,626.0
ID391,1994-09-30,709.0
ID391,1994-12-31,1289.0
ID391,1995-03-31,900.0
ID391,1995-06-30,527.0
ID391,1995-09-30,550.0
ID391,1995-12-31,1478.0
ID391,1996-03-31,1037.0
ID391,1996-06-30,746.0
ID391,1996-09-30,720.0
ID391,1996-12-31,1981.0
ID391,1997-03-31,1661.0
ID391,1997-06-30,1151.0
ID391,1997-09-30,1075.0
ID391,1997-12-31,2376.0
ID391,1998-03-31,1659.0
ID391,1998-06-30,1371.0
ID391,1998-09-30,1344.0
ID391,1998-12-31,2721.0
ID391,1999-03-31,1828.0
ID391,1999-06-30,1282.0
ID391,1999-09-30,1380.0
ID391,1999-12-31,2980.0
ID391,2000-03-31,2232.0
ID391,2000-06-30,1538.0
ID391,2000-09-30,1371.0
ID391,2000-12-31,3225.0
ID391,2001-03-31,2163.0
ID391,2001-06-30,1598.0
ID391,2001-09-30,1654.0
ID391,2001-12-31,3010.0
ID391,2002-03-31,2198.0
ID391,2002-06-30,1638.0
ID391,2002-09-30,1378.0
ID391,2002-12-31,3248.0
ID391,2003-03-31,2409.0
ID391,2003-06-30,1602.0
ID391,2003-09-30,1950.0
ID392,1980-03-31,36.0
ID392,1980-06-30,44.0
ID392,1980-09-30,56.0
ID392,1980-12-31,56.0
ID392,1981-03-31,52.0
ID392,1981-06-30,68.0
ID392,1981-09-30,104.0
ID392,1981-12-31,52.0
ID392,1982-03-31,64.0
ID392,1982-06-30,68.0
ID392,1982-09-30,48.0
ID392,1982-12-31,56.0
ID392,1983-03-31,60.0
ID392,1983-06-30,52.0
ID392,1983-09-30,84.0
ID392,1983-12-31,56.0
ID392,1984-03-31,56.0
ID392,1984-06-30,68.0
ID392,1984-09-30,36.0
ID392,1984-12-31,40.0
ID392,1985-03-31,64.0
ID392,1985-06-30,44.0
ID392,1985-09-30,68.0
ID392,1985-12-31,36.0
ID392,1986-03-31,52.0
ID392,1986-06-30,62.0
ID392,1986-09-30,95.0
ID392,1986-12-31,18.0
ID392,1987-03-31,30.0
ID392,1987-06-30,75.0
ID392,1987-09-30,56.0
ID392,1987-12-31,86.0
ID392,1988-03-31,40.0
ID392,1988-06-30,43.0
ID392,1988-09-30,48.0
ID392,1988-12-31,11.0
ID392,1989-03-31,36.0
ID392,1989-06-30,0.0
ID392,1989-09-30,54.0
ID392,1989-12-31,21.0
ID392,1990-03-31,30.0
ID392,1990-06-30,36.0
ID392,1990-09-30,44.0
ID392,1990-12-31,12.0
ID392,1991-03-31,42.0
ID392,1991-06-30,37.0
ID392,1991-09-30,33.0
ID392,1991-12-31,34.0
ID392,1992-03-31,69.0
ID392,1992-06-30,30.0
ID392,1992-09-30,89.0
ID392,1992-12-31,140.0
ID392,1993-03-31,144.0
ID392,1993-06-30,73.0
ID392,1993-09-30,57.0
ID392,1993-12-31,130.0
ID392,1994-03-31,193.0
ID392,1994-06-30,114.0
ID392,1994-09-30,290.0
ID392,1994-12-31,168.0
ID392,1995-03-31,137.0
ID392,1995-06-30,228.0
ID392,1995-09-30,186.0
ID392,1995-12-31,182.0
ID392,1996-03-31,338.0
ID392,1996-06-30,171.0
ID392,1996-09-30,272.0
ID392,1996-12-31,259.0
ID392,1997-03-31,257.0
ID392,1997-06-30,334.0
ID392,1997-09-30,239.0
ID392,1997-12-31,172.0
ID392,1998-03-31,292.0
ID392,1998-06-30,331.0
ID392,1998-09-30,192.0
ID392,1998-12-31,197.0
ID392,1999-03-31,341.0
ID392,1999-06-30,282.0
ID392,1999-09-30,265.0
ID392,1999-12-31,200.0
ID392,2000-03-31,240.0
ID392,2000-06-30,387.0
ID392,2000-09-30,279.0
ID392,2000-12-31,132.0
ID392,2001-03-31,508.0
ID392,2001-06-30,434.0
ID392,2001-09-30,355.0
ID392,2001-12-31,209.0
ID392,2002-03-31,613.0
ID392,2002-06-30,308.0
ID392,2002-09-30,223.0
ID392,2002-12-31,346.0
ID392,2003-03-31,390.0
ID392,2003-06-30,279.0
ID392,2003-09-30,326.0
ID393,1980-03-31,44.0
ID393,1980-06-30,12.0
ID393,1980-09-30,20.0
ID393,1980-12-31,32.0
ID393,1981-03-31,36.0
ID393,1981-06-30,25.0
ID393,1981-09-30,32.0
ID393,1981-12-31,40.0
ID393,1982-03-31,20.0
ID393,1982-06-30,0.0
ID393,1982-09-30,12.0
ID393,1982-12-31,36.0
ID393,1983-03-31,40.0
ID393,1983-06-30,16.0
ID393,1983-09-30,4.0
ID393,1983-12-31,40.0
ID393,1984-03-31,24.0
ID393,1984-06-30,16.0
ID393,1984-09-30,12.0
ID393,1984-12-31,24.0
ID393,1985-03-31,16.0
ID393,1985-06-30,4.0
ID393,1985-09-30,24.0
ID393,1985-12-31,32.0
ID393,1986-03-31,28.0
ID393,1986-06-30,22.0
ID393,1986-09-30,40.0
ID393,1986-12-31,36.0
ID393,1987-03-31,54.0
ID393,1987-06-30,63.0
ID393,1987-09-30,32.0
ID393,1987-12-31,56.0
ID393,1988-03-31,42.0
ID393,1988-06-30,34.0
ID393,1988-09-30,37.0
ID393,1988-12-31,44.0
ID393,1989-03-31,29.0
ID393,1989-06-30,18.0
ID393,1989-09-30,0.0
ID393,1989-12-31,10.0
ID393,1990-03-31,54.0
ID393,1990-06-30,27.0
ID393,1990-09-30,44.0
ID393,1990-12-31,11.0
ID393,1991-03-31,72.0
ID393,1991-06-30,22.0
ID393,1991-09-30,22.0
ID393,1991-12-31,44.0
ID393,1992-03-31,104.0
ID393,1992-06-30,60.0
ID393,1992-09-30,171.0
ID393,1992-12-31,81.0
ID393,1993-03-31,84.0
ID393,1993-06-30,102.0
ID393,1993-09-30,125.0
ID393,1993-12-31,225.0
ID393,1994-03-31,225.0
ID393,1994-06-30,284.0
ID393,1994-09-30,310.0
ID393,1994-12-31,312.0
ID393,1995-03-31,258.0
ID393,1995-06-30,200.0
ID393,1995-09-30,227.0
ID393,1995-12-31,168.0
ID393,1996-03-31,181.0
ID393,1996-06-30,211.0
ID393,1996-09-30,144.0
ID393,1996-12-31,123.0
ID393,1997-03-31,295.0
ID393,1997-06-30,211.0
ID393,1997-09-30,207.0
ID393,1997-12-31,187.0
ID393,1998-03-31,497.0
ID393,1998-06-30,276.0
ID393,1998-09-30,252.0
ID393,1998-12-31,335.0
ID393,1999-03-31,375.0
ID393,1999-06-30,175.0
ID393,1999-09-30,306.0
ID393,1999-12-31,218.0
ID393,2000-03-31,361.0
ID393,2000-06-30,230.0
ID393,2000-09-30,371.0
ID393,2000-12-31,392.0
ID393,2001-03-31,335.0
ID393,2001-06-30,381.0
ID393,2001-09-30,359.0
ID393,2001-12-31,339.0
ID393,2002-03-31,408.0
ID393,2002-06-30,267.0
ID393,2002-09-30,224.0
ID393,2002-12-31,222.0
ID393,2003-03-31,308.0
ID393,2003-06-30,200.0
ID393,2003-09-30,249.0
ID394,1980-03-31,556.0
ID394,1980-06-30,320.0
ID394,1980-09-30,332.0
ID394,1980-12-31,868.0
ID394,1981-03-31,584.0
ID394,1981-06-30,393.0
ID394,1981-09-30,1036.0
ID394,1981-12-31,772.0
ID394,1982-03-31,504.0
ID394,1982-06-30,280.0
ID394,1982-09-30,324.0
ID394,1982-12-31,796.0
ID394,1983-03-31,476.0
ID394,1983-06-30,368.0
ID394,1983-09-30,404.0
ID394,1983-12-31,835.0
ID394,1984-03-31,493.0
ID394,1984-06-30,392.0
ID394,1984-09-30,320.0
ID394,1984-12-31,720.0
ID394,1985-03-31,432.0
ID394,1985-06-30,272.0
ID394,1985-09-30,332.0
ID394,1985-12-31,600.0
ID394,1986-03-31,476.0
ID394,1986-06-30,405.0
ID394,1986-09-30,540.0
ID394,1986-12-31,690.0
ID394,1987-03-31,570.0
ID394,1987-06-30,508.0
ID394,1987-09-30,360.0
ID394,1987-12-31,847.0
ID394,1988-03-31,513.0
ID394,1988-06-30,328.0
ID394,1988-09-30,423.0
ID394,1988-12-31,748.0
ID394,1989-03-31,526.0
ID394,1989-06-30,279.0
ID394,1989-09-30,340.0
ID394,1989-12-31,592.0
ID394,1990-03-31,556.0
ID394,1990-06-30,387.0
ID394,1990-09-30,344.0
ID394,1990-12-31,634.0
ID394,1991-03-31,602.0
ID394,1991-06-30,402.0
ID394,1991-09-30,322.0
ID394,1991-12-31,719.0
ID394,1992-03-31,799.0
ID394,1992-06-30,420.0
ID394,1992-09-30,862.0
ID394,1992-12-31,1505.0
ID394,1993-03-31,1200.0
ID394,1993-06-30,984.0
ID394,1993-09-30,1502.0
ID394,1993-12-31,2962.0
ID394,1994-03-31,2480.0
ID394,1994-06-30,2282.0
ID394,1994-09-30,3619.0
ID394,1994-12-31,2995.0
ID394,1995-03-31,2270.0
ID394,1995-06-30,1762.0
ID394,1995-09-30,1634.0
ID394,1995-12-31,2879.0
ID394,1996-03-31,2603.0
ID394,1996-06-30,2182.0
ID394,1996-09-30,2432.0
ID394,1996-12-31,4225.0
ID394,1997-03-31,3614.0
ID394,1997-06-30,3086.0
ID394,1997-09-30,2676.0
ID394,1997-12-31,4329.0
ID394,1998-03-31,4114.0
ID394,1998-06-30,3208.0
ID394,1998-09-30,3324.0
ID394,1998-12-31,4618.0
ID394,1999-03-31,4104.0
ID394,1999-06-30,2915.0
ID394,1999-09-30,3107.0
ID394,1999-12-31,4770.0
ID394,2000-03-31,4234.0
ID394,2000-06-30,3333.0
ID394,2000-09-30,3202.0
ID394,2000-12-31,5431.0
ID394,2001-03-31,4412.0
ID394,2001-06-30,3681.0
ID394,2001-09-30,4055.0
ID394,2001-12-31,5081.0
ID394,2002-03-31,4535.0
ID394,2002-06-30,3194.0
ID394,2002-09-30,2987.0
ID394,2002-12-31,5074.0
ID394,2003-03-31,4226.0
ID394,2003-06-30,3049.0
ID394,2003-09-30,3437.0
ID395,1980-03-31,2764.0
ID395,1980-06-30,1600.0
ID395,1980-09-30,2208.0
ID395,1980-12-31,3532.0
ID395,1981-03-31,2772.0
ID395,1981-06-30,1727.0
ID395,1981-09-30,1712.0
ID395,1981-12-31,3520.0
ID395,1982-03-31,2756.0
ID395,1982-06-30,1700.0
ID395,1982-09-30,1612.0
ID395,1982-12-31,3493.0
ID395,1983-03-31,3256.0
ID395,1983-06-30,1120.0
ID395,1983-09-30,1320.0
ID395,1983-12-31,3460.0
ID395,1984-03-31,2916.0
ID395,1984-06-30,1680.0
ID395,1984-09-30,2100.0
ID395,1984-12-31,4272.0
ID395,1985-03-31,3552.0
ID395,1985-06-30,2280.0
ID395,1985-09-30,2344.0
ID395,1985-12-31,4388.0
ID395,1986-03-31,3885.0
ID395,1986-06-30,2200.0
ID395,1986-09-30,2595.0
ID395,1986-12-31,6072.0
ID395,1987-03-31,5436.0
ID395,1987-06-30,2714.0
ID395,1987-09-30,2824.0
ID395,1987-12-31,4464.0
ID395,1988-03-31,3476.0
ID395,1988-06-30,1976.0
ID395,1988-09-30,2120.0
ID395,1988-12-31,3982.0
ID395,1989-03-31,3081.0
ID395,1989-06-30,1944.0
ID395,1989-09-30,2289.0
ID395,1989-12-31,4354.0
ID395,1990-03-31,3456.0
ID395,1990-06-30,2376.0
ID395,1990-09-30,2520.0
ID395,1990-12-31,3788.0
ID395,1991-03-31,3284.0
ID395,1991-06-30,2150.0
ID395,1991-09-30,2377.0
ID395,1991-12-31,3895.0
ID395,1992-03-31,3724.0
ID395,1992-06-30,2320.0
ID395,1992-09-30,2629.0
ID395,1992-12-31,5017.0
ID395,1993-03-31,4920.0
ID395,1993-06-30,2507.0
ID395,1993-09-30,3655.0
ID395,1993-12-31,5308.0
ID395,1994-03-31,6384.0
ID395,1994-06-30,3026.0
ID395,1994-09-30,3989.0
ID395,1994-12-31,6719.0
ID395,1995-03-31,5632.0
ID395,1995-06-30,3153.0
ID395,1995-09-30,3736.0
ID395,1995-12-31,6393.0
ID395,1996-03-31,5371.0
ID395,1996-06-30,3351.0
ID395,1996-09-30,4560.0
ID395,1996-12-31,6339.0
ID395,1997-03-31,5577.0
ID395,1997-06-30,2732.0
ID395,1997-09-30,3377.0
ID395,1997-12-31,5448.0
ID395,1998-03-31,4521.0
ID395,1998-06-30,3136.0
ID395,1998-09-30,3396.0
ID395,1998-12-31,6246.0
ID395,1999-03-31,5468.0
ID395,1999-06-30,3176.0
ID395,1999-09-30,4003.0
ID395,1999-12-31,6184.0
ID395,2000-03-31,6567.0
ID395,2000-06-30,3999.0
ID395,2000-09-30,4383.0
ID395,2000-12-31,8336.0
ID395,2001-03-31,7471.0
ID395,2001-06-30,5076.0
ID395,2001-09-30,5959.0
ID395,2001-12-31,8668.0
ID395,2002-03-31,8748.0
ID395,2002-06-30,4544.0
ID395,2002-09-30,5940.0
ID395,2002-12-31,8378.0
ID395,2003-03-31,8286.0
ID395,2003-06-30,5099.0
ID395,2003-09-30,5452.0
ID396,1980-03-31,1124.0
ID396,1980-06-30,1028.0
ID396,1980-09-30,1044.0
ID396,1980-12-31,2312.0
ID396,1981-03-31,1292.0
ID396,1981-06-30,1177.0
ID396,1981-09-30,896.0
ID396,1981-12-31,2482.0
ID396,1982-03-31,1360.0
ID396,1982-06-30,1136.0
ID396,1982-09-30,852.0
ID396,1982-12-31,2278.0
ID396,1983-03-31,1516.0
ID396,1983-06-30,1169.0
ID396,1983-09-30,940.0
ID396,1983-12-31,2432.0
ID396,1984-03-31,1608.0
ID396,1984-06-30,1308.0
ID396,1984-09-30,1268.0
ID396,1984-12-31,2493.0
ID396,1985-03-31,1776.0
ID396,1985-06-30,1452.0
ID396,1985-09-30,1524.0
ID396,1985-12-31,2913.0
ID396,1986-03-31,2000.0
ID396,1986-06-30,1617.0
ID396,1986-09-30,2521.0
ID396,1986-12-31,6846.0
ID396,1987-03-31,5046.0
ID396,1987-06-30,2797.0
ID396,1987-09-30,2936.0
ID396,1987-12-31,7169.0
ID396,1988-03-31,3939.0
ID396,1988-06-30,3398.0
ID396,1988-09-30,3749.0
ID396,1988-12-31,6402.0
ID396,1989-03-31,3938.0
ID396,1989-06-30,2916.0
ID396,1989-09-30,2771.0
ID396,1989-12-31,5318.0
ID396,1990-03-31,3114.0
ID396,1990-06-30,2862.0
ID396,1990-09-30,2418.0
ID396,1990-12-31,4892.0
ID396,1991-03-31,3014.0
ID396,1991-06-30,2413.0
ID396,1991-09-30,2218.0
ID396,1991-12-31,4914.0
ID396,1992-03-31,3378.0
ID396,1992-06-30,2760.0
ID396,1992-09-30,2515.0
ID396,1992-12-31,5398.0
ID396,1993-03-31,2940.0
ID396,1993-06-30,2990.0
ID396,1993-09-30,2783.0
ID396,1993-12-31,7896.0
ID396,1994-03-31,4128.0
ID396,1994-06-30,4010.0
ID396,1994-09-30,3168.0
ID396,1994-12-31,7606.0
ID396,1995-03-31,4555.0
ID396,1995-06-30,4043.0
ID396,1995-09-30,3805.0
ID396,1995-12-31,9257.0
ID396,1996-03-31,4831.0
ID396,1996-06-30,4559.0
ID396,1996-09-30,4288.0
ID396,1996-12-31,10333.0
ID396,1997-03-31,5596.0
ID396,1997-06-30,4711.0
ID396,1997-09-30,3947.0
ID396,1997-12-31,9043.0
ID396,1998-03-31,5606.0
ID396,1998-06-30,5017.0
ID396,1998-09-30,4560.0
ID396,1998-12-31,9162.0
ID396,1999-03-31,5573.0
ID396,1999-06-30,4745.0
ID396,1999-09-30,4468.0
ID396,1999-12-31,8984.0
ID396,2000-03-31,5932.0
ID396,2000-06-30,6256.0
ID396,2000-09-30,5189.0
ID396,2000-12-31,10626.0
ID396,2001-03-31,6234.0
ID396,2001-06-30,6661.0
ID396,2001-09-30,5920.0
ID396,2001-12-31,10017.0
ID396,2002-03-31,6352.0
ID396,2002-06-30,5936.0
ID396,2002-09-30,5754.0
ID396,2002-12-31,10642.0
ID396,2003-03-31,6751.0
ID396,2003-06-30,6883.0
ID396,2003-09-30,6208.0
ID397,1980-03-31,496.0
ID397,1980-06-30,564.0
ID397,1980-09-30,624.0
ID397,1980-12-31,580.0
ID397,1981-03-31,572.0
ID397,1981-06-30,580.0
ID397,1981-09-30,508.0
ID397,1981-12-31,632.0
ID397,1982-03-31,432.0
ID397,1982-06-30,704.0
ID397,1982-09-30,696.0
ID397,1982-12-31,676.0
ID397,1983-03-31,724.0
ID397,1983-06-30,612.0
ID397,1983-09-30,556.0
ID397,1983-12-31,540.0
ID397,1984-03-31,620.0
ID397,1984-06-30,700.0
ID397,1984-09-30,625.0
ID397,1984-12-31,780.0
ID397,1985-03-31,732.0
ID397,1985-06-30,848.0
ID397,1985-09-30,752.0
ID397,1985-12-31,700.0
ID397,1986-03-31,720.0
ID397,1986-06-30,782.0
ID397,1986-09-30,755.0
ID397,1986-12-31,564.0
ID397,1987-03-31,570.0
ID397,1987-06-30,752.0
ID397,1987-09-30,856.0
ID397,1987-12-31,796.0
ID397,1988-03-31,752.0
ID397,1988-06-30,788.0
ID397,1988-09-30,799.0
ID397,1988-12-31,781.0
ID397,1989-03-31,716.0
ID397,1989-06-30,693.0
ID397,1989-09-30,538.0
ID397,1989-12-31,882.0
ID397,1990-03-31,946.0
ID397,1990-06-30,882.0
ID397,1990-09-30,610.0
ID397,1990-12-31,653.0
ID397,1991-03-31,674.0
ID397,1991-06-30,793.0
ID397,1991-09-30,597.0
ID397,1991-12-31,695.0
ID397,1992-03-31,912.0
ID397,1992-06-30,750.0
ID397,1992-09-30,898.0
ID397,1992-12-31,908.0
ID397,1993-03-31,936.0
ID397,1993-06-30,931.0
ID397,1993-09-30,717.0
ID397,1993-12-31,1014.0
ID397,1994-03-31,845.0
ID397,1994-06-30,1008.0
ID397,1994-09-30,843.0
ID397,1994-12-31,1085.0
ID397,1995-03-31,1092.0
ID397,1995-06-30,1266.0
ID397,1995-09-30,837.0
ID397,1995-12-31,793.0
ID397,1996-03-31,1207.0
ID397,1996-06-30,869.0
ID397,1996-09-30,1008.0
ID397,1996-12-31,826.0
ID397,1997-03-31,1084.0
ID397,1997-06-30,1082.0
ID397,1997-09-30,999.0
ID397,1997-12-31,1002.0
ID397,1998-03-31,1046.0
ID397,1998-06-30,1106.0
ID397,1998-09-30,1128.0
ID397,1998-12-31,1247.0
ID397,1999-03-31,1107.0
ID397,1999-06-30,1052.0
ID397,1999-09-30,1171.0
ID397,1999-12-31,1244.0
ID397,2000-03-31,1504.0
ID397,2000-06-30,1158.0
ID397,2000-09-30,1181.0
ID397,2000-12-31,1561.0
ID397,2001-03-31,1207.0
ID397,2001-06-30,1551.0
ID397,2001-09-30,1708.0
ID397,2001-12-31,1836.0
ID397,2002-03-31,1564.0
ID397,2002-06-30,1819.0
ID397,2002-09-30,1617.0
ID397,2002-12-31,1810.0
ID397,2003-03-31,1631.0
ID397,2003-06-30,1723.0
ID397,2003-09-30,1634.0
ID398,1980-03-31,1808.0
ID398,1980-06-30,1388.0
ID398,1980-09-30,1572.0
ID398,1980-12-31,1936.0
ID398,1981-03-31,1955.0
ID398,1981-06-30,1368.0
ID398,1981-09-30,1676.0
ID398,1981-12-31,1684.0
ID398,1982-03-31,1792.0
ID398,1982-06-30,1444.0
ID398,1982-09-30,1656.0
ID398,1982-12-31,1568.0
ID398,1983-03-31,1856.0
ID398,1983-06-30,1109.0
ID398,1983-09-30,1608.0
ID398,1983-12-31,1753.0
ID398,1984-03-31,1712.0
ID398,1984-06-30,1244.0
ID398,1984-09-30,1456.0
ID398,1984-12-31,1860.0
ID398,1985-03-31,2076.0
ID398,1985-06-30,1852.0
ID398,1985-09-30,2047.0
ID398,1985-12-31,1532.0
ID398,1986-03-31,1768.0
ID398,1986-06-30,1325.0
ID398,1986-09-30,1970.0
ID398,1986-12-31,2064.0
ID398,1987-03-31,2802.0
ID398,1987-06-30,2628.0
ID398,1987-09-30,3064.0
ID398,1987-12-31,2802.0
ID398,1988-03-31,2572.0
ID398,1988-06-30,1942.0
ID398,1988-09-30,2451.0
ID398,1988-12-31,2651.0
ID398,1989-03-31,2519.0
ID398,1989-06-30,2196.0
ID398,1989-09-30,2343.0
ID398,1989-12-31,3196.0
ID398,1990-03-31,2808.0
ID398,1990-06-30,2205.0
ID398,1990-09-30,2988.0
ID398,1990-12-31,2991.0
ID398,1991-03-31,2416.0
ID398,1991-06-30,2469.0
ID398,1991-09-30,3012.0
ID398,1991-12-31,2807.0
ID398,1992-03-31,2395.0
ID398,1992-06-30,2440.0
ID398,1992-09-30,2950.0
ID398,1992-12-31,3825.0
ID398,1993-03-31,2808.0
ID398,1993-06-30,2437.0
ID398,1993-09-30,2455.0
ID398,1993-12-31,2781.0
ID398,1994-03-31,2883.0
ID398,1994-06-30,2306.0
ID398,1994-09-30,3726.0
ID398,1994-12-31,3624.0
ID398,1995-03-31,3419.0
ID398,1995-06-30,2825.0
ID398,1995-09-30,3200.0
ID398,1995-12-31,3279.0
ID398,1996-03-31,2986.0
ID398,1996-06-30,2679.0
ID398,1996-09-30,2784.0
ID398,1996-12-31,3366.0
ID398,1997-03-31,3257.0
ID398,1997-06-30,2530.0
ID398,1997-09-30,3362.0
ID398,1997-12-31,4166.0
ID398,1998-03-31,3255.0
ID398,1998-06-30,3030.0
ID398,1998-09-30,3552.0
ID398,1998-12-31,4354.0
ID398,1999-03-31,3519.0
ID398,1999-06-30,3444.0
ID398,1999-09-30,3743.0
ID398,1999-12-31,3942.0
ID398,2000-03-31,3918.0
ID398,2000-06-30,3727.0
ID398,2000-09-30,3959.0
ID398,2000-12-31,4399.0
ID398,2001-03-31,4731.0
ID398,2001-06-30,3763.0
ID398,2001-09-30,3674.0
ID398,2001-12-31,5389.0
ID398,2002-03-31,4830.0
ID398,2002-06-30,4588.0
ID398,2002-09-30,4980.0
ID398,2002-12-31,5318.0
ID398,2003-03-31,4659.0
ID398,2003-06-30,3986.0
ID398,2003-09-30,4534.0
ID399,1980-03-31,6192.0
ID399,1980-06-30,4580.0
ID399,1980-09-30,5448.0
ID399,1980-12-31,8360.0
ID399,1981-03-31,6591.0
ID399,1981-06-30,4852.0
ID399,1981-09-30,4792.0
ID399,1981-12-31,8318.0
ID399,1982-03-31,6340.0
ID399,1982-06-30,4984.0
ID399,1982-09-30,4816.0
ID399,1982-12-31,8015.0
ID399,1983-03-31,7352.0
ID399,1983-06-30,4010.0
ID399,1983-09-30,4424.0
ID399,1983-12-31,8185.0
ID399,1984-03-31,6856.0
ID399,1984-06-30,4932.0
ID399,1984-09-30,5449.0
ID399,1984-12-31,9405.0
ID399,1985-03-31,8136.0
ID399,1985-06-30,6432.0
ID399,1985-09-30,6667.0
ID399,1985-12-31,9533.0
ID399,1986-03-31,8373.0
ID399,1986-06-30,5924.0
ID399,1986-09-30,7841.0
ID399,1986-12-31,15546.0
ID399,1987-03-31,13854.0
ID399,1987-06-30,8891.0
ID399,1987-09-30,9680.0
ID399,1987-12-31,15231.0
ID399,1988-03-31,10739.0
ID399,1988-06-30,8104.0
ID399,1988-09-30,9119.0
ID399,1988-12-31,13816.0
ID399,1989-03-31,10254.0
ID399,1989-06-30,7749.0
ID399,1989-09-30,7941.0
ID399,1989-12-31,13750.0
ID399,1990-03-31,10324.0
ID399,1990-06-30,8325.0
ID399,1990-09-30,8536.0
ID399,1990-12-31,12324.0
ID399,1991-03-31,9388.0
ID399,1991-06-30,7825.0
ID399,1991-09-30,8204.0
ID399,1991-12-31,12311.0
ID399,1992-03-31,10409.0
ID399,1992-06-30,8270.0
ID399,1992-09-30,8992.0
ID399,1992-12-31,15148.0
ID399,1993-03-31,11604.0
ID399,1993-06-30,8865.0
ID399,1993-09-30,9610.0
ID399,1993-12-31,16999.0
ID399,1994-03-31,14240.0
ID399,1994-06-30,10350.0
ID399,1994-09-30,11726.0
ID399,1994-12-31,19034.0
ID399,1995-03-31,14698.0
ID399,1995-06-30,11287.0
ID399,1995-09-30,11578.0
ID399,1995-12-31,19722.0
ID399,1996-03-31,14395.0
ID399,1996-06-30,11458.0
ID399,1996-09-30,12640.0
ID399,1996-12-31,20864.0
ID399,1997-03-31,15514.0
ID399,1997-06-30,11055.0
ID399,1997-09-30,11685.0
ID399,1997-12-31,19659.0
ID399,1998-03-31,14428.0
ID399,1998-06-30,12289.0
ID399,1998-09-30,12636.0
ID399,1998-12-31,21009.0
ID399,1999-03-31,15667.0
ID399,1999-06-30,12417.0
ID399,1999-09-30,13385.0
ID399,1999-12-31,20354.0
ID399,2000-03-31,17921.0
ID399,2000-06-30,15140.0
ID399,2000-09-30,14712.0
ID399,2000-12-31,24922.0
ID399,2001-03-31,19643.0
ID399,2001-06-30,17051.0
ID399,2001-09-30,17261.0
ID399,2001-12-31,25910.0
ID399,2002-03-31,21494.0
ID399,2002-06-30,16887.0
ID399,2002-09-30,18291.0
ID399,2002-12-31,26148.0
ID399,2003-03-31,21327.0
ID399,2003-06-30,17691.0
ID399,2003-09-30,17828.0
ID4,1985-03-31,65370.0
ID4,1985-06-30,73043.0
ID4,1985-09-30,71755.0
ID4,1985-12-31,65326.0
ID4,1986-03-31,58205.0
ID4,1986-06-30,73654.0
ID4,1986-09-30,82397.0
ID4,1986-12-31,62134.0
ID4,1987-03-31,53333.0
ID4,1987-06-30,64444.0
ID4,1987-09-30,71101.0
ID4,1987-12-31,64971.0
ID4,1988-03-31,59175.0
ID4,1988-06-30,61131.0
ID4,1988-09-30,68507.0
ID4,1988-12-31,70350.0
ID4,1989-03-31,69699.0
ID4,1989-06-30,63362.0
ID4,1989-09-30,59559.0
ID4,1989-12-31,66405.0
ID4,1990-03-31,60548.0
ID4,1990-06-30,60851.0
ID4,1990-09-30,65889.0
ID4,1990-12-31,68006.0
ID4,1991-03-31,56020.0
ID4,1991-06-30,53723.0
ID4,1991-09-30,58689.0
ID4,1991-12-31,66632.0
ID4,1992-03-31,56234.0
ID4,1992-06-30,62119.0
ID4,1992-09-30,71683.0
ID4,1992-12-31,71146.0
ID4,1993-03-31,58053.0
ID4,1993-06-30,65185.0
ID4,1993-09-30,70918.0
ID4,1993-12-31,70566.0
ID4,1994-03-31,61275.0
ID4,1994-06-30,64149.0
ID4,1994-09-30,68734.0
ID4,1994-12-31,73000.0
ID4,1995-03-31,65108.0
ID4,1995-06-30,72381.0
ID4,1995-09-30,66689.0
ID4,1995-12-31,75902.0
ID4,1996-03-31,92385.0
ID4,1996-06-30,89693.0
ID4,1996-09-30,84569.0
ID4,1996-12-31,78616.0
ID4,1997-03-31,94460.0
ID4,1997-06-30,80330.0
ID4,1997-09-30,62840.0
ID4,1997-12-31,79106.0
ID4,1998-03-31,72236.0
ID4,1998-06-30,72561.0
ID4,1998-09-30,72348.0
ID4,1998-12-31,75651.0
ID4,1999-03-31,73294.0
ID4,1999-06-30,70722.0
ID4,1999-09-30,74421.0
ID4,1999-12-31,86270.0
ID4,2000-03-31,82801.0
ID4,2000-06-30,88634.0
ID4,2000-09-30,86658.0
ID4,2000-12-31,94316.0
ID4,2001-03-31,84341.0
ID4,2001-06-30,82078.0
ID4,2001-09-30,76752.0
ID4,2001-12-31,80985.0
ID4,2002-03-31,80206.0
ID4,2002-06-30,86951.0
ID4,2002-09-30,80365.0
ID4,2002-12-31,95772.0
ID40,1975-03-31,614.0
ID40,1975-06-30,546.0
ID40,1975-09-30,711.0
ID40,1975-12-31,760.0
ID40,1976-03-31,574.0
ID40,1976-06-30,601.0
ID40,1976-09-30,576.0
ID40,1976-12-31,850.0
ID40,1977-03-31,673.0
ID40,1977-06-30,837.0
ID40,1977-09-30,601.0
ID40,1977-12-31,893.0
ID40,1978-03-31,889.0
ID40,1978-06-30,906.0
ID40,1978-09-30,774.0
ID40,1978-12-31,1148.0
ID40,1979-03-31,1087.0
ID40,1979-06-30,1146.0
ID40,1979-09-30,899.0
ID40,1979-12-31,1086.0
ID40,1980-03-31,1297.0
ID40,1980-06-30,1257.0
ID40,1980-09-30,1086.0
ID40,1980-12-31,1262.0
ID40,1981-03-31,1767.0
ID40,1981-06-30,1778.0
ID40,1981-09-30,1491.0
ID40,1981-12-31,1943.0
ID40,1982-03-31,1304.0
ID40,1982-06-30,1938.0
ID40,1982-09-30,1824.0
ID40,1982-12-31,1977.0
ID40,1983-03-31,1605.0
ID40,1983-06-30,1722.0
ID40,1983-09-30,1563.0
ID40,1983-12-31,1800.0
ID40,1984-03-31,1800.0
ID40,1984-06-30,2200.0
ID40,1984-09-30,1900.0
ID40,1984-12-31,2400.0
ID40,1985-03-31,2400.0
ID40,1985-06-30,2400.0
ID40,1985-09-30,2000.0
ID40,1985-12-31,2500.0
ID40,1986-03-31,2200.0
ID40,1986-06-30,2900.0
ID40,1986-09-30,2600.0
ID40,1986-12-31,3500.0
ID40,1987-03-31,3000.0
ID40,1987-06-30,3700.0
ID40,1987-09-30,2600.0
ID40,1987-12-31,2900.0
ID40,1988-03-31,2700.0
ID40,1988-06-30,4300.0
ID40,1988-09-30,3200.0
ID40,1988-12-31,3200.0
ID40,1989-03-31,2900.0
ID40,1989-06-30,3200.0
ID40,1989-09-30,2300.0
ID40,1989-12-31,2600.0
ID40,1990-03-31,3100.0
ID40,1990-06-30,3700.0
ID40,1990-09-30,3200.0
ID40,1990-12-31,3500.0
ID40,1991-03-31,3800.0
ID40,1991-06-30,4300.0
ID40,1991-09-30,3200.0
ID40,1991-12-31,4300.0
ID40,1992-03-31,4000.0
ID40,1992-06-30,4600.0
ID40,1992-09-30,3400.0
ID40,1992-12-31,4100.0
ID40,1993-03-31,4200.0
ID40,1993-06-30,6100.0
ID40,1993-09-30,3500.0
ID40,1993-12-31,4200.0
ID40,1994-03-31,4800.0
ID40,1994-06-30,6600.0
ID40,1994-09-30,4500.0
ID40,1994-12-31,5700.0
ID40,1995-03-31,5000.0
ID40,1995-06-30,8400.0
ID40,1995-09-30,6300.0
ID40,1995-12-31,7400.0
ID40,1996-03-31,7200.0
ID40,1996-06-30,10100.0
ID40,1996-09-30,6700.0
ID40,1996-12-31,9500.0
ID40,1997-03-31,10000.0
ID40,1997-06-30,11800.0
ID40,1997-09-30,9400.0
ID40,1997-12-31,9900.0
ID40,1998-03-31,7900.0
ID40,1998-06-30,10100.0
ID40,1998-09-30,7300.0
ID40,1998-12-31,9900.0
ID40,1999-03-31,9400.0
ID40,1999-06-30,11900.0
ID40,1999-09-30,8800.0
ID40,1999-12-31,10300.0
ID40,2000-03-31,8600.0
ID40,2000-06-30,11700.0
ID40,2000-09-30,9500.0
ID40,2000-12-31,9300.0
ID40,2001-03-31,7100.0
ID40,2001-06-30,9100.0
ID40,2001-09-30,6800.0
ID40,2001-12-31,7400.0
ID400,1980-03-31,3928.0
ID400,1980-06-30,2157.0
ID400,1980-09-30,2204.0
ID400,1980-12-31,4212.0
ID400,1981-03-31,3460.0
ID400,1981-06-30,2360.0
ID400,1981-09-30,2680.0
ID400,1981-12-31,5072.0
ID400,1982-03-31,3980.0
ID400,1982-06-30,2868.0
ID400,1982-09-30,2780.0
ID400,1982-12-31,5243.0
ID400,1983-03-31,4852.0
ID400,1983-06-30,2180.0
ID400,1983-09-30,1748.0
ID400,1983-12-31,3828.0
ID400,1984-03-31,3425.0
ID400,1984-06-30,2352.0
ID400,1984-09-30,2388.0
ID400,1984-12-31,4530.0
ID400,1985-03-31,4444.0
ID400,1985-06-30,2312.0
ID400,1985-09-30,2740.0
ID400,1985-12-31,5597.0
ID400,1986-03-31,4840.0
ID400,1986-06-30,2495.0
ID400,1986-09-30,2745.0
ID400,1986-12-31,4782.0
ID400,1987-03-31,3252.0
ID400,1987-06-30,1877.0
ID400,1987-09-30,1960.0
ID400,1987-12-31,2997.0
ID400,1988-03-31,2764.0
ID400,1988-06-30,1705.0
ID400,1988-09-30,2017.0
ID400,1988-12-31,3069.0
ID400,1989-03-31,2726.0
ID400,1989-06-30,2169.0
ID400,1989-09-30,2831.0
ID400,1989-12-31,4186.0
ID400,1990-03-31,3664.0
ID400,1990-06-30,2592.0
ID400,1990-09-30,2923.0
ID400,1990-12-31,3637.0
ID400,1991-03-31,3274.0
ID400,1991-06-30,2254.0
ID400,1991-09-30,2622.0
ID400,1991-12-31,3377.0
ID400,1992-03-31,3233.0
ID400,1992-06-30,2060.0
ID400,1992-09-30,2358.0
ID400,1992-12-31,3308.0
ID400,1993-03-31,4728.0
ID400,1993-06-30,2671.0
ID400,1993-09-30,2623.0
ID400,1993-12-31,2395.0
ID400,1994-03-31,4017.0
ID400,1994-06-30,1942.0
ID400,1994-09-30,2471.0
ID400,1994-12-31,4324.0
ID400,1995-03-31,4215.0
ID400,1995-06-30,1987.0
ID400,1995-09-30,2438.0
ID400,1995-12-31,4323.0
ID400,1996-03-31,6459.0
ID400,1996-06-30,3799.0
ID400,1996-09-30,4240.0
ID400,1996-12-31,6068.0
ID400,1997-03-31,6449.0
ID400,1997-06-30,3106.0
ID400,1997-09-30,3772.0
ID400,1997-12-31,6518.0
ID400,1998-03-31,6731.0
ID400,1998-06-30,3656.0
ID400,1998-09-30,4836.0
ID400,1998-12-31,8519.0
ID400,1999-03-31,9788.0
ID400,1999-06-30,5322.0
ID400,1999-09-30,4681.0
ID400,1999-12-31,6036.0
ID400,2000-03-31,5434.0
ID400,2000-06-30,3492.0
ID400,2000-09-30,5035.0
ID400,2000-12-31,8370.0
ID400,2001-03-31,8327.0
ID400,2001-06-30,4787.0
ID400,2001-09-30,5477.0
ID400,2001-12-31,8409.0
ID400,2002-03-31,9038.0
ID400,2002-06-30,4439.0
ID400,2002-09-30,5521.0
ID400,2002-12-31,8228.0
ID400,2003-03-31,7829.0
ID400,2003-06-30,3039.0
ID400,2003-09-30,4357.0
ID401,1980-03-31,1468.0
ID401,1980-06-30,936.0
ID401,1980-09-30,784.0
ID401,1980-12-31,2107.0
ID401,1981-03-31,1440.0
ID401,1981-06-30,956.0
ID401,1981-09-30,1120.0
ID401,1981-12-31,2826.0
ID401,1982-03-31,1803.0
ID401,1982-06-30,1504.0
ID401,1982-09-30,1266.0
ID401,1982-12-31,3378.0
ID401,1983-03-31,2236.0
ID401,1983-06-30,892.0
ID401,1983-09-30,932.0
ID401,1983-12-31,2185.0
ID401,1984-03-31,1592.0
ID401,1984-06-30,1080.0
ID401,1984-09-30,1148.0
ID401,1984-12-31,2132.0
ID401,1985-03-31,1501.0
ID401,1985-06-30,1120.0
ID401,1985-09-30,1308.0
ID401,1985-12-31,2662.0
ID401,1986-03-31,1816.0
ID401,1986-06-30,1239.0
ID401,1986-09-30,1385.0
ID401,1986-12-31,3258.0
ID401,1987-03-31,2034.0
ID401,1987-06-30,1463.0
ID401,1987-09-30,1560.0
ID401,1987-12-31,3483.0
ID401,1988-03-31,3271.0
ID401,1988-06-30,2426.0
ID401,1988-09-30,2675.0
ID401,1988-12-31,4389.0
ID401,1989-03-31,3329.0
ID401,1989-06-30,3132.0
ID401,1989-09-30,3328.0
ID401,1989-12-31,4686.0
ID401,1990-03-31,3168.0
ID401,1990-06-30,2871.0
ID401,1990-09-30,2573.0
ID401,1990-12-31,4024.0
ID401,1991-03-31,2408.0
ID401,1991-06-30,1684.0
ID401,1991-09-30,1845.0
ID401,1991-12-31,2958.0
ID401,1992-03-31,2426.0
ID401,1992-06-30,2080.0
ID401,1992-09-30,1862.0
ID401,1992-12-31,2879.0
ID401,1993-03-31,2412.0
ID401,1993-06-30,1925.0
ID401,1993-09-30,1804.0
ID401,1993-12-31,2301.0
ID401,1994-03-31,2233.0
ID401,1994-06-30,1908.0
ID401,1994-09-30,1852.0
ID401,1994-12-31,2683.0
ID401,1995-03-31,2349.0
ID401,1995-06-30,2408.0
ID401,1995-09-30,2322.0
ID401,1995-12-31,4177.0
ID401,1996-03-31,3670.0
ID401,1996-06-30,3124.0
ID401,1996-09-30,3184.0
ID401,1996-12-31,5023.0
ID401,1997-03-31,3602.0
ID401,1997-06-30,3077.0
ID401,1997-09-30,3228.0
ID401,1997-12-31,5114.0
ID401,1998-03-31,3534.0
ID401,1998-06-30,3492.0
ID401,1998-09-30,3384.0
ID401,1998-12-31,5699.0
ID401,1999-03-31,4496.0
ID401,1999-06-30,3899.0
ID401,1999-09-30,3768.0
ID401,1999-12-31,6118.0
ID401,2000-03-31,4159.0
ID401,2000-06-30,4225.0
ID401,2000-09-30,4996.0
ID401,2000-12-31,7874.0
ID401,2001-03-31,6079.0
ID401,2001-06-30,5303.0
ID401,2001-09-30,5135.0
ID401,2001-12-31,7028.0
ID401,2002-03-31,5403.0
ID401,2002-06-30,4108.0
ID401,2002-09-30,4264.0
ID401,2002-12-31,6478.0
ID401,2003-03-31,5262.0
ID401,2003-06-30,4335.0
ID401,2003-09-30,4645.0
ID402,1980-03-31,677.0
ID402,1980-06-30,432.0
ID402,1980-09-30,404.0
ID402,1980-12-31,448.0
ID402,1981-03-31,480.0
ID402,1981-06-30,512.0
ID402,1981-09-30,568.0
ID402,1981-12-31,720.0
ID402,1982-03-31,632.0
ID402,1982-06-30,676.0
ID402,1982-09-30,548.0
ID402,1982-12-31,768.0
ID402,1983-03-31,724.0
ID402,1983-06-30,480.0
ID402,1983-09-30,444.0
ID402,1983-12-31,496.0
ID402,1984-03-31,540.0
ID402,1984-06-30,528.0
ID402,1984-09-30,416.0
ID402,1984-12-31,540.0
ID402,1985-03-31,528.0
ID402,1985-06-30,536.0
ID402,1985-09-30,516.0
ID402,1985-12-31,772.0
ID402,1986-03-31,644.0
ID402,1986-06-30,371.0
ID402,1986-09-30,545.0
ID402,1986-12-31,456.0
ID402,1987-03-31,462.0
ID402,1987-06-30,425.0
ID402,1987-09-30,376.0
ID402,1987-12-31,672.0
ID402,1988-03-31,711.0
ID402,1988-06-30,647.0
ID402,1988-09-30,632.0
ID402,1988-12-31,1023.0
ID402,1989-03-31,1025.0
ID402,1989-06-30,873.0
ID402,1989-09-30,906.0
ID402,1989-12-31,758.0
ID402,1990-03-31,948.0
ID402,1990-06-30,837.0
ID402,1990-09-30,913.0
ID402,1990-12-31,634.0
ID402,1991-03-31,500.0
ID402,1991-06-30,822.0
ID402,1991-09-30,618.0
ID402,1991-12-31,574.0
ID402,1992-03-31,836.0
ID402,1992-06-30,540.0
ID402,1992-09-30,693.0
ID402,1992-12-31,654.0
ID402,1993-03-31,732.0
ID402,1993-06-30,682.0
ID402,1993-09-30,567.0
ID402,1993-12-31,437.0
ID402,1994-03-31,532.0
ID402,1994-06-30,652.0
ID402,1994-09-30,532.0
ID402,1994-12-31,652.0
ID402,1995-03-31,758.0
ID402,1995-06-30,587.0
ID402,1995-09-30,766.0
ID402,1995-12-31,944.0
ID402,1996-03-31,1093.0
ID402,1996-06-30,1098.0
ID402,1996-09-30,1056.0
ID402,1996-12-31,1166.0
ID402,1997-03-31,1167.0
ID402,1997-06-30,897.0
ID402,1997-09-30,1386.0
ID402,1997-12-31,999.0
ID402,1998-03-31,1248.0
ID402,1998-06-30,1290.0
ID402,1998-09-30,1152.0
ID402,1998-12-31,1211.0
ID402,1999-03-31,1141.0
ID402,1999-06-30,1284.0
ID402,1999-09-30,1422.0
ID402,1999-12-31,1152.0
ID402,2000-03-31,883.0
ID402,2000-06-30,1264.0
ID402,2000-09-30,1202.0
ID402,2000-12-31,1927.0
ID402,2001-03-31,1699.0
ID402,2001-06-30,2046.0
ID402,2001-09-30,1779.0
ID402,2001-12-31,1817.0
ID402,2002-03-31,1265.0
ID402,2002-06-30,1312.0
ID402,2002-09-30,1363.0
ID402,2002-12-31,1208.0
ID402,2003-03-31,1397.0
ID402,2003-06-30,977.0
ID402,2003-09-30,1065.0
ID403,1980-03-31,1708.0
ID403,1980-06-30,976.0
ID403,1980-09-30,1038.0
ID403,1980-12-31,1760.0
ID403,1981-03-31,1604.0
ID403,1981-06-30,920.0
ID403,1981-09-30,1228.0
ID403,1981-12-31,1777.0
ID403,1982-03-31,1408.0
ID403,1982-06-30,1154.0
ID403,1982-09-30,1268.0
ID403,1982-12-31,1674.0
ID403,1983-03-31,1404.0
ID403,1983-06-30,972.0
ID403,1983-09-30,820.0
ID403,1983-12-31,1417.0
ID403,1984-03-31,1164.0
ID403,1984-06-30,816.0
ID403,1984-09-30,988.0
ID403,1984-12-31,1272.0
ID403,1985-03-31,1300.0
ID403,1985-06-30,980.0
ID403,1985-09-30,1256.0
ID403,1985-12-31,1296.0
ID403,1986-03-31,1256.0
ID403,1986-06-30,866.0
ID403,1986-09-30,935.0
ID403,1986-12-31,2262.0
ID403,1987-03-31,2112.0
ID403,1987-06-30,1925.0
ID403,1987-09-30,2136.0
ID403,1987-12-31,5651.0
ID403,1988-03-31,6315.0
ID403,1988-06-30,5523.0
ID403,1988-09-30,5567.0
ID403,1988-12-31,8316.0
ID403,1989-03-31,7645.0
ID403,1989-06-30,5697.0
ID403,1989-09-30,6239.0
ID403,1989-12-31,9284.0
ID403,1990-03-31,10204.0
ID403,1990-06-30,6111.0
ID403,1990-09-30,5753.0
ID403,1990-12-31,6668.0
ID403,1991-03-31,4488.0
ID403,1991-06-30,3424.0
ID403,1991-09-30,3891.0
ID403,1991-12-31,4869.0
ID403,1992-03-31,4431.0
ID403,1992-06-30,2660.0
ID403,1992-09-30,2899.0
ID403,1992-12-31,5785.0
ID403,1993-03-31,5532.0
ID403,1993-06-30,2962.0
ID403,1993-09-30,2105.0
ID403,1993-12-31,1520.0
ID403,1994-03-31,2491.0
ID403,1994-06-30,1950.0
ID403,1994-09-30,2955.0
ID403,1994-12-31,4359.0
ID403,1995-03-31,4504.0
ID403,1995-06-30,2241.0
ID403,1995-09-30,2883.0
ID403,1995-12-31,7291.0
ID403,1996-03-31,10839.0
ID403,1996-06-30,7323.0
ID403,1996-09-30,8016.0
ID403,1996-12-31,8461.0
ID403,1997-03-31,10401.0
ID403,1997-06-30,6830.0
ID403,1997-09-30,6990.0
ID403,1997-12-31,10088.0
ID403,1998-03-31,8947.0
ID403,1998-06-30,6276.0
ID403,1998-09-30,7332.0
ID403,1998-12-31,11770.0
ID403,1999-03-31,12036.0
ID403,1999-06-30,7478.0
ID403,1999-09-30,8056.0
ID403,1999-12-31,6844.0
ID403,2000-03-31,5326.0
ID403,2000-06-30,6015.0
ID403,2000-09-30,7044.0
ID403,2000-12-31,10706.0
ID403,2001-03-31,9609.0
ID403,2001-06-30,7483.0
ID403,2001-09-30,8211.0
ID403,2001-12-31,11228.0
ID403,2002-03-31,10798.0
ID403,2002-06-30,7776.0
ID403,2002-09-30,7692.0
ID403,2002-12-31,10036.0
ID403,2003-03-31,10126.0
ID403,2003-06-30,6087.0
ID403,2003-09-30,8555.0
ID404,1980-03-31,7965.0
ID404,1980-06-30,4577.0
ID404,1980-09-30,4478.0
ID404,1980-12-31,8555.0
ID404,1981-03-31,7152.0
ID404,1981-06-30,4780.0
ID404,1981-09-30,5672.0
ID404,1981-12-31,10447.0
ID404,1982-03-31,7995.0
ID404,1982-06-30,6282.0
ID404,1982-09-30,5974.0
ID404,1982-12-31,11119.0
ID404,1983-03-31,9460.0
ID404,1983-06-30,4596.0
ID404,1983-09-30,4004.0
ID404,1983-12-31,8002.0
ID404,1984-03-31,6893.0
ID404,1984-06-30,4864.0
ID404,1984-09-30,5016.0
ID404,1984-12-31,8550.0
ID404,1985-03-31,8001.0
ID404,1985-06-30,5044.0
ID404,1985-09-30,5920.0
ID404,1985-12-31,10395.0
ID404,1986-03-31,8724.0
ID404,1986-06-30,5031.0
ID404,1986-09-30,5680.0
ID404,1986-12-31,10824.0
ID404,1987-03-31,8118.0
ID404,1987-06-30,5747.0
ID404,1987-09-30,6072.0
ID404,1987-12-31,12811.0
ID404,1988-03-31,13061.0
ID404,1988-06-30,10301.0
ID404,1988-09-30,10891.0
ID404,1988-12-31,16797.0
ID404,1989-03-31,14725.0
ID404,1989-06-30,11871.0
ID404,1989-09-30,13304.0
ID404,1989-12-31,18914.0
ID404,1990-03-31,17984.0
ID404,1990-06-30,12411.0
ID404,1990-09-30,12162.0
ID404,1990-12-31,14963.0
ID404,1991-03-31,10670.0
ID404,1991-06-30,8184.0
ID404,1991-09-30,8976.0
ID404,1991-12-31,11778.0
ID404,1992-03-31,10926.0
ID404,1992-06-30,7340.0
ID404,1992-09-30,7812.0
ID404,1992-12-31,12626.0
ID404,1993-03-31,13404.0
ID404,1993-06-30,8240.0
ID404,1993-09-30,7099.0
ID404,1993-12-31,6653.0
ID404,1994-03-31,9273.0
ID404,1994-06-30,6452.0
ID404,1994-09-30,7810.0
ID404,1994-12-31,12018.0
ID404,1995-03-31,11826.0
ID404,1995-06-30,7223.0
ID404,1995-09-30,8409.0
ID404,1995-12-31,16735.0
ID404,1996-03-31,22061.0
ID404,1996-06-30,15344.0
ID404,1996-09-30,16496.0
ID404,1996-12-31,20718.0
ID404,1997-03-31,21619.0
ID404,1997-06-30,13910.0
ID404,1997-09-30,15376.0
ID404,1997-12-31,22719.0
ID404,1998-03-31,20460.0
ID404,1998-06-30,14714.0
ID404,1998-09-30,16704.0
ID404,1998-12-31,27199.0
ID404,1999-03-31,27461.0
ID404,1999-06-30,17983.0
ID404,1999-09-30,18109.0
ID404,1999-12-31,20422.0
ID404,2000-03-31,16659.0
ID404,2000-06-30,15394.0
ID404,2000-09-30,19177.0
ID404,2000-12-31,29383.0
ID404,2001-03-31,27080.0
ID404,2001-06-30,20324.0
ID404,2001-09-30,21798.0
ID404,2001-12-31,29172.0
ID404,2002-03-31,28180.0
ID404,2002-06-30,18435.0
ID404,2002-09-30,19922.0
ID404,2002-12-31,26578.0
ID404,2003-03-31,26542.0
ID404,2003-06-30,14909.0
ID404,2003-09-30,19667.0
ID405,1980-03-31,7012.0
ID405,1980-06-30,3937.0
ID405,1980-09-30,4608.0
ID405,1980-12-31,8200.0
ID405,1981-03-31,6576.0
ID405,1981-06-30,4267.0
ID405,1981-09-30,5176.0
ID405,1981-12-31,8992.0
ID405,1982-03-31,6980.0
ID405,1982-06-30,4696.0
ID405,1982-09-30,4568.0
ID405,1982-12-31,9120.0
ID405,1983-03-31,8336.0
ID405,1983-06-30,3504.0
ID405,1983-09-30,3264.0
ID405,1983-12-31,7628.0
ID405,1984-03-31,6541.0
ID405,1984-06-30,4256.0
ID405,1984-09-30,4668.0
ID405,1984-12-31,9126.0
ID405,1985-03-31,8212.0
ID405,1985-06-30,4724.0
ID405,1985-09-30,5208.0
ID405,1985-12-31,10209.0
ID405,1986-03-31,8961.0
ID405,1986-06-30,4878.0
ID405,1986-09-30,5580.0
ID405,1986-12-31,11130.0
ID405,1987-03-31,8898.0
ID405,1987-06-30,4793.0
ID405,1987-09-30,4976.0
ID405,1987-12-31,7702.0
ID405,1988-03-31,6374.0
ID405,1988-06-30,3822.0
ID405,1988-09-30,4341.0
ID405,1988-12-31,7260.0
ID405,1989-03-31,5995.0
ID405,1989-06-30,4284.0
ID405,1989-09-30,5217.0
ID405,1989-12-31,8697.0
ID405,1990-03-31,7274.0
ID405,1990-06-30,5103.0
ID405,1990-09-30,5560.0
ID405,1990-12-31,7654.0
ID405,1991-03-31,6780.0
ID405,1991-06-30,4557.0
ID405,1991-09-30,5096.0
ID405,1991-12-31,7501.0
ID405,1992-03-31,7325.0
ID405,1992-06-30,4540.0
ID405,1992-09-30,5277.0
ID405,1992-12-31,8867.0
ID405,1993-03-31,10128.0
ID405,1993-06-30,5551.0
ID405,1993-09-30,7119.0
ID405,1993-12-31,8985.0
ID405,1994-03-31,11721.0
ID405,1994-06-30,6226.0
ID405,1994-09-30,8770.0
ID405,1994-12-31,12269.0
ID405,1995-03-31,10822.0
ID405,1995-06-30,5947.0
ID405,1995-09-30,6845.0
ID405,1995-12-31,11767.0
ID405,1996-03-31,12877.0
ID405,1996-06-30,8204.0
ID405,1996-09-30,10096.0
ID405,1996-12-31,14269.0
ID405,1997-03-31,13427.0
ID405,1997-06-30,7228.0
ID405,1997-09-30,8304.0
ID405,1997-12-31,13560.0
ID405,1998-03-31,12918.0
ID405,1998-06-30,8022.0
ID405,1998-09-30,9768.0
ID405,1998-12-31,16130.0
ID405,1999-03-31,16816.0
ID405,1999-06-30,9674.0
ID405,1999-09-30,9840.0
ID405,1999-12-31,13592.0
ID405,2000-03-31,13402.0
ID405,2000-06-30,8669.0
ID405,2000-09-30,10599.0
ID405,2000-12-31,18388.0
ID405,2001-03-31,17204.0
ID405,2001-06-30,11131.0
ID405,2001-09-30,13123.0
ID405,2001-12-31,18600.0
ID405,2002-03-31,19102.0
ID405,2002-06-30,9964.0
ID405,2002-09-30,12623.0
ID405,2002-12-31,17864.0
ID405,2003-03-31,17234.0
ID405,2003-06-30,9106.0
ID405,2003-09-30,10721.0
ID406,1980-03-31,2748.0
ID406,1980-06-30,2048.0
ID406,1980-09-30,1888.0
ID406,1980-12-31,4743.0
ID406,1981-03-31,2884.0
ID406,1981-06-30,2253.0
ID406,1981-09-30,2132.0
ID406,1981-12-31,5588.0
ID406,1982-03-31,3339.0
ID406,1982-06-30,2724.0
ID406,1982-09-30,2206.0
ID406,1982-12-31,5976.0
ID406,1983-03-31,3900.0
ID406,1983-06-30,2157.0
ID406,1983-09-30,1992.0
ID406,1983-12-31,5016.0
ID406,1984-03-31,3413.0
ID406,1984-06-30,2472.0
ID406,1984-09-30,2508.0
ID406,1984-12-31,4957.0
ID406,1985-03-31,3413.0
ID406,1985-06-30,2664.0
ID406,1985-09-30,2948.0
ID406,1985-12-31,5883.0
ID406,1986-03-31,3976.0
ID406,1986-06-30,2994.0
ID406,1986-09-30,4071.0
ID406,1986-12-31,10464.0
ID406,1987-03-31,7356.0
ID406,1987-06-30,4428.0
ID406,1987-09-30,4576.0
ID406,1987-12-31,11116.0
ID406,1988-03-31,7507.0
ID406,1988-06-30,5934.0
ID406,1988-09-30,6558.0
ID406,1988-12-31,11275.0
ID406,1989-03-31,7540.0
ID406,1989-06-30,6138.0
ID406,1989-09-30,6288.0
ID406,1989-12-31,10408.0
ID406,1990-03-31,6600.0
ID406,1990-06-30,5922.0
ID406,1990-09-30,5130.0
ID406,1990-12-31,9298.0
ID406,1991-03-31,5688.0
ID406,1991-06-30,4287.0
ID406,1991-09-30,4233.0
ID406,1991-12-31,8284.0
ID406,1992-03-31,6062.0
ID406,1992-06-30,5010.0
ID406,1992-09-30,4689.0
ID406,1992-12-31,9019.0
ID406,1993-03-31,5844.0
ID406,1993-06-30,5351.0
ID406,1993-09-30,5066.0
ID406,1993-12-31,11522.0
ID406,1994-03-31,7103.0
ID406,1994-06-30,6544.0
ID406,1994-09-30,5729.0
ID406,1994-12-31,11578.0
ID406,1995-03-31,7804.0
ID406,1995-06-30,6978.0
ID406,1995-09-30,6677.0
ID406,1995-12-31,14912.0
ID406,1996-03-31,9538.0
ID406,1996-06-30,8429.0
ID406,1996-09-30,8192.0
ID406,1996-12-31,17337.0
ID406,1997-03-31,10859.0
ID406,1997-06-30,8939.0
ID406,1997-09-30,8250.0
ID406,1997-12-31,16533.0
ID406,1998-03-31,10799.0
ID406,1998-06-30,9880.0
ID406,1998-09-30,9288.0
ID406,1998-12-31,17582.0
ID406,1999-03-31,11897.0
ID406,1999-06-30,9926.0
ID406,1999-09-30,9616.0
ID406,1999-12-31,18082.0
ID406,2000-03-31,12323.0
ID406,2000-06-30,12019.0
ID406,2000-09-30,11556.0
ID406,2000-12-31,21725.0
ID406,2001-03-31,14476.0
ID406,2001-06-30,13562.0
ID406,2001-09-30,12709.0
ID406,2001-12-31,20055.0
ID406,2002-03-31,13953.0
ID406,2002-06-30,11682.0
ID406,2002-09-30,11396.0
ID406,2002-12-31,20368.0
ID406,2003-03-31,14422.0
ID406,2003-06-30,12820.0
ID406,2003-09-30,12803.0
ID407,1980-03-31,1209.0
ID407,1980-06-30,1040.0
ID407,1980-09-30,1084.0
ID407,1980-12-31,1084.0
ID407,1981-03-31,1104.0
ID407,1981-06-30,1160.0
ID407,1981-09-30,1180.0
ID407,1981-12-31,1404.0
ID407,1982-03-31,1128.0
ID407,1982-06-30,1448.0
ID407,1982-09-30,1292.0
ID407,1982-12-31,1500.0
ID407,1983-03-31,1508.0
ID407,1983-06-30,1144.0
ID407,1983-09-30,1084.0
ID407,1983-12-31,1092.0
ID407,1984-03-31,1216.0
ID407,1984-06-30,1296.0
ID407,1984-09-30,1077.0
ID407,1984-12-31,1360.0
ID407,1985-03-31,1324.0
ID407,1985-06-30,1428.0
ID407,1985-09-30,1336.0
ID407,1985-12-31,1508.0
ID407,1986-03-31,1416.0
ID407,1986-06-30,1215.0
ID407,1986-09-30,1395.0
ID407,1986-12-31,1038.0
ID407,1987-03-31,1062.0
ID407,1987-06-30,1252.0
ID407,1987-09-30,1288.0
ID407,1987-12-31,1554.0
ID407,1988-03-31,1503.0
ID407,1988-06-30,1478.0
ID407,1988-09-30,1479.0
ID407,1988-12-31,1815.0
ID407,1989-03-31,1777.0
ID407,1989-06-30,1566.0
ID407,1989-09-30,1498.0
ID407,1989-12-31,1661.0
ID407,1990-03-31,1924.0
ID407,1990-06-30,1755.0
ID407,1990-09-30,1567.0
ID407,1990-12-31,1299.0
ID407,1991-03-31,1216.0
ID407,1991-06-30,1652.0
ID407,1991-09-30,1248.0
ID407,1991-12-31,1303.0
ID407,1992-03-31,1817.0
ID407,1992-06-30,1320.0
ID407,1992-09-30,1680.0
ID407,1992-12-31,1702.0
ID407,1993-03-31,1812.0
ID407,1993-06-30,1686.0
ID407,1993-09-30,1341.0
ID407,1993-12-31,1581.0
ID407,1994-03-31,1570.0
ID407,1994-06-30,1774.0
ID407,1994-09-30,1665.0
ID407,1994-12-31,1905.0
ID407,1995-03-31,1987.0
ID407,1995-06-30,2081.0
ID407,1995-09-30,1789.0
ID407,1995-12-31,1919.0
ID407,1996-03-31,2638.0
ID407,1996-06-30,2138.0
ID407,1996-09-30,2336.0
ID407,1996-12-31,2251.0
ID407,1997-03-31,2508.0
ID407,1997-06-30,2313.0
ID407,1997-09-30,2624.0
ID407,1997-12-31,2173.0
ID407,1998-03-31,2586.0
ID407,1998-06-30,2727.0
ID407,1998-09-30,2472.0
ID407,1998-12-31,2655.0
ID407,1999-03-31,2589.0
ID407,1999-06-30,2618.0
ID407,1999-09-30,2858.0
ID407,1999-12-31,2596.0
ID407,2000-03-31,2627.0
ID407,2000-06-30,2809.0
ID407,2000-09-30,2662.0
ID407,2000-12-31,3620.0
ID407,2001-03-31,3414.0
ID407,2001-06-30,4031.0
ID407,2001-09-30,3842.0
ID407,2001-12-31,3862.0
ID407,2002-03-31,3442.0
ID407,2002-06-30,3439.0
ID407,2002-09-30,3203.0
ID407,2002-12-31,3364.0
ID407,2003-03-31,3418.0
ID407,2003-06-30,2979.0
ID407,2003-09-30,3025.0
ID408,1980-03-31,3312.0
ID408,1980-06-30,2176.0
ID408,1980-09-30,2490.0
ID408,1980-12-31,3636.0
ID408,1981-03-31,3295.0
ID408,1981-06-30,2185.0
ID408,1981-09-30,2628.0
ID408,1981-12-31,3413.0
ID408,1982-03-31,2912.0
ID408,1982-06-30,2470.0
ID408,1982-09-30,2740.0
ID408,1982-12-31,3202.0
ID408,1983-03-31,3004.0
ID408,1983-06-30,1969.0
ID408,1983-09-30,2268.0
ID408,1983-12-31,3058.0
ID408,1984-03-31,2616.0
ID408,1984-06-30,1888.0
ID408,1984-09-30,2304.0
ID408,1984-12-31,3088.0
ID408,1985-03-31,3048.0
ID408,1985-06-30,2688.0
ID408,1985-09-30,3135.0
ID408,1985-12-31,2764.0
ID408,1986-03-31,2700.0
ID408,1986-06-30,2039.0
ID408,1986-09-30,2690.0
ID408,1986-12-31,4284.0
ID408,1987-03-31,4566.0
ID408,1987-06-30,4436.0
ID408,1987-09-30,5024.0
ID408,1987-12-31,8445.0
ID408,1988-03-31,8929.0
ID408,1988-06-30,7499.0
ID408,1988-09-30,8055.0
ID408,1988-12-31,11011.0
ID408,1989-03-31,10193.0
ID408,1989-06-30,7911.0
ID408,1989-09-30,8582.0
ID408,1989-12-31,12490.0
ID408,1990-03-31,13066.0
ID408,1990-06-30,8343.0
ID408,1990-09-30,8785.0
ID408,1990-12-31,9670.0
ID408,1991-03-31,6976.0
ID408,1991-06-30,5915.0
ID408,1991-09-30,6925.0
ID408,1991-12-31,7720.0
ID408,1992-03-31,6930.0
ID408,1992-06-30,5160.0
ID408,1992-09-30,6020.0
ID408,1992-12-31,9691.0
ID408,1993-03-31,8424.0
ID408,1993-06-30,5501.0
ID408,1993-09-30,4685.0
ID408,1993-12-31,4526.0
ID408,1994-03-31,5599.0
ID408,1994-06-30,4540.0
ID408,1994-09-30,6991.0
ID408,1994-12-31,8295.0
ID408,1995-03-31,8181.0
ID408,1995-06-30,5266.0
ID408,1995-09-30,6310.0
ID408,1995-12-31,10738.0
ID408,1996-03-31,14006.0
ID408,1996-06-30,10213.0
ID408,1996-09-30,10944.0
ID408,1996-12-31,11950.0
ID408,1997-03-31,13953.0
ID408,1997-06-30,9571.0
ID408,1997-09-30,10559.0
ID408,1997-12-31,14441.0
ID408,1998-03-31,12699.0
ID408,1998-06-30,9582.0
ID408,1998-09-30,11136.0
ID408,1998-12-31,16459.0
ID408,1999-03-31,15930.0
ID408,1999-06-30,11097.0
ID408,1999-09-30,11559.0
ID408,1999-12-31,10528.0
ID408,2000-03-31,8568.0
ID408,2000-06-30,9193.0
ID408,2000-09-30,10486.0
ID408,2000-12-31,14639.0
ID408,2001-03-31,13568.0
ID408,2001-06-30,10793.0
ID408,2001-09-30,11421.0
ID408,2001-12-31,16072.0
ID408,2002-03-31,14732.0
ID408,2002-06-30,11725.0
ID408,2002-09-30,11974.0
ID408,2002-12-31,14706.0
ID408,2003-03-31,13989.0
ID408,2003-06-30,9448.0
ID408,2003-09-30,12291.0
ID409,1980-03-31,14713.0
ID409,1980-06-30,9477.0
ID409,1980-09-30,10258.0
ID409,1980-12-31,17783.0
ID409,1981-03-31,14327.0
ID409,1981-06-30,10025.0
ID409,1981-09-30,11500.0
ID409,1981-12-31,19537.0
ID409,1982-03-31,14839.0
ID409,1982-06-30,11546.0
ID409,1982-09-30,11114.0
ID409,1982-12-31,19930.0
ID409,1983-03-31,17288.0
ID409,1983-06-30,8974.0
ID409,1983-09-30,8832.0
ID409,1983-12-31,17022.0
ID409,1984-03-31,14242.0
ID409,1984-06-30,10188.0
ID409,1984-09-30,10785.0
ID409,1984-12-31,18675.0
ID409,1985-03-31,16569.0
ID409,1985-06-30,11748.0
ID409,1985-09-30,12919.0
ID409,1985-12-31,20528.0
ID409,1986-03-31,17573.0
ID409,1986-06-30,11360.0
ID409,1986-09-30,14061.0
ID409,1986-12-31,27060.0
ID409,1987-03-31,22542.0
ID409,1987-06-30,15146.0
ID409,1987-09-30,16112.0
ID409,1987-12-31,28889.0
ID409,1988-03-31,24313.0
ID409,1988-06-30,18733.0
ID409,1988-09-30,20433.0
ID409,1988-12-31,31361.0
ID409,1989-03-31,25505.0
ID409,1989-06-30,19899.0
ID409,1989-09-30,21585.0
ID409,1989-12-31,33256.0
ID409,1990-03-31,28864.0
ID409,1990-06-30,21123.0
ID409,1990-09-30,21042.0
ID409,1990-12-31,27921.0
ID409,1991-03-31,20660.0
ID409,1991-06-30,16411.0
ID409,1991-09-30,17502.0
ID409,1991-12-31,24808.0
ID409,1992-03-31,22134.0
ID409,1992-06-30,16030.0
ID409,1992-09-30,17666.0
ID409,1992-12-31,29279.0
ID409,1993-03-31,26208.0
ID409,1993-06-30,18089.0
ID409,1993-09-30,18211.0
ID409,1993-12-31,26614.0
ID409,1994-03-31,25993.0
ID409,1994-06-30,19084.0
ID409,1994-09-30,23155.0
ID409,1994-12-31,34047.0
ID409,1995-03-31,28794.0
ID409,1995-06-30,20272.0
ID409,1995-09-30,21621.0
ID409,1995-12-31,39336.0
ID409,1996-03-31,39059.0
ID409,1996-06-30,28984.0
ID409,1996-09-30,31568.0
ID409,1996-12-31,45807.0
ID409,1997-03-31,40747.0
ID409,1997-06-30,28051.0
ID409,1997-09-30,29737.0
ID409,1997-12-31,46707.0
ID409,1998-03-31,39002.0
ID409,1998-06-30,30211.0
ID409,1998-09-30,32664.0
ID409,1998-12-31,52826.0
ID409,1999-03-31,47232.0
ID409,1999-06-30,33315.0
ID409,1999-09-30,34601.0
ID409,1999-12-31,45546.0
ID409,2000-03-31,38814.0
ID409,2000-06-30,33867.0
ID409,2000-09-30,37091.0
ID409,2000-12-31,59736.0
ID409,2001-03-31,51135.0
ID409,2001-06-30,41056.0
ID409,2001-09-30,43114.0
ID409,2001-12-31,60163.0
ID409,2002-03-31,54209.0
ID409,2002-06-30,38516.0
ID409,2002-09-30,41200.0
ID409,2002-12-31,57800.0
ID409,2003-03-31,52095.0
ID409,2003-06-30,35649.0
ID409,2003-09-30,40932.0
ID41,1975-03-31,70.0
ID41,1975-06-30,45.0
ID41,1975-09-30,59.0
ID41,1975-12-31,121.0
ID41,1976-03-31,37.0
ID41,1976-06-30,34.0
ID41,1976-09-30,41.0
ID41,1976-12-31,143.0
ID41,1977-03-31,62.0
ID41,1977-06-30,113.0
ID41,1977-09-30,114.0
ID41,1977-12-31,169.0
ID41,1978-03-31,337.0
ID41,1978-06-30,330.0
ID41,1978-09-30,93.0
ID41,1978-12-31,202.0
ID41,1979-03-31,0.0
ID41,1979-06-30,194.0
ID41,1979-09-30,0.0
ID41,1979-12-31,144.0
ID41,1980-03-31,209.0
ID41,1980-06-30,227.0
ID41,1980-09-30,164.0
ID41,1980-12-31,330.0
ID41,1981-03-31,349.0
ID41,1981-06-30,487.0
ID41,1981-09-30,241.0
ID41,1981-12-31,670.0
ID41,1982-03-31,276.0
ID41,1982-06-30,593.0
ID41,1982-09-30,378.0
ID41,1982-12-31,514.0
ID41,1983-03-31,380.0
ID41,1983-06-30,499.0
ID41,1983-09-30,307.0
ID41,1983-12-31,600.0
ID41,1984-03-31,500.0
ID41,1984-06-30,500.0
ID41,1984-09-30,600.0
ID41,1984-12-31,800.0
ID41,1985-03-31,800.0
ID41,1985-06-30,700.0
ID41,1985-09-30,600.0
ID41,1985-12-31,800.0
ID41,1986-03-31,800.0
ID41,1986-06-30,1000.0
ID41,1986-09-30,700.0
ID41,1986-12-31,1100.0
ID41,1987-03-31,900.0
ID41,1987-06-30,1000.0
ID41,1987-09-30,800.0
ID41,1987-12-31,1100.0
ID41,1988-03-31,700.0
ID41,1988-06-30,1100.0
ID41,1988-09-30,1000.0
ID41,1988-12-31,1000.0
ID41,1989-03-31,900.0
ID41,1989-06-30,1000.0
ID41,1989-09-30,800.0
ID41,1989-12-31,1000.0
ID41,1990-03-31,1000.0
ID41,1990-06-30,1200.0
ID41,1990-09-30,1000.0
ID41,1990-12-31,1400.0
ID41,1991-03-31,1200.0
ID41,1991-06-30,1200.0
ID41,1991-09-30,1100.0
ID41,1991-12-31,1600.0
ID41,1992-03-31,1400.0
ID41,1992-06-30,1400.0
ID41,1992-09-30,1000.0
ID41,1992-12-31,1300.0
ID41,1993-03-31,1400.0
ID41,1993-06-30,1800.0
ID41,1993-09-30,1300.0
ID41,1993-12-31,1500.0
ID41,1994-03-31,1600.0
ID41,1994-06-30,2000.0
ID41,1994-09-30,1200.0
ID41,1994-12-31,1800.0
ID41,1995-03-31,1620.0
ID41,1995-06-30,2493.0
ID41,1995-09-30,1769.0
ID41,1995-12-31,2313.0
ID41,1996-03-31,2141.0
ID41,1996-06-30,2716.0
ID41,1996-09-30,1992.0
ID41,1996-12-31,2920.0
ID41,1997-03-31,3144.0
ID41,1997-06-30,3658.0
ID41,1997-09-30,3012.0
ID41,1997-12-31,2938.0
ID41,1998-03-31,2735.0
ID41,1998-06-30,3261.0
ID41,1998-09-30,2631.0
ID41,1998-12-31,3138.0
ID410,1980-03-31,86244.0
ID410,1980-06-30,39502.0
ID410,1980-09-30,42441.0
ID410,1980-12-31,81652.0
ID410,1981-03-31,82925.0
ID410,1981-06-30,41714.0
ID410,1981-09-30,46983.0
ID410,1981-12-31,82452.0
ID410,1982-03-31,77001.0
ID410,1982-06-30,44328.0
ID410,1982-09-30,49947.0
ID410,1982-12-31,81818.0
ID410,1983-03-31,81817.0
ID410,1983-06-30,47469.0
ID410,1983-09-30,57604.0
ID410,1983-12-31,89997.0
ID410,1984-03-31,90775.0
ID410,1984-06-30,58757.0
ID410,1984-09-30,61924.0
ID410,1984-12-31,107860.0
ID410,1985-03-31,113443.0
ID410,1985-06-30,73148.0
ID410,1985-09-30,74225.0
ID410,1985-12-31,131138.0
ID410,1986-03-31,125525.0
ID410,1986-06-30,75071.0
ID410,1986-09-30,78892.0
ID410,1986-12-31,146796.0
ID410,1987-03-31,140322.0
ID410,1987-06-30,80663.0
ID410,1987-09-30,88616.0
ID410,1987-12-31,153427.0
ID410,1988-03-31,133128.0
ID410,1988-06-30,77490.0
ID410,1988-09-30,93095.0
ID410,1988-12-31,137599.0
ID410,1989-03-31,131065.0
ID410,1989-06-30,74997.0
ID410,1989-09-30,99313.0
ID410,1989-12-31,144241.0
ID410,1990-03-31,145994.0
ID410,1990-06-30,85122.0
ID410,1990-09-30,104160.0
ID410,1990-12-31,154405.0
ID410,1991-03-31,147904.0
ID410,1991-06-30,81637.0
ID410,1991-09-30,106456.0
ID410,1991-12-31,162006.0
ID410,1992-03-31,169175.0
ID410,1992-06-30,98020.0
ID410,1992-09-30,116640.0
ID410,1992-12-31,175823.0
ID410,1993-03-31,202932.0
ID410,1993-06-30,113663.0
ID410,1993-09-30,130228.0
ID410,1993-12-31,214315.0
ID410,1994-03-31,244739.0
ID410,1994-06-30,128386.0
ID410,1994-09-30,150725.0
ID410,1994-12-31,241333.0
ID410,1995-03-31,252935.0
ID410,1995-06-30,136937.0
ID410,1995-09-30,161320.0
ID410,1995-12-31,248474.0
ID410,1996-03-31,264463.0
ID410,1996-06-30,148921.0
ID410,1996-09-30,163968.0
ID410,1996-12-31,271199.0
ID410,1997-03-31,276120.0
ID410,1997-06-30,142813.0
ID410,1997-09-30,158239.0
ID410,1997-12-31,228871.0
ID410,1998-03-31,235154.0
ID410,1998-06-30,121426.0
ID410,1998-09-30,148032.0
ID410,1998-12-31,237075.0
ID410,1999-03-31,260364.0
ID410,1999-06-30,139911.0
ID410,1999-09-30,156599.0
ID410,1999-12-31,263096.0
ID410,2000-03-31,281427.0
ID410,2000-06-30,162091.0
ID410,2000-09-30,180869.0
ID410,2000-12-31,304861.0
ID410,2001-03-31,325939.0
ID410,2001-06-30,177072.0
ID410,2001-09-30,210948.0
ID410,2001-12-31,275467.0
ID410,2002-03-31,346327.0
ID410,2002-06-30,179949.0
ID410,2002-09-30,212582.0
ID410,2002-12-31,335050.0
ID410,2003-03-31,358470.0
ID410,2003-06-30,163717.0
ID410,2003-09-30,209160.0
ID411,1980-03-31,28244.0
ID411,1980-06-30,16874.0
ID411,1980-09-30,15973.0
ID411,1980-12-31,40110.0
ID411,1981-03-31,29483.0
ID411,1981-06-30,18984.0
ID411,1981-09-30,16610.0
ID411,1981-12-31,42894.0
ID411,1982-03-31,30500.0
ID411,1982-06-30,19890.0
ID411,1982-09-30,17945.0
ID411,1982-12-31,45238.0
ID411,1983-03-31,31686.0
ID411,1983-06-30,19037.0
ID411,1983-09-30,19379.0
ID411,1983-12-31,46227.0
ID411,1984-03-31,32150.0
ID411,1984-06-30,23893.0
ID411,1984-09-30,21116.0
ID411,1984-12-31,47006.0
ID411,1985-03-31,35571.0
ID411,1985-06-30,26018.0
ID411,1985-09-30,22968.0
ID411,1985-12-31,53073.0
ID411,1986-03-31,38422.0
ID411,1986-06-30,26681.0
ID411,1986-09-30,26051.0
ID411,1986-12-31,60409.0
ID411,1987-03-31,44478.0
ID411,1987-06-30,32279.0
ID411,1987-09-30,31464.0
ID411,1987-12-31,74028.0
ID411,1988-03-31,57161.0
ID411,1988-06-30,34554.0
ID411,1988-09-30,38042.0
ID411,1988-12-31,77132.0
ID411,1989-03-31,57605.0
ID411,1989-06-30,40770.0
ID411,1989-09-30,41173.0
ID411,1989-12-31,80716.0
ID411,1990-03-31,62216.0
ID411,1990-06-30,46368.0
ID411,1990-09-30,42788.0
ID411,1990-12-31,83444.0
ID411,1991-03-31,65434.0
ID411,1991-06-30,40176.0
ID411,1991-09-30,45435.0
ID411,1991-12-31,85517.0
ID411,1992-03-31,74717.0
ID411,1992-06-30,50720.0
ID411,1992-09-30,47967.0
ID411,1992-12-31,88494.0
ID411,1993-03-31,67968.0
ID411,1993-06-30,49264.0
ID411,1993-09-30,44586.0
ID411,1993-12-31,97711.0
ID411,1994-03-31,80946.0
ID411,1994-06-30,50164.0
ID411,1994-09-30,50872.0
ID411,1994-12-31,98043.0
ID411,1995-03-31,83486.0
ID411,1995-06-30,56756.0
ID411,1995-09-30,55696.0
ID411,1995-12-31,110761.0
ID411,1996-03-31,96137.0
ID411,1996-06-30,65747.0
ID411,1996-09-30,60864.0
ID411,1996-12-31,123975.0
ID411,1997-03-31,103640.0
ID411,1997-06-30,59949.0
ID411,1997-09-30,62832.0
ID411,1997-12-31,124065.0
ID411,1998-03-31,108414.0
ID411,1998-06-30,74414.0
ID411,1998-09-30,69948.0
ID411,1998-12-31,133642.0
ID411,1999-03-31,114292.0
ID411,1999-06-30,74906.0
ID411,1999-09-30,75637.0
ID411,1999-12-31,147136.0
ID411,2000-03-31,133633.0
ID411,2000-06-30,91182.0
ID411,2000-09-30,85079.0
ID411,2000-12-31,166490.0
ID411,2001-03-31,139517.0
ID411,2001-06-30,101696.0
ID411,2001-09-30,94239.0
ID411,2001-12-31,164278.0
ID411,2002-03-31,154998.0
ID411,2002-06-30,92438.0
ID411,2002-09-30,96516.0
ID411,2002-12-31,178496.0
ID411,2003-03-31,154506.0
ID411,2003-06-30,106648.0
ID411,2003-09-30,109936.0
ID412,1980-03-31,13561.0
ID412,1980-06-30,12136.0
ID412,1980-09-30,11897.0
ID412,1980-12-31,13184.0
ID412,1981-03-31,13497.0
ID412,1981-06-30,13585.0
ID412,1981-09-30,13362.0
ID412,1981-12-31,13857.0
ID412,1982-03-31,15324.0
ID412,1982-06-30,14177.0
ID412,1982-09-30,14212.0
ID412,1982-12-31,14157.0
ID412,1983-03-31,15528.0
ID412,1983-06-30,14180.0
ID412,1983-09-30,14478.0
ID412,1983-12-31,15116.0
ID412,1984-03-31,17476.0
ID412,1984-06-30,16276.0
ID412,1984-09-30,15709.0
ID412,1984-12-31,17772.0
ID412,1985-03-31,18512.0
ID412,1985-06-30,18721.0
ID412,1985-09-30,18092.0
ID412,1985-12-31,18540.0
ID412,1986-03-31,19308.0
ID412,1986-06-30,19491.0
ID412,1986-09-30,19390.0
ID412,1986-12-31,17628.0
ID412,1987-03-31,19578.0
ID412,1987-06-30,19732.0
ID412,1987-09-30,20112.0
ID412,1987-12-31,22909.0
ID412,1988-03-31,25462.0
ID412,1988-06-30,24569.0
ID412,1988-09-30,24318.0
ID412,1988-12-31,25377.0
ID412,1989-03-31,25960.0
ID412,1989-06-30,26541.0
ID412,1989-09-30,25596.0
ID412,1989-12-31,26937.0
ID412,1990-03-31,30036.0
ID412,1990-06-30,27720.0
ID412,1990-09-30,26020.0
ID412,1990-12-31,26607.0
ID412,1991-03-31,23552.0
ID412,1991-06-30,25308.0
ID412,1991-09-30,24572.0
ID412,1991-12-31,26186.0
ID412,1992-03-31,30172.0
ID412,1992-06-30,26630.0
ID412,1992-09-30,27046.0
ID412,1992-12-31,28527.0
ID412,1993-03-31,31980.0
ID412,1993-06-30,28823.0
ID412,1993-09-30,29870.0
ID412,1993-12-31,29431.0
ID412,1994-03-31,33801.0
ID412,1994-06-30,33222.0
ID412,1994-09-30,34421.0
ID412,1994-12-31,34263.0
ID412,1995-03-31,37315.0
ID412,1995-06-30,37731.0
ID412,1995-09-30,37307.0
ID412,1995-12-31,38975.0
ID412,1996-03-31,42005.0
ID412,1996-06-30,40303.0
ID412,1996-09-30,39856.0
ID412,1996-12-31,41589.0
ID412,1997-03-31,42228.0
ID412,1997-06-30,43277.0
ID412,1997-09-30,42283.0
ID412,1997-12-31,42387.0
ID412,1998-03-31,45682.0
ID412,1998-06-30,45489.0
ID412,1998-09-30,43008.0
ID412,1998-12-31,45372.0
ID412,1999-03-31,45792.0
ID412,1999-06-30,46226.0
ID412,1999-09-30,49606.0
ID412,1999-12-31,50018.0
ID412,2000-03-31,50934.0
ID412,2000-06-30,48563.0
ID412,2000-09-30,48342.0
ID412,2000-12-31,52800.0
ID412,2001-03-31,53585.0
ID412,2001-06-30,53073.0
ID412,2001-09-30,50155.0
ID412,2001-12-31,50807.0
ID412,2002-03-31,52430.0
ID412,2002-06-30,53261.0
ID412,2002-09-30,51350.0
ID412,2002-12-31,56906.0
ID412,2003-03-31,55367.0
ID412,2003-06-30,50784.0
ID412,2003-09-30,51848.0
ID413,1980-03-31,17392.0
ID413,1980-06-30,11593.0
ID413,1980-09-30,14342.0
ID413,1980-12-31,17201.0
ID413,1981-03-31,17877.0
ID413,1981-06-30,12329.0
ID413,1981-09-30,13355.0
ID413,1981-12-31,15310.0
ID413,1982-03-31,15245.0
ID413,1982-06-30,12251.0
ID413,1982-09-30,13065.0
ID413,1982-12-31,13328.0
ID413,1983-03-31,15038.0
ID413,1983-06-30,10565.0
ID413,1983-09-30,12540.0
ID413,1983-12-31,14551.0
ID413,1984-03-31,13648.0
ID413,1984-06-30,12038.0
ID413,1984-09-30,12528.0
ID413,1984-12-31,15494.0
ID413,1985-03-31,15788.0
ID413,1985-06-30,13487.0
ID413,1985-09-30,15589.0
ID413,1985-12-31,17577.0
ID413,1986-03-31,19418.0
ID413,1986-06-30,15361.0
ID413,1986-09-30,16866.0
ID413,1986-12-31,24222.0
ID413,1987-03-31,28206.0
ID413,1987-06-30,24685.0
ID413,1987-09-30,26592.0
ID413,1987-12-31,33976.0
ID413,1988-03-31,29218.0
ID413,1988-06-30,25316.0
ID413,1988-09-30,28265.0
ID413,1988-12-31,34166.0
ID413,1989-03-31,32969.0
ID413,1989-06-30,25740.0
ID413,1989-09-30,31634.0
ID413,1989-12-31,35821.0
ID413,1990-03-31,41706.0
ID413,1990-06-30,31608.0
ID413,1990-09-30,32782.0
ID413,1990-12-31,35034.0
ID413,1991-03-31,34114.0
ID413,1991-06-30,29010.0
ID413,1991-09-30,33383.0
ID413,1991-12-31,32780.0
ID413,1992-03-31,33184.0
ID413,1992-06-30,24210.0
ID413,1992-09-30,29289.0
ID413,1992-12-31,35067.0
ID413,1993-03-31,35244.0
ID413,1993-06-30,26558.0
ID413,1993-09-30,28053.0
ID413,1993-12-31,26352.0
ID413,1994-03-31,34978.0
ID413,1994-06-30,28474.0
ID413,1994-09-30,37862.0
ID413,1994-12-31,40336.0
ID413,1995-03-31,41166.0
ID413,1995-06-30,32783.0
ID413,1995-09-30,36282.0
ID413,1995-12-31,40871.0
ID413,1996-03-31,45340.0
ID413,1996-06-30,38654.0
ID413,1996-09-30,43024.0
ID413,1996-12-31,42675.0
ID413,1997-03-31,48578.0
ID413,1997-06-30,37581.0
ID413,1997-09-30,40390.0
ID413,1997-12-31,43930.0
ID413,1998-03-31,48899.0
ID413,1998-06-30,35918.0
ID413,1998-09-30,41724.0
ID413,1998-12-31,50315.0
ID413,1999-03-31,50513.0
ID413,1999-06-30,37892.0
ID413,1999-09-30,45049.0
ID413,1999-12-31,42792.0
ID413,2000-03-31,38071.0
ID413,2000-06-30,32130.0
ID413,2000-09-30,37066.0
ID413,2000-12-31,42246.0
ID413,2001-03-31,43541.0
ID413,2001-06-30,35220.0
ID413,2001-09-30,42674.0
ID413,2001-12-31,48232.0
ID413,2002-03-31,50918.0
ID413,2002-06-30,39404.0
ID413,2002-09-30,44718.0
ID413,2002-12-31,46880.0
ID413,2003-03-31,50404.0
ID413,2003-06-30,33924.0
ID413,2003-09-30,43909.0
ID414,1980-03-31,146361.0
ID414,1980-06-30,80782.0
ID414,1980-09-30,85413.0
ID414,1980-12-31,152607.0
ID414,1981-03-31,144654.0
ID414,1981-06-30,87196.0
ID414,1981-09-30,91234.0
ID414,1981-12-31,154953.0
ID414,1982-03-31,139198.0
ID414,1982-06-30,91446.0
ID414,1982-09-30,96101.0
ID414,1982-12-31,154981.0
ID414,1983-03-31,145130.0
ID414,1983-06-30,91943.0
ID414,1983-09-30,104777.0
ID414,1983-12-31,166615.0
ID414,1984-03-31,155106.0
ID414,1984-06-30,111788.0
ID414,1984-09-30,112025.0
ID414,1984-12-31,188692.0
ID414,1985-03-31,184490.0
ID414,1985-06-30,132186.0
ID414,1985-09-30,131970.0
ID414,1985-12-31,220912.0
ID414,1986-03-31,204005.0
ID414,1986-06-30,137630.0
ID414,1986-09-30,142314.0
ID414,1986-12-31,249475.0
ID414,1987-03-31,233790.0
ID414,1987-06-30,158103.0
ID414,1987-09-30,167888.0
ID414,1987-12-31,284532.0
ID414,1988-03-31,244969.0
ID414,1988-06-30,161929.0
ID414,1988-09-30,183720.0
ID414,1988-12-31,274274.0
ID414,1989-03-31,247599.0
ID414,1989-06-30,168048.0
ID414,1989-09-30,197716.0
ID414,1989-12-31,287715.0
ID414,1990-03-31,279952.0
ID414,1990-06-30,190818.0
ID414,1990-09-30,205750.0
ID414,1990-12-31,299490.0
ID414,1991-03-31,271004.0
ID414,1991-06-30,176131.0
ID414,1991-09-30,209846.0
ID414,1991-12-31,306489.0
ID414,1992-03-31,307248.0
ID414,1992-06-30,199580.0
ID414,1992-09-30,220942.0
ID414,1992-12-31,327911.0
ID414,1993-03-31,338124.0
ID414,1993-06-30,218308.0
ID414,1993-09-30,232737.0
ID414,1993-12-31,367809.0
ID414,1994-03-31,394464.0
ID414,1994-06-30,240246.0
ID414,1994-09-30,273880.0
ID414,1994-12-31,413975.0
ID414,1995-03-31,414902.0
ID414,1995-06-30,264207.0
ID414,1995-09-30,290605.0
ID414,1995-12-31,439081.0
ID414,1996-03-31,447945.0
ID414,1996-06-30,293625.0
ID414,1996-09-30,307712.0
ID414,1996-12-31,479438.0
ID414,1997-03-31,470566.0
ID414,1997-06-30,283620.0
ID414,1997-09-30,303744.0
ID414,1997-12-31,439253.0
ID414,1998-03-31,438149.0
ID414,1998-06-30,277247.0
ID414,1998-09-30,302712.0
ID414,1998-12-31,466404.0
ID414,1999-03-31,470961.0
ID414,1999-06-30,298935.0
ID414,1999-09-30,330141.0
ID414,1999-12-31,507204.0
ID414,2000-03-31,512708.0
ID414,2000-06-30,340471.0
ID414,2000-09-30,362037.0
ID414,2000-12-31,571549.0
ID414,2001-03-31,574397.0
ID414,2001-06-30,376375.0
ID414,2001-09-30,412354.0
ID414,2001-12-31,546255.0
ID414,2002-03-31,620554.0
ID414,2002-06-30,377038.0
ID414,2002-09-30,421422.0
ID414,2002-12-31,626050.0
ID414,2003-03-31,636622.0
ID414,2003-06-30,364740.0
ID414,2003-09-30,428844.0
ID415,1981-03-31,42068.0
ID415,1981-06-30,323580.0
ID415,1981-09-30,496235.0
ID415,1981-12-31,102824.0
ID415,1982-03-31,37337.0
ID415,1982-06-30,355502.0
ID415,1982-09-30,538263.0
ID415,1982-12-31,91590.0
ID415,1983-03-31,35105.0
ID415,1983-06-30,321594.0
ID415,1983-09-30,453400.0
ID415,1983-12-31,78892.0
ID415,1984-03-31,29432.0
ID415,1984-06-30,346476.0
ID415,1984-09-30,562618.0
ID415,1984-12-31,104837.0
ID415,1985-03-31,35498.0
ID415,1985-06-30,443797.0
ID415,1985-09-30,719563.0
ID415,1985-12-31,130401.0
ID415,1986-03-31,41817.0
ID415,1986-06-30,542224.0
ID415,1986-09-30,814326.0
ID415,1986-12-31,193390.0
ID415,1987-03-31,33723.0
ID415,1987-06-30,670199.0
ID415,1987-09-30,1009753.0
ID415,1987-12-31,213914.0
ID415,1988-03-31,43363.0
ID415,1988-06-30,663086.0
ID415,1988-09-30,944049.0
ID415,1988-12-31,160798.0
ID415,1989-03-31,37693.0
ID415,1989-06-30,619635.0
ID415,1989-09-30,828861.0
ID415,1989-12-31,146393.0
ID415,1990-03-31,55368.0
ID415,1990-06-30,536217.0
ID415,1990-09-30,918501.0
ID415,1990-12-31,137275.0
ID415,1991-03-31,44807.0
ID415,1991-06-30,495106.0
ID415,1991-09-30,975977.0
ID415,1991-12-31,158985.0
ID415,1992-03-31,37005.0
ID415,1992-06-30,743629.0
ID415,1992-09-30,1212410.0
ID415,1992-12-31,161806.0
ID415,1993-03-31,38623.0
ID415,1993-06-30,756162.0
ID415,1993-09-30,1185376.0
ID415,1993-12-31,211186.0
ID415,1994-03-31,44905.0
ID415,1994-06-30,843286.0
ID415,1994-09-30,1276526.0
ID415,1994-12-31,253911.0
ID415,1995-03-31,48801.0
ID415,1995-06-30,781220.0
ID415,1995-09-30,1178618.0
ID415,1995-12-31,216246.0
ID415,1996-03-31,44676.0
ID415,1996-06-30,529826.0
ID415,1996-09-30,917759.0
ID415,1996-12-31,195738.0
ID416,1981-03-31,19993.0
ID416,1981-06-30,85205.0
ID416,1981-09-30,164161.0
ID416,1981-12-31,27140.0
ID416,1982-03-31,22994.0
ID416,1982-06-30,114552.0
ID416,1982-09-30,172148.0
ID416,1982-12-31,25672.0
ID416,1983-03-31,21231.0
ID416,1983-06-30,104775.0
ID416,1983-09-30,148885.0
ID416,1983-12-31,24615.0
ID416,1984-03-31,26454.0
ID416,1984-06-30,131571.0
ID416,1984-09-30,220365.0
ID416,1984-12-31,27517.0
ID416,1985-03-31,27863.0
ID416,1985-06-30,147629.0
ID416,1985-09-30,237444.0
ID416,1985-12-31,28205.0
ID416,1986-03-31,28486.0
ID416,1986-06-30,141790.0
ID416,1986-09-30,284900.0
ID416,1986-12-31,57302.0
ID416,1987-03-31,20699.0
ID416,1987-06-30,179870.0
ID416,1987-09-30,351518.0
ID416,1987-12-31,53757.0
ID416,1988-03-31,21844.0
ID416,1988-06-30,140773.0
ID416,1988-09-30,269927.0
ID416,1988-12-31,34225.0
ID416,1989-03-31,26816.0
ID416,1989-06-30,149448.0
ID416,1989-09-30,267417.0
ID416,1989-12-31,34350.0
ID416,1990-03-31,19538.0
ID416,1990-06-30,196106.0
ID416,1990-09-30,314544.0
ID416,1990-12-31,35219.0
ID416,1991-03-31,13554.0
ID416,1991-06-30,140791.0
ID416,1991-09-30,282374.0
ID416,1991-12-31,34226.0
ID416,1992-03-31,25012.0
ID416,1992-06-30,181168.0
ID416,1992-09-30,295829.0
ID416,1992-12-31,40213.0
ID416,1993-03-31,24476.0
ID416,1993-06-30,181062.0
ID416,1993-09-30,302471.0
ID416,1993-12-31,46635.0
ID416,1994-03-31,28747.0
ID416,1994-06-30,216247.0
ID416,1994-09-30,311760.0
ID416,1994-12-31,61811.0
ID416,1995-03-31,30765.0
ID416,1995-06-30,199524.0
ID416,1995-09-30,274818.0
ID416,1995-12-31,46691.0
ID416,1996-03-31,28311.0
ID416,1996-06-30,161207.0
ID416,1996-09-30,229741.0
ID416,1996-12-31,43473.0
ID417,1981-03-31,29854.0
ID417,1981-06-30,221309.0
ID417,1981-09-30,309306.0
ID417,1981-12-31,64652.0
ID417,1982-03-31,40815.0
ID417,1982-06-30,226938.0
ID417,1982-09-30,280754.0
ID417,1982-12-31,57539.0
ID417,1983-03-31,49682.0
ID417,1983-06-30,265013.0
ID417,1983-09-30,343582.0
ID417,1983-12-31,70201.0
ID417,1984-03-31,28804.0
ID417,1984-06-30,313343.0
ID417,1984-09-30,435567.0
ID417,1984-12-31,86286.0
ID417,1985-03-31,63522.0
ID417,1985-06-30,376133.0
ID417,1985-09-30,509940.0
ID417,1985-12-31,100483.0
ID417,1986-03-31,72925.0
ID417,1986-06-30,375895.0
ID417,1986-09-30,606335.0
ID417,1986-12-31,162834.0
ID417,1987-03-31,47883.0
ID417,1987-06-30,469369.0
ID417,1987-09-30,749887.0
ID417,1987-12-31,174994.0
ID417,1988-03-31,72259.0
ID417,1988-06-30,538455.0
ID417,1988-09-30,829990.0
ID417,1988-12-31,156315.0
ID417,1989-03-31,100727.0
ID417,1989-06-30,568921.0
ID417,1989-09-30,825954.0
ID417,1989-12-31,159675.0
ID417,1990-03-31,79916.0
ID417,1990-06-30,719799.0
ID417,1990-09-30,943580.0
ID417,1990-12-31,178734.0
ID417,1991-03-31,46823.0
ID417,1991-06-30,489657.0
ID417,1991-09-30,849459.0
ID417,1991-12-31,175174.0
ID417,1992-03-31,37473.0
ID417,1992-06-30,679819.0
ID417,1992-09-30,1048453.0
ID417,1992-12-31,178959.0
ID417,1993-03-31,47415.0
ID417,1993-06-30,651870.0
ID417,1993-09-30,1145318.0
ID417,1993-12-31,224776.0
ID417,1994-03-31,54286.0
ID417,1994-06-30,802247.0
ID417,1994-09-30,1280304.0
ID417,1994-12-31,267791.0
ID417,1995-03-31,55077.0
ID417,1995-06-30,805410.0
ID417,1995-09-30,1151407.0
ID417,1995-12-31,261017.0
ID417,1996-03-31,68605.0
ID417,1996-06-30,607410.0
ID417,1996-09-30,998357.0
ID417,1996-12-31,233491.0
ID418,1981-03-31,2473.0
ID418,1981-06-30,10212.0
ID418,1981-09-30,14754.0
ID418,1981-12-31,4240.0
ID418,1982-03-31,3687.0
ID418,1982-06-30,6872.0
ID418,1982-09-30,12544.0
ID418,1982-12-31,4228.0
ID418,1983-03-31,4636.0
ID418,1983-06-30,5186.0
ID418,1983-09-30,16722.0
ID418,1983-12-31,4477.0
ID418,1984-03-31,2832.0
ID418,1984-06-30,7797.0
ID418,1984-09-30,20679.0
ID418,1984-12-31,5783.0
ID418,1985-03-31,4819.0
ID418,1985-06-30,6945.0
ID418,1985-09-30,22925.0
ID418,1985-12-31,6102.0
ID418,1986-03-31,5678.0
ID418,1986-06-30,7024.0
ID418,1986-09-30,26803.0
ID418,1986-12-31,12241.0
ID418,1987-03-31,4210.0
ID418,1987-06-30,9101.0
ID418,1987-09-30,32965.0
ID418,1987-12-31,11152.0
ID418,1988-03-31,8409.0
ID418,1988-06-30,13426.0
ID418,1988-09-30,47776.0
ID418,1988-12-31,13578.0
ID418,1989-03-31,10838.0
ID418,1989-06-30,20501.0
ID418,1989-09-30,57012.0
ID418,1989-12-31,15084.0
ID418,1990-03-31,5608.0
ID418,1990-06-30,27021.0
ID418,1990-09-30,84381.0
ID418,1990-12-31,10506.0
ID418,1991-03-31,3938.0
ID418,1991-06-30,16153.0
ID418,1991-09-30,75219.0
ID418,1991-12-31,9345.0
ID418,1992-03-31,7934.0
ID418,1992-06-30,29697.0
ID418,1992-09-30,71839.0
ID418,1992-12-31,10494.0
ID418,1993-03-31,7858.0
ID418,1993-06-30,26160.0
ID418,1993-09-30,73760.0
ID418,1993-12-31,11189.0
ID418,1994-03-31,9011.0
ID418,1994-06-30,26195.0
ID418,1994-09-30,71182.0
ID418,1994-12-31,16385.0
ID418,1995-03-31,9326.0
ID418,1995-06-30,24329.0
ID418,1995-09-30,46885.0
ID418,1995-12-31,14380.0
ID418,1996-03-31,9523.0
ID418,1996-06-30,20378.0
ID418,1996-09-30,35950.0
ID418,1996-12-31,13866.0
ID419,1981-03-31,13815.0
ID419,1981-06-30,54312.0
ID419,1981-09-30,136946.0
ID419,1981-12-31,20406.0
ID419,1982-03-31,15820.0
ID419,1982-06-30,52287.0
ID419,1982-09-30,129357.0
ID419,1982-12-31,26458.0
ID419,1983-03-31,19651.0
ID419,1983-06-30,96440.0
ID419,1983-09-30,188431.0
ID419,1983-12-31,23088.0
ID419,1984-03-31,17279.0
ID419,1984-06-30,67382.0
ID419,1984-09-30,222086.0
ID419,1984-12-31,21851.0
ID419,1985-03-31,21462.0
ID419,1985-06-30,66420.0
ID419,1985-09-30,252819.0
ID419,1985-12-31,23476.0
ID419,1986-03-31,19614.0
ID419,1986-06-30,61713.0
ID419,1986-09-30,280780.0
ID419,1986-12-31,49885.0
ID419,1987-03-31,15783.0
ID419,1987-06-30,81437.0
ID419,1987-09-30,343642.0
ID419,1987-12-31,41218.0
ID419,1988-03-31,25084.0
ID419,1988-06-30,94213.0
ID419,1988-09-30,396659.0
ID419,1988-12-31,40644.0
ID419,1989-03-31,27826.0
ID419,1989-06-30,104397.0
ID419,1989-09-30,396225.0
ID419,1989-12-31,40897.0
ID419,1990-03-31,40741.0
ID419,1990-06-30,153894.0
ID419,1990-09-30,372522.0
ID419,1990-12-31,53609.0
ID419,1991-03-31,23336.0
ID419,1991-06-30,98039.0
ID419,1991-09-30,348405.0
ID419,1991-12-31,47365.0
ID419,1992-03-31,29418.0
ID419,1992-06-30,148756.0
ID419,1992-09-30,388879.0
ID419,1992-12-31,55566.0
ID419,1993-03-31,31909.0
ID419,1993-06-30,153270.0
ID419,1993-09-30,385947.0
ID419,1993-12-31,54383.0
ID419,1994-03-31,34971.0
ID419,1994-06-30,183591.0
ID419,1994-09-30,437066.0
ID419,1994-12-31,67024.0
ID419,1995-03-31,43417.0
ID419,1995-06-30,160789.0
ID419,1995-09-30,364551.0
ID419,1995-12-31,74716.0
ID419,1996-03-31,37764.0
ID419,1996-06-30,120127.0
ID419,1996-09-30,267521.0
ID419,1996-12-31,65669.0
ID42,1975-03-31,65.0
ID42,1975-06-30,121.0
ID42,1975-09-30,101.0
ID42,1975-12-31,170.0
ID42,1976-03-31,121.0
ID42,1976-06-30,154.0
ID42,1976-09-30,94.0
ID42,1976-12-31,144.0
ID42,1977-03-31,84.0
ID42,1977-06-30,159.0
ID42,1977-09-30,152.0
ID42,1977-12-31,209.0
ID42,1978-03-31,145.0
ID42,1978-06-30,145.0
ID42,1978-09-30,130.0
ID42,1978-12-31,193.0
ID42,1979-03-31,427.0
ID42,1979-06-30,262.0
ID42,1979-09-30,154.0
ID42,1979-12-31,376.0
ID42,1980-03-31,353.0
ID42,1980-06-30,244.0
ID42,1980-09-30,189.0
ID42,1980-12-31,387.0
ID42,1981-03-31,478.0
ID42,1981-06-30,449.0
ID42,1981-09-30,393.0
ID42,1981-12-31,516.0
ID42,1982-03-31,315.0
ID42,1982-06-30,595.0
ID42,1982-09-30,442.0
ID42,1982-12-31,629.0
ID42,1983-03-31,462.0
ID42,1983-06-30,441.0
ID42,1983-09-30,326.0
ID42,1983-12-31,600.0
ID42,1984-03-31,400.0
ID42,1984-06-30,800.0
ID42,1984-09-30,500.0
ID42,1984-12-31,800.0
ID42,1985-03-31,700.0
ID42,1985-06-30,700.0
ID42,1985-09-30,500.0
ID42,1985-12-31,800.0
ID42,1986-03-31,700.0
ID42,1986-06-30,1000.0
ID42,1986-09-30,900.0
ID42,1986-12-31,1300.0
ID42,1987-03-31,1000.0
ID42,1987-06-30,1500.0
ID42,1987-09-30,700.0
ID42,1987-12-31,1000.0
ID42,1988-03-31,900.0
ID42,1988-06-30,1800.0
ID42,1988-09-30,1000.0
ID42,1988-12-31,1200.0
ID42,1989-03-31,1000.0
ID42,1989-06-30,900.0
ID42,1989-09-30,600.0
ID42,1989-12-31,800.0
ID42,1990-03-31,700.0
ID42,1990-06-30,1300.0
ID42,1990-09-30,900.0
ID42,1990-12-31,1100.0
ID42,1991-03-31,1000.0
ID42,1991-06-30,1300.0
ID42,1991-09-30,800.0
ID42,1991-12-31,1500.0
ID42,1992-03-31,800.0
ID42,1992-06-30,1700.0
ID42,1992-09-30,700.0
ID42,1992-12-31,1300.0
ID42,1993-03-31,900.0
ID42,1993-06-30,2000.0
ID42,1993-09-30,600.0
ID42,1993-12-31,1400.0
ID42,1994-03-31,1600.0
ID42,1994-06-30,2400.0
ID42,1994-09-30,1500.0
ID42,1994-12-31,1900.0
ID42,1995-03-31,1130.0
ID42,1995-06-30,3372.0
ID42,1995-09-30,1579.0
ID42,1995-12-31,2875.0
ID42,1996-03-31,2280.0
ID42,1996-06-30,4606.0
ID42,1996-09-30,1878.0
ID42,1996-12-31,3500.0
ID42,1997-03-31,3785.0
ID42,1997-06-30,4212.0
ID42,1997-09-30,2784.0
ID42,1997-12-31,3512.0
ID42,1998-03-31,1604.0
ID42,1998-06-30,3872.0
ID42,1998-09-30,1495.0
ID42,1998-12-31,3156.0
ID420,1981-03-31,1716.0
ID420,1981-06-30,32972.0
ID420,1981-09-30,53554.0
ID420,1981-12-31,7830.0
ID420,1982-03-31,2329.0
ID420,1982-06-30,45774.0
ID420,1982-09-30,74390.0
ID420,1982-12-31,9867.0
ID420,1983-03-31,3318.0
ID420,1983-06-30,41613.0
ID420,1983-09-30,79804.0
ID420,1983-12-31,5873.0
ID420,1984-03-31,1281.0
ID420,1984-06-30,40261.0
ID420,1984-09-30,58561.0
ID420,1984-12-31,6505.0
ID420,1985-03-31,2220.0
ID420,1985-06-30,52617.0
ID420,1985-09-30,80179.0
ID420,1985-12-31,9136.0
ID420,1986-03-31,4129.0
ID420,1986-06-30,67757.0
ID420,1986-09-30,76725.0
ID420,1986-12-31,8280.0
ID420,1987-03-31,1124.0
ID420,1987-06-30,52481.0
ID420,1987-09-30,65830.0
ID420,1987-12-31,7552.0
ID420,1988-03-31,1877.0
ID420,1988-06-30,40834.0
ID420,1988-09-30,55565.0
ID420,1988-12-31,5574.0
ID420,1989-03-31,1809.0
ID420,1989-06-30,25332.0
ID420,1989-09-30,37214.0
ID420,1989-12-31,5077.0
ID420,1990-03-31,1294.0
ID420,1990-06-30,30762.0
ID420,1990-09-30,55648.0
ID420,1990-12-31,4051.0
ID420,1991-03-31,886.0
ID420,1991-06-30,22161.0
ID420,1991-09-30,40655.0
ID420,1991-12-31,4694.0
ID420,1992-03-31,1181.0
ID420,1992-06-30,31315.0
ID420,1992-09-30,56685.0
ID420,1992-12-31,6717.0
ID420,1993-03-31,1184.0
ID420,1993-06-30,33617.0
ID420,1993-09-30,60513.0
ID420,1993-12-31,7138.0
ID420,1994-03-31,1225.0
ID420,1994-06-30,47201.0
ID420,1994-09-30,82279.0
ID420,1994-12-31,12552.0
ID420,1995-03-31,1589.0
ID420,1995-06-30,45492.0
ID420,1995-09-30,87195.0
ID420,1995-12-31,7737.0
ID420,1996-03-31,2793.0
ID420,1996-06-30,55255.0
ID420,1996-09-30,91708.0
ID420,1996-12-31,7966.0
ID421,1981-03-31,5654.0
ID421,1981-06-30,58523.0
ID421,1981-09-30,89815.0
ID421,1981-12-31,16010.0
ID421,1982-03-31,4904.0
ID421,1982-06-30,49611.0
ID421,1982-09-30,71387.0
ID421,1982-12-31,13384.0
ID421,1983-03-31,6501.0
ID421,1983-06-30,49118.0
ID421,1983-09-30,84793.0
ID421,1983-12-31,13260.0
ID421,1984-03-31,4712.0
ID421,1984-06-30,66942.0
ID421,1984-09-30,99898.0
ID421,1984-12-31,21327.0
ID421,1985-03-31,7668.0
ID421,1985-06-30,100489.0
ID421,1985-09-30,143096.0
ID421,1985-12-31,29056.0
ID421,1986-03-31,14040.0
ID421,1986-06-30,111143.0
ID421,1986-09-30,148433.0
ID421,1986-12-31,39797.0
ID421,1987-03-31,10490.0
ID421,1987-06-30,139480.0
ID421,1987-09-30,184958.0
ID421,1987-12-31,43408.0
ID421,1988-03-31,13515.0
ID421,1988-06-30,135714.0
ID421,1988-09-30,175287.0
ID421,1988-12-31,32828.0
ID421,1989-03-31,18975.0
ID421,1989-06-30,163522.0
ID421,1989-09-30,206986.0
ID421,1989-12-31,39090.0
ID421,1990-03-31,10221.0
ID421,1990-06-30,170141.0
ID421,1990-09-30,269844.0
ID421,1990-12-31,45493.0
ID421,1991-03-31,8261.0
ID421,1991-06-30,136408.0
ID421,1991-09-30,259461.0
ID421,1991-12-31,45935.0
ID421,1992-03-31,5593.0
ID421,1992-06-30,184504.0
ID421,1992-09-30,304598.0
ID421,1992-12-31,51492.0
ID421,1993-03-31,8230.0
ID421,1993-06-30,154565.0
ID421,1993-09-30,290037.0
ID421,1993-12-31,58040.0
ID421,1994-03-31,9665.0
ID421,1994-06-30,180528.0
ID421,1994-09-30,307164.0
ID421,1994-12-31,59236.0
ID421,1995-03-31,11777.0
ID421,1995-06-30,180985.0
ID421,1995-09-30,261960.0
ID421,1995-12-31,50894.0
ID421,1996-03-31,15904.0
ID421,1996-06-30,150717.0
ID421,1996-09-30,235996.0
ID421,1996-12-31,49562.0
ID422,1981-03-31,4240.0
ID422,1981-06-30,99575.0
ID422,1981-09-30,126626.0
ID422,1981-12-31,21705.0
ID422,1982-03-31,4938.0
ID422,1982-06-30,112814.0
ID422,1982-09-30,127854.0
ID422,1982-12-31,22328.0
ID422,1983-03-31,6142.0
ID422,1983-06-30,75530.0
ID422,1983-09-30,93789.0
ID422,1983-12-31,14460.0
ID422,1984-03-31,3604.0
ID422,1984-06-30,85075.0
ID422,1984-09-30,92017.0
ID422,1984-12-31,13660.0
ID422,1985-03-31,5607.0
ID422,1985-06-30,92633.0
ID422,1985-09-30,109014.0
ID422,1985-12-31,16702.0
ID422,1986-03-31,8108.0
ID422,1986-06-30,104491.0
ID422,1986-09-30,119761.0
ID422,1986-12-31,16396.0
ID422,1987-03-31,3939.0
ID422,1987-06-30,102839.0
ID422,1987-09-30,115854.0
ID422,1987-12-31,22412.0
ID422,1988-03-31,6743.0
ID422,1988-06-30,103794.0
ID422,1988-09-30,135844.0
ID422,1988-12-31,19652.0
ID422,1989-03-31,4893.0
ID422,1989-06-30,113598.0
ID422,1989-09-30,124908.0
ID422,1989-12-31,18400.0
ID422,1990-03-31,4217.0
ID422,1990-06-30,105134.0
ID422,1990-09-30,132892.0
ID422,1990-12-31,17426.0
ID422,1991-03-31,2799.0
ID422,1991-06-30,101650.0
ID422,1991-09-30,137923.0
ID422,1991-12-31,19574.0
ID422,1992-03-31,3333.0
ID422,1992-06-30,123795.0
ID422,1992-09-30,161231.0
ID422,1992-12-31,25892.0
ID422,1993-03-31,3997.0
ID422,1993-06-30,113885.0
ID422,1993-09-30,166223.0
ID422,1993-12-31,32925.0
ID422,1994-03-31,3295.0
ID422,1994-06-30,147165.0
ID422,1994-09-30,197729.0
ID422,1994-12-31,39450.0
ID422,1995-03-31,3971.0
ID422,1995-06-30,177724.0
ID422,1995-09-30,234337.0
ID422,1995-12-31,43244.0
ID422,1996-03-31,7774.0
ID422,1996-06-30,162557.0
ID422,1996-09-30,240273.0
ID422,1996-12-31,37653.0
ID423,1981-03-31,2564.0
ID423,1981-06-30,39600.0
ID423,1981-09-30,46185.0
ID423,1981-12-31,8278.0
ID423,1982-03-31,2804.0
ID423,1982-06-30,37367.0
ID423,1982-09-30,47022.0
ID423,1982-12-31,10223.0
ID423,1983-03-31,3521.0
ID423,1983-06-30,36450.0
ID423,1983-09-30,42303.0
ID423,1983-12-31,10437.0
ID423,1984-03-31,5360.0
ID423,1984-06-30,54596.0
ID423,1984-09-30,58688.0
ID423,1984-12-31,15520.0
ID423,1985-03-31,5115.0
ID423,1985-06-30,55702.0
ID423,1985-09-30,64424.0
ID423,1985-12-31,16448.0
ID423,1986-03-31,6643.0
ID423,1986-06-30,69266.0
ID423,1986-09-30,74071.0
ID423,1986-12-31,16912.0
ID423,1987-03-31,3933.0
ID423,1987-06-30,72790.0
ID423,1987-09-30,83008.0
ID423,1987-12-31,20522.0
ID423,1988-03-31,4668.0
ID423,1988-06-30,83636.0
ID423,1988-09-30,96149.0
ID423,1988-12-31,20489.0
ID423,1989-03-31,7558.0
ID423,1989-06-30,101966.0
ID423,1989-09-30,119949.0
ID423,1989-12-31,25898.0
ID423,1990-03-31,2675.0
ID423,1990-06-30,97102.0
ID423,1990-09-30,113316.0
ID423,1990-12-31,24927.0
ID423,1991-03-31,2166.0
ID423,1991-06-30,79472.0
ID423,1991-09-30,110742.0
ID423,1991-12-31,23751.0
ID423,1992-03-31,1996.0
ID423,1992-06-30,76798.0
ID423,1992-09-30,71702.0
ID423,1992-12-31,21603.0
ID423,1993-03-31,1552.0
ID423,1993-06-30,49378.0
ID423,1993-09-30,47780.0
ID423,1993-12-31,17808.0
ID423,1994-03-31,1523.0
ID423,1994-06-30,54510.0
ID423,1994-09-30,58866.0
ID423,1994-12-31,22535.0
ID423,1995-03-31,1721.0
ID423,1995-06-30,24916.0
ID423,1995-09-30,57811.0
ID423,1995-12-31,18105.0
ID423,1996-03-31,1394.0
ID423,1996-06-30,38384.0
ID423,1996-09-30,65224.0
ID423,1996-12-31,15835.0
ID424,1981-03-31,17905.0
ID424,1981-06-30,19490.0
ID424,1981-09-30,18861.0
ID424,1981-12-31,18898.0
ID424,1982-03-31,24355.0
ID424,1982-06-30,14838.0
ID424,1982-09-30,17970.0
ID424,1982-12-31,17639.0
ID424,1983-03-31,26695.0
ID424,1983-06-30,13539.0
ID424,1983-09-30,22078.0
ID424,1983-12-31,19717.0
ID424,1984-03-31,31177.0
ID424,1984-06-30,15940.0
ID424,1984-09-30,18507.0
ID424,1984-12-31,20852.0
ID424,1985-03-31,29828.0
ID424,1985-06-30,19582.0
ID424,1985-09-30,21660.0
ID424,1985-12-31,21732.0
ID424,1986-03-31,34257.0
ID424,1986-06-30,17184.0
ID424,1986-09-30,17161.0
ID424,1986-12-31,16473.0
ID424,1987-03-31,30752.0
ID424,1987-06-30,16116.0
ID424,1987-09-30,15683.0
ID424,1987-12-31,19305.0
ID424,1988-03-31,32390.0
ID424,1988-06-30,19920.0
ID424,1988-09-30,20639.0
ID424,1988-12-31,18873.0
ID424,1989-03-31,38834.0
ID424,1989-06-30,20262.0
ID424,1989-09-30,23962.0
ID424,1989-12-31,20868.0
ID424,1990-03-31,43817.0
ID424,1990-06-30,23140.0
ID424,1990-09-30,21841.0
ID424,1990-12-31,18896.0
ID424,1991-03-31,8122.0
ID424,1991-06-30,9122.0
ID424,1991-09-30,17913.0
ID424,1991-12-31,22745.0
ID424,1992-03-31,41354.0
ID424,1992-06-30,20967.0
ID424,1992-09-30,20799.0
ID424,1992-12-31,26560.0
ID424,1993-03-31,30854.0
ID424,1993-06-30,15303.0
ID424,1993-09-30,20431.0
ID424,1993-12-31,23319.0
ID424,1994-03-31,32406.0
ID424,1994-06-30,23043.0
ID424,1994-09-30,20738.0
ID424,1994-12-31,19180.0
ID424,1995-03-31,32200.0
ID424,1995-06-30,18412.0
ID424,1995-09-30,18596.0
ID424,1995-12-31,20249.0
ID424,1996-03-31,31535.0
ID424,1996-06-30,15839.0
ID424,1996-09-30,19897.0
ID424,1996-12-31,19864.0
ID425,1981-03-31,36220.0
ID425,1981-06-30,110070.0
ID425,1981-09-30,121228.0
ID425,1981-12-31,53563.0
ID425,1982-03-31,35233.0
ID425,1982-06-30,110550.0
ID425,1982-09-30,132094.0
ID425,1982-12-31,55203.0
ID425,1983-03-31,40090.0
ID425,1983-06-30,129035.0
ID425,1983-09-30,168100.0
ID425,1983-12-31,69662.0
ID425,1984-03-31,46620.0
ID425,1984-06-30,159895.0
ID425,1984-09-30,184121.0
ID425,1984-12-31,84209.0
ID425,1985-03-31,55337.0
ID425,1985-06-30,191906.0
ID425,1985-09-30,160885.0
ID425,1985-12-31,58027.0
ID425,1986-03-31,30359.0
ID425,1986-06-30,61180.0
ID425,1986-09-30,81167.0
ID425,1986-12-31,31961.0
ID425,1987-03-31,26739.0
ID425,1987-06-30,75941.0
ID425,1987-09-30,82963.0
ID425,1987-12-31,31234.0
ID425,1988-03-31,27852.0
ID425,1988-06-30,84208.0
ID425,1988-09-30,103680.0
ID425,1988-12-31,58980.0
ID425,1989-03-31,31619.0
ID425,1989-06-30,95354.0
ID425,1989-09-30,110555.0
ID425,1989-12-31,41328.0
ID425,1990-03-31,29875.0
ID425,1990-06-30,99593.0
ID425,1990-09-30,110164.0
ID425,1990-12-31,34217.0
ID425,1991-03-31,16645.0
ID425,1991-06-30,48451.0
ID425,1991-09-30,80453.0
ID425,1991-12-31,34880.0
ID425,1992-03-31,31030.0
ID425,1992-06-30,88076.0
ID425,1992-09-30,108457.0
ID425,1992-12-31,51378.0
ID425,1993-03-31,25632.0
ID425,1993-06-30,82791.0
ID425,1993-09-30,97222.0
ID425,1993-12-31,51074.0
ID425,1994-03-31,29746.0
ID425,1994-06-30,87757.0
ID425,1994-09-30,99942.0
ID425,1994-12-31,53332.0
ID425,1995-03-31,29684.0
ID425,1995-06-30,76257.0
ID425,1995-09-30,87597.0
ID425,1995-12-31,46146.0
ID425,1996-03-31,27792.0
ID425,1996-06-30,75067.0
ID425,1996-09-30,75614.0
ID425,1996-12-31,43657.0
ID426,1981-03-31,13462.0
ID426,1981-06-30,36300.0
ID426,1981-09-30,36878.0
ID426,1981-12-31,14182.0
ID426,1982-03-31,11765.0
ID426,1982-06-30,26560.0
ID426,1982-09-30,35590.0
ID426,1982-12-31,11971.0
ID426,1983-03-31,10472.0
ID426,1983-06-30,26223.0
ID426,1983-09-30,33898.0
ID426,1983-12-31,12637.0
ID426,1984-03-31,11220.0
ID426,1984-06-30,32897.0
ID426,1984-09-30,34364.0
ID426,1984-12-31,18472.0
ID426,1985-03-31,14270.0
ID426,1985-06-30,41029.0
ID426,1985-09-30,43889.0
ID426,1985-12-31,22706.0
ID426,1986-03-31,16710.0
ID426,1986-06-30,42254.0
ID426,1986-09-30,39021.0
ID426,1986-12-31,18287.0
ID426,1987-03-31,14324.0
ID426,1987-06-30,31376.0
ID426,1987-09-30,27083.0
ID426,1987-12-31,16806.0
ID426,1988-03-31,12132.0
ID426,1988-06-30,30010.0
ID426,1988-09-30,38325.0
ID426,1988-12-31,20237.0
ID426,1989-03-31,15858.0
ID426,1989-06-30,35860.0
ID426,1989-09-30,43378.0
ID426,1989-12-31,18152.0
ID426,1990-03-31,15008.0
ID426,1990-06-30,37096.0
ID426,1990-09-30,34970.0
ID426,1990-12-31,14068.0
ID426,1991-03-31,7090.0
ID426,1991-06-30,19857.0
ID426,1991-09-30,25867.0
ID426,1991-12-31,13752.0
ID426,1992-03-31,9420.0
ID426,1992-06-30,21600.0
ID426,1992-09-30,25717.0
ID426,1992-12-31,12921.0
ID426,1993-03-31,6960.0
ID426,1993-06-30,16707.0
ID426,1993-09-30,21810.0
ID426,1993-12-31,10587.0
ID426,1994-03-31,7768.0
ID426,1994-06-30,21834.0
ID426,1994-09-30,22998.0
ID426,1994-12-31,8956.0
ID426,1995-03-31,7549.0
ID426,1995-06-30,17488.0
ID426,1995-09-30,21049.0
ID426,1995-12-31,8367.0
ID426,1996-03-31,7936.0
ID426,1996-06-30,20250.0
ID426,1996-09-30,18643.0
ID426,1996-12-31,7482.0
ID43,1975-03-31,177.0
ID43,1975-06-30,148.0
ID43,1975-09-30,238.0
ID43,1975-12-31,159.0
ID43,1976-03-31,184.0
ID43,1976-06-30,157.0
ID43,1976-09-30,190.0
ID43,1976-12-31,298.0
ID43,1977-03-31,237.0
ID43,1977-06-30,233.0
ID43,1977-09-30,219.0
ID43,1977-12-31,234.0
ID43,1978-03-31,241.0
ID43,1978-06-30,314.0
ID43,1978-09-30,272.0
ID43,1978-12-31,370.0
ID43,1979-03-31,274.0
ID43,1979-06-30,358.0
ID43,1979-09-30,265.0
ID43,1979-12-31,255.0
ID43,1980-03-31,356.0
ID43,1980-06-30,391.0
ID43,1980-09-30,387.0
ID43,1980-12-31,320.0
ID43,1981-03-31,448.0
ID43,1981-06-30,470.0
ID43,1981-09-30,412.0
ID43,1981-12-31,425.0
ID43,1982-03-31,341.0
ID43,1982-06-30,222.0
ID43,1982-09-30,427.0
ID43,1982-12-31,292.0
ID43,1983-03-31,215.0
ID43,1983-06-30,317.0
ID43,1983-09-30,378.0
ID43,1983-12-31,200.0
ID43,1984-03-31,300.0
ID43,1984-06-30,300.0
ID43,1984-09-30,300.0
ID43,1984-12-31,300.0
ID43,1985-03-31,300.0
ID43,1985-06-30,400.0
ID43,1985-09-30,500.0
ID43,1985-12-31,400.0
ID43,1986-03-31,400.0
ID43,1986-06-30,400.0
ID43,1986-09-30,400.0
ID43,1986-12-31,500.0
ID43,1987-03-31,400.0
ID43,1987-06-30,500.0
ID43,1987-09-30,600.0
ID43,1987-12-31,300.0
ID43,1988-03-31,500.0
ID43,1988-06-30,800.0
ID43,1988-09-30,700.0
ID43,1988-12-31,600.0
ID43,1989-03-31,500.0
ID43,1989-06-30,700.0
ID43,1989-09-30,500.0
ID43,1989-12-31,500.0
ID43,1990-03-31,500.0
ID43,1990-06-30,700.0
ID43,1990-09-30,800.0
ID43,1990-12-31,500.0
ID43,1991-03-31,700.0
ID43,1991-06-30,1000.0
ID43,1991-09-30,600.0
ID43,1991-12-31,600.0
ID43,1992-03-31,600.0
ID43,1992-06-30,800.0
ID43,1992-09-30,600.0
ID43,1992-12-31,700.0
ID43,1993-03-31,600.0
ID43,1993-06-30,1100.0
ID43,1993-09-30,800.0
ID43,1993-12-31,600.0
ID43,1994-03-31,700.0
ID43,1994-06-30,1200.0
ID43,1994-09-30,1100.0
ID43,1994-12-31,1000.0
ID43,1995-03-31,1008.0
ID43,1995-06-30,1036.0
ID43,1995-09-30,1797.0
ID43,1995-12-31,999.0
ID43,1996-03-31,1294.0
ID43,1996-06-30,1562.0
ID43,1996-09-30,1756.0
ID43,1996-12-31,1572.0
ID43,1997-03-31,1522.0
ID43,1997-06-30,2113.0
ID43,1997-09-30,1940.0
ID43,1997-12-31,1826.0
ID43,1998-03-31,1602.0
ID43,1998-06-30,1399.0
ID43,1998-09-30,1294.0
ID43,1998-12-31,2127.0
ID44,1975-03-31,614.0
ID44,1975-06-30,546.0
ID44,1975-09-30,711.0
ID44,1975-12-31,760.0
ID44,1976-03-31,574.0
ID44,1976-06-30,601.0
ID44,1976-09-30,576.0
ID44,1976-12-31,850.0
ID44,1977-03-31,673.0
ID44,1977-06-30,837.0
ID44,1977-09-30,601.0
ID44,1977-12-31,893.0
ID44,1978-03-31,889.0
ID44,1978-06-30,906.0
ID44,1978-09-30,774.0
ID44,1978-12-31,1148.0
ID44,1979-03-31,1087.0
ID44,1979-06-30,1146.0
ID44,1979-09-30,899.0
ID44,1979-12-31,1086.0
ID44,1980-03-31,1297.0
ID44,1980-06-30,1257.0
ID44,1980-09-30,1086.0
ID44,1980-12-31,1262.0
ID44,1981-03-31,1767.0
ID44,1981-06-30,1778.0
ID44,1981-09-30,1491.0
ID44,1981-12-31,1943.0
ID44,1982-03-31,1304.0
ID44,1982-06-30,1938.0
ID44,1982-09-30,1824.0
ID44,1982-12-31,1977.0
ID44,1983-03-31,1605.0
ID44,1983-06-30,1722.0
ID44,1983-09-30,1563.0
ID44,1983-12-31,1800.0
ID44,1984-03-31,1800.0
ID44,1984-06-30,2200.0
ID44,1984-09-30,1900.0
ID44,1984-12-31,2400.0
ID44,1985-03-31,2400.0
ID44,1985-06-30,2400.0
ID44,1985-09-30,2000.0
ID44,1985-12-31,2500.0
ID44,1986-03-31,2200.0
ID44,1986-06-30,2900.0
ID44,1986-09-30,2600.0
ID44,1986-12-31,3500.0
ID44,1987-03-31,3000.0
ID44,1987-06-30,3700.0
ID44,1987-09-30,2600.0
ID44,1987-12-31,2900.0
ID44,1988-03-31,2700.0
ID44,1988-06-30,4300.0
ID44,1988-09-30,3200.0
ID44,1988-12-31,3200.0
ID44,1989-03-31,2900.0
ID44,1989-06-30,3200.0
ID44,1989-09-30,2300.0
ID44,1989-12-31,2600.0
ID44,1990-03-31,3100.0
ID44,1990-06-30,3700.0
ID44,1990-09-30,3200.0
ID44,1990-12-31,3500.0
ID44,1991-03-31,3800.0
ID44,1991-06-30,4400.0
ID44,1991-09-30,3200.0
ID44,1991-12-31,4400.0
ID44,1992-03-31,3900.0
ID44,1992-06-30,4600.0
ID44,1992-09-30,3400.0
ID44,1992-12-31,4200.0
ID44,1993-03-31,4100.0
ID44,1993-06-30,6100.0
ID44,1993-09-30,3500.0
ID44,1993-12-31,4200.0
ID44,1994-03-31,4900.0
ID44,1994-06-30,6600.0
ID44,1994-09-30,4400.0
ID44,1994-12-31,5700.0
ID44,1995-03-31,4909.0
ID44,1995-06-30,8362.0
ID44,1995-09-30,6324.0
ID44,1995-12-31,7357.0
ID44,1996-03-31,7117.0
ID44,1996-06-30,10132.0
ID44,1996-09-30,6810.0
ID44,1996-12-31,9513.0
ID44,1997-03-31,10059.0
ID44,1997-06-30,11751.0
ID44,1997-09-30,9360.0
ID44,1997-12-31,9889.0
ID44,1998-03-31,7974.0
ID44,1998-06-30,10176.0
ID44,1998-09-30,7369.0
ID44,1998-12-31,9868.0
ID45,1992-03-31,1454893.0
ID45,1992-06-30,1505575.0
ID45,1992-09-30,1681516.0
ID45,1992-12-31,1527301.0
ID45,1993-03-31,1521838.0
ID45,1993-06-30,1507014.0
ID45,1993-09-30,1610297.0
ID45,1993-12-31,1424793.0
ID45,1994-03-31,1484134.0
ID45,1994-06-30,1527104.0
ID45,1994-09-30,1573374.0
ID45,1994-12-31,1502784.0
ID45,1995-03-31,1460685.0
ID45,1995-06-30,1411019.0
ID45,1995-09-30,1450856.0
ID45,1995-12-31,1294932.0
ID45,1996-03-31,1317232.0
ID45,1996-06-30,1310012.0
ID45,1996-09-30,1397715.0
ID45,1996-12-31,1180658.0
ID45,1997-03-31,1221176.0
ID45,1997-06-30,1030785.0
ID45,1997-09-30,1059907.0
ID45,1997-12-31,1087723.0
ID45,1998-03-31,1251052.0
ID45,1998-06-30,1110049.0
ID45,1998-09-30,1103201.0
ID45,1998-12-31,1049175.0
ID45,1999-03-31,1018349.0
ID45,1999-06-30,1008373.0
ID46,1992-03-31,129023.0
ID46,1992-06-30,118791.0
ID46,1992-09-30,107035.0
ID46,1992-12-31,100983.0
ID46,1993-03-31,94975.0
ID46,1993-06-30,89841.0
ID46,1993-09-30,85569.0
ID46,1993-12-31,93638.0
ID46,1994-03-31,96767.0
ID46,1994-06-30,94219.0
ID46,1994-09-30,91302.0
ID46,1994-12-31,96969.0
ID46,1995-03-31,89833.0
ID46,1995-06-30,93058.0
ID46,1995-09-30,114733.0
ID46,1995-12-31,118544.0
ID46,1996-03-31,121110.0
ID46,1996-06-30,123985.0
ID46,1996-09-30,133620.0
ID46,1996-12-31,137287.0
ID46,1997-03-31,124199.0
ID46,1997-06-30,78661.0
ID46,1997-09-30,45362.0
ID46,1997-12-31,42786.0
ID46,1998-03-31,34799.0
ID46,1998-06-30,42397.0
ID46,1998-09-30,51798.0
ID46,1998-12-31,38170.0
ID46,1999-03-31,38850.0
ID46,1999-06-30,36931.0
ID47,1992-03-31,21520.0
ID47,1992-06-30,13880.0
ID47,1992-09-30,15200.0
ID47,1992-12-31,16389.0
ID47,1993-03-31,23033.0
ID47,1993-06-30,14787.0
ID47,1993-09-30,17014.0
ID47,1993-12-31,18830.0
ID47,1994-03-31,28366.0
ID47,1994-06-30,18806.0
ID47,1994-09-30,19101.0
ID47,1994-12-31,17086.0
ID47,1995-03-31,25629.0
ID47,1995-06-30,16456.0
ID47,1995-09-30,22101.0
ID47,1995-12-31,22328.0
ID47,1996-03-31,35043.0
ID47,1996-06-30,26095.0
ID47,1996-09-30,33476.0
ID47,1996-12-31,27709.0
ID47,1997-03-31,35457.0
ID47,1997-06-30,24341.0
ID47,1997-09-30,19500.0
ID47,1997-12-31,12878.0
ID47,1998-03-31,4965.0
ID47,1998-06-30,5933.0
ID47,1998-09-30,6485.0
ID47,1998-12-31,6322.0
ID47,1999-03-31,7390.0
ID47,1999-06-30,7560.0
ID48,1992-03-31,6629.0
ID48,1992-06-30,11590.0
ID48,1992-09-30,9878.0
ID48,1992-12-31,9884.0
ID48,1993-03-31,8234.0
ID48,1993-06-30,9597.0
ID48,1993-09-30,9051.0
ID48,1993-12-31,9430.0
ID48,1994-03-31,9259.0
ID48,1994-06-30,11527.0
ID48,1994-09-30,11064.0
ID48,1994-12-31,10846.0
ID48,1995-03-31,10172.0
ID48,1995-06-30,11777.0
ID48,1995-09-30,10984.0
ID48,1995-12-31,10827.0
ID48,1996-03-31,10125.0
ID48,1996-06-30,11520.0
ID48,1996-09-30,10568.0
ID48,1996-12-31,10524.0
ID48,1997-03-31,10521.0
ID48,1997-06-30,11089.0
ID48,1997-09-30,7948.0
ID48,1997-12-31,8558.0
ID48,1998-03-31,7373.0
ID48,1998-06-30,8973.0
ID48,1998-09-30,9377.0
ID48,1998-12-31,8896.0
ID48,1999-03-31,8351.0
ID48,1999-06-30,9825.0
ID49,1992-03-31,49518.0
ID49,1992-06-30,52023.0
ID49,1992-09-30,70804.0
ID49,1992-12-31,64944.0
ID49,1993-03-31,73476.0
ID49,1993-06-30,63617.0
ID49,1993-09-30,77986.0
ID49,1993-12-31,56963.0
ID49,1994-03-31,64798.0
ID49,1994-06-30,53507.0
ID49,1994-09-30,66684.0
ID49,1994-12-31,59252.0
ID49,1995-03-31,72979.0
ID49,1995-06-30,61221.0
ID49,1995-09-30,71571.0
ID49,1995-12-31,74312.0
ID49,1996-03-31,132209.0
ID49,1996-06-30,170558.0
ID49,1996-09-30,225753.0
ID49,1996-12-31,230243.0
ID49,1997-03-31,217994.0
ID49,1997-06-30,267322.0
ID49,1997-09-30,208440.0
ID49,1997-12-31,212984.0
ID49,1998-03-31,186195.0
ID49,1998-06-30,194222.0
ID49,1998-09-30,225811.0
ID49,1998-12-31,215966.0
ID49,1999-03-31,210893.0
ID49,1999-06-30,270206.0
ID5,1985-03-31,43990.0
ID5,1985-06-30,41937.0
ID5,1985-09-30,42313.0
ID5,1985-12-31,59666.0
ID5,1986-03-31,48912.0
ID5,1986-06-30,48535.0
ID5,1986-09-30,47383.0
ID5,1986-12-31,69874.0
ID5,1987-03-31,58734.0
ID5,1987-06-30,57696.0
ID5,1987-09-30,56845.0
ID5,1987-12-31,78516.0
ID5,1988-03-31,69841.0
ID5,1988-06-30,62874.0
ID5,1988-09-30,66415.0
ID5,1988-12-31,86460.0
ID5,1989-03-31,70544.0
ID5,1989-06-30,63988.0
ID5,1989-09-30,56704.0
ID5,1989-12-31,78480.0
ID5,1990-03-31,67172.0
ID5,1990-06-30,61469.0
ID5,1990-09-30,63532.0
ID5,1990-12-31,87160.0
ID5,1991-03-31,65748.0
ID5,1991-06-30,62499.0
ID5,1991-09-30,62879.0
ID5,1991-12-31,84500.0
ID5,1992-03-31,69799.0
ID5,1992-06-30,73731.0
ID5,1992-09-30,74337.0
ID5,1992-12-31,96364.0
ID5,1993-03-31,78790.0
ID5,1993-06-30,76726.0
ID5,1993-09-30,80906.0
ID5,1993-12-31,102740.0
ID5,1994-03-31,91893.0
ID5,1994-06-30,85939.0
ID5,1994-09-30,90368.0
ID5,1994-12-31,111377.0
ID5,1995-03-31,91786.0
ID5,1995-06-30,83245.0
ID5,1995-09-30,83998.0
ID5,1995-12-31,101516.0
ID5,1996-03-31,113950.0
ID5,1996-06-30,108426.0
ID5,1996-09-30,99835.0
ID5,1996-12-31,122478.0
ID5,1997-03-31,125873.0
ID5,1997-06-30,100591.0
ID5,1997-09-30,57696.0
ID5,1997-12-31,85412.0
ID5,1998-03-31,98455.0
ID5,1998-06-30,81254.0
ID5,1998-09-30,73937.0
ID5,1998-12-31,99189.0
ID5,1999-03-31,85194.0
ID5,1999-06-30,73867.0
ID5,1999-09-30,75079.0
ID5,1999-12-31,99833.0
ID5,2000-03-31,89740.0
ID5,2000-06-30,88725.0
ID5,2000-09-30,80351.0
ID5,2000-12-31,109122.0
ID5,2001-03-31,94996.0
ID5,2001-06-30,85422.0
ID5,2001-09-30,79205.0
ID5,2001-12-31,100958.0
ID5,2002-03-31,97112.0
ID5,2002-06-30,85785.0
ID5,2002-09-30,82443.0
ID5,2002-12-31,114625.0
ID50,1992-03-31,22559.0
ID50,1992-06-30,25908.0
ID50,1992-09-30,28067.0
ID50,1992-12-31,30110.0
ID50,1993-03-31,23293.0
ID50,1993-06-30,25201.0
ID50,1993-09-30,27853.0
ID50,1993-12-31,29391.0
ID50,1994-03-31,24474.0
ID50,1994-06-30,25912.0
ID50,1994-09-30,27898.0
ID50,1994-12-31,30355.0
ID50,1995-03-31,24799.0
ID50,1995-06-30,25939.0
ID50,1995-09-30,28751.0
ID50,1995-12-31,30059.0
ID50,1996-03-31,25734.0
ID50,1996-06-30,27176.0
ID50,1996-09-30,33527.0
ID50,1996-12-31,35548.0
ID50,1997-03-31,39385.0
ID50,1997-06-30,26247.0
ID50,1997-09-30,18438.0
ID50,1997-12-31,20128.0
ID50,1998-03-31,18819.0
ID50,1998-06-30,15417.0
ID50,1998-09-30,43627.0
ID50,1998-12-31,22558.0
ID50,1999-03-31,68240.0
ID50,1999-06-30,59125.0
ID51,1992-03-31,19601.0
ID51,1992-06-30,23474.0
ID51,1992-09-30,20629.0
ID51,1992-12-31,27050.0
ID51,1993-03-31,22470.0
ID51,1993-06-30,21519.0
ID51,1993-09-30,20704.0
ID51,1993-12-31,28555.0
ID51,1994-03-31,22968.0
ID51,1994-06-30,24385.0
ID51,1994-09-30,23033.0
ID51,1994-12-31,27849.0
ID51,1995-03-31,21045.0
ID51,1995-06-30,23641.0
ID51,1995-09-30,21971.0
ID51,1995-12-31,27330.0
ID51,1996-03-31,22169.0
ID51,1996-06-30,25848.0
ID51,1996-09-30,23865.0
ID51,1996-12-31,32859.0
ID51,1997-03-31,24866.0
ID51,1997-06-30,24809.0
ID51,1997-09-30,16356.0
ID51,1997-12-31,19415.0
ID51,1998-03-31,18440.0
ID51,1998-06-30,18640.0
ID51,1998-09-30,18670.0
ID51,1998-12-31,21781.0
ID51,1999-03-31,17801.0
ID51,1999-06-30,18073.0
ID52,1992-03-31,3626.0
ID52,1992-06-30,4916.0
ID52,1992-09-30,14742.0
ID52,1992-12-31,47009.0
ID52,1993-03-31,89415.0
ID52,1993-06-30,72785.0
ID52,1993-09-30,53365.0
ID52,1993-12-31,38390.0
ID52,1994-03-31,54145.0
ID52,1994-06-30,64780.0
ID52,1994-09-30,80591.0
ID52,1994-12-31,65234.0
ID52,1995-03-31,164529.0
ID52,1995-06-30,168933.0
ID52,1995-09-30,144544.0
ID52,1995-12-31,137433.0
ID52,1996-03-31,133221.0
ID52,1996-06-30,170014.0
ID52,1996-09-30,163559.0
ID52,1996-12-31,161317.0
ID52,1997-03-31,139925.0
ID52,1997-06-30,92393.0
ID52,1997-09-30,134749.0
ID52,1997-12-31,154534.0
ID52,1998-03-31,143086.0
ID52,1998-06-30,220818.0
ID52,1998-09-30,231322.0
ID52,1998-12-31,336207.0
ID52,1999-03-31,364046.0
ID53,1985-03-31,6645.0
ID53,1985-06-30,6231.0
ID53,1985-09-30,9191.0
ID53,1985-12-31,7472.0
ID53,1986-03-31,7012.0
ID53,1986-06-30,7483.0
ID53,1986-09-30,12816.0
ID53,1986-12-31,11736.0
ID53,1987-03-31,9606.0
ID53,1987-06-30,10237.0
ID53,1987-09-30,13766.0
ID53,1987-12-31,16703.0
ID53,1988-03-31,7120.0
ID53,1988-06-30,7823.0
ID53,1988-09-30,12521.0
ID53,1988-12-31,7850.0
ID53,1989-03-31,7655.0
ID53,1989-06-30,7611.0
ID53,1989-09-30,12052.0
ID53,1989-12-31,8217.0
ID53,1990-03-31,9373.0
ID53,1990-06-30,9287.0
ID53,1990-09-30,13695.0
ID53,1990-12-31,8542.0
ID53,1991-03-31,8373.0
ID53,1991-06-30,8620.0
ID53,1991-09-30,13607.0
ID53,1991-12-31,9916.0
ID53,1992-03-31,10410.0
ID53,1992-06-30,10296.0
ID53,1992-09-30,15266.0
ID53,1992-12-31,10966.0
ID53,1993-03-31,11091.0
ID53,1993-06-30,12309.0
ID53,1993-09-30,17654.0
ID53,1993-12-31,14184.0
ID53,1994-03-31,14469.0
ID53,1994-06-30,15465.0
ID53,1994-09-30,21958.0
ID53,1994-12-31,16428.0
ID53,1995-03-31,17428.0
ID53,1995-06-30,16021.0
ID53,1995-09-30,23073.0
ID53,1995-12-31,103029.0
ID53,1996-03-31,121476.0
ID53,1996-06-30,127554.0
ID53,1996-09-30,147602.0
ID53,1996-12-31,144987.0
ID53,1997-03-31,136433.0
ID53,1997-06-30,135520.0
ID53,1997-09-30,138385.0
ID53,1997-12-31,116520.0
ID53,1998-03-31,98267.0
ID53,1998-06-30,107242.0
ID53,1998-09-30,121438.0
ID53,1998-12-31,114576.0
ID53,1999-03-31,99887.0
ID53,1999-06-30,103285.0
ID53,1999-09-30,115886.0
ID53,1999-12-31,97781.0
ID53,2000-03-31,86836.0
ID53,2000-06-30,101421.0
ID53,2000-09-30,137468.0
ID53,2000-12-31,124222.0
ID53,2001-03-31,115369.0
ID53,2001-06-30,126842.0
ID53,2001-09-30,154082.0
ID53,2001-12-31,136098.0
ID53,2002-03-31,126323.0
ID53,2002-06-30,122911.0
ID53,2002-09-30,152948.0
ID53,2002-12-31,132408.0
ID54,1985-03-31,47559.0
ID54,1985-06-30,44837.0
ID54,1985-09-30,68010.0
ID54,1985-12-31,38206.0
ID54,1986-03-31,46428.0
ID54,1986-06-30,30480.0
ID54,1986-09-30,39594.0
ID54,1986-12-31,32779.0
ID54,1987-03-31,39931.0
ID54,1987-06-30,35046.0
ID54,1987-09-30,39639.0
ID54,1987-12-31,35497.0
ID54,1988-03-31,39484.0
ID54,1988-06-30,32343.0
ID54,1988-09-30,44948.0
ID54,1988-12-31,40838.0
ID54,1989-03-31,49111.0
ID54,1989-06-30,41517.0
ID54,1989-09-30,62845.0
ID54,1989-12-31,51397.0
ID54,1990-03-31,60224.0
ID54,1990-06-30,57132.0
ID54,1990-09-30,74124.0
ID54,1990-12-31,57109.0
ID54,1991-03-31,70537.0
ID54,1991-06-30,56717.0
ID54,1991-09-30,75014.0
ID54,1991-12-31,58767.0
ID54,1992-03-31,72668.0
ID54,1992-06-30,65234.0
ID54,1992-09-30,90406.0
ID54,1992-12-31,63483.0
ID54,1993-03-31,75013.0
ID54,1993-06-30,66611.0
ID54,1993-09-30,84582.0
ID54,1993-12-31,59131.0
ID54,1994-03-31,78998.0
ID54,1994-06-30,68102.0
ID54,1994-09-30,88287.0
ID54,1994-12-31,61382.0
ID54,1995-03-31,62848.0
ID54,1995-06-30,56243.0
ID54,1995-09-30,68209.0
ID54,1995-12-31,63676.0
ID54,1996-03-31,77812.0
ID54,1996-06-30,85731.0
ID54,1996-09-30,102457.0
ID54,1996-12-31,71002.0
ID54,1997-03-31,102977.0
ID54,1997-06-30,95188.0
ID54,1997-09-30,143223.0
ID54,1997-12-31,115743.0
ID54,1998-03-31,135486.0
ID54,1998-06-30,129813.0
ID54,1998-09-30,187038.0
ID54,1998-12-31,113006.0
ID54,1999-03-31,114211.0
ID54,1999-06-30,108710.0
ID54,1999-09-30,147482.0
ID54,1999-12-31,94780.0
ID54,2000-03-31,107420.0
ID54,2000-06-30,116450.0
ID54,2000-09-30,138046.0
ID54,2000-12-31,98367.0
ID54,2001-03-31,127216.0
ID54,2001-06-30,114146.0
ID54,2001-09-30,134389.0
ID54,2001-12-31,108759.0
ID55,1985-03-31,37249.0
ID55,1985-06-30,30677.0
ID55,1985-09-30,38776.0
ID55,1985-12-31,32622.0
ID55,1986-03-31,48446.0
ID55,1986-06-30,32375.0
ID55,1986-09-30,49927.0
ID55,1986-12-31,44595.0
ID55,1987-03-31,56047.0
ID55,1987-06-30,54367.0
ID55,1987-09-30,75898.0
ID55,1987-12-31,68216.0
ID55,1988-03-31,81065.0
ID55,1988-06-30,69272.0
ID55,1988-09-30,97472.0
ID55,1988-12-31,78914.0
ID55,1989-03-31,91549.0
ID55,1989-06-30,75677.0
ID55,1989-09-30,108311.0
ID55,1989-12-31,85991.0
ID55,1990-03-31,97849.0
ID55,1990-06-30,89341.0
ID55,1990-09-30,113138.0
ID55,1990-12-31,84372.0
ID55,1991-03-31,92101.0
ID55,1991-06-30,73306.0
ID55,1991-09-30,100973.0
ID55,1991-12-31,77231.0
ID55,1992-03-31,82074.0
ID55,1992-06-30,62657.0
ID55,1992-09-30,95211.0
ID55,1992-12-31,76741.0
ID55,1993-03-31,73098.0
ID55,1993-06-30,72508.0
ID55,1993-09-30,93580.0
ID55,1993-12-31,69847.0
ID55,1994-03-31,89188.0
ID55,1994-06-30,78354.0
ID55,1994-09-30,104875.0
ID55,1994-12-31,79437.0
ID55,1995-03-31,87159.0
ID55,1995-06-30,86448.0
ID55,1995-09-30,108795.0
ID55,1995-12-31,85421.0
ID55,1996-03-31,98877.0
ID55,1996-06-30,102319.0
ID55,1996-09-30,142049.0
ID55,1996-12-31,101917.0
ID55,1997-03-31,124251.0
ID55,1997-06-30,102110.0
ID55,1997-09-30,142488.0
ID55,1997-12-31,152337.0
ID55,1998-03-31,173843.0
ID55,1998-06-30,125185.0
ID55,1998-09-30,160140.0
ID55,1998-12-31,117777.0
ID55,1999-03-31,110489.0
ID55,1999-06-30,116843.0
ID55,1999-09-30,149196.0
ID55,1999-12-31,109348.0
ID55,2000-03-31,121168.0
ID55,2000-06-30,130118.0
ID55,2000-09-30,155018.0
ID55,2000-12-31,121821.0
ID55,2001-03-31,160141.0
ID55,2001-06-30,143917.0
ID55,2001-09-30,137358.0
ID55,2001-12-31,118569.0
ID56,1985-03-31,20461.0
ID56,1985-06-30,17484.0
ID56,1985-09-30,21782.0
ID56,1985-12-31,16631.0
ID56,1986-03-31,20504.0
ID56,1986-06-30,16168.0
ID56,1986-09-30,23903.0
ID56,1986-12-31,19448.0
ID56,1987-03-31,24334.0
ID56,1987-06-30,20852.0
ID56,1987-09-30,25263.0
ID56,1987-12-31,18869.0
ID56,1988-03-31,22518.0
ID56,1988-06-30,19952.0
ID56,1988-09-30,27094.0
ID56,1988-12-31,22894.0
ID56,1989-03-31,28632.0
ID56,1989-06-30,23619.0
ID56,1989-09-30,33238.0
ID56,1989-12-31,27818.0
ID56,1990-03-31,33166.0
ID56,1990-06-30,34042.0
ID56,1990-09-30,44707.0
ID56,1990-12-31,37753.0
ID56,1991-03-31,44099.0
ID56,1991-06-30,36487.0
ID56,1991-09-30,50916.0
ID56,1991-12-31,39206.0
ID56,1992-03-31,46168.0
ID56,1992-06-30,46680.0
ID56,1992-09-30,54934.0
ID56,1992-12-31,48036.0
ID56,1993-03-31,60479.0
ID56,1993-06-30,53616.0
ID56,1993-09-30,63095.0
ID56,1993-12-31,48122.0
ID56,1994-03-31,63674.0
ID56,1994-06-30,57364.0
ID56,1994-09-30,73895.0
ID56,1994-12-31,59242.0
ID56,1995-03-31,67659.0
ID56,1995-06-30,68162.0
ID56,1995-09-30,80528.0
ID56,1995-12-31,66983.0
ID56,1996-03-31,74625.0
ID56,1996-06-30,74919.0
ID56,1996-09-30,83495.0
ID56,1996-12-31,70816.0
ID56,1997-03-31,79092.0
ID56,1997-06-30,63882.0
ID56,1997-09-30,83499.0
ID56,1997-12-31,67969.0
ID56,1998-03-31,77270.0
ID56,1998-06-30,77536.0
ID56,1998-09-30,84588.0
ID56,1998-12-31,71836.0
ID56,1999-03-31,75158.0
ID56,1999-06-30,69039.0
ID56,1999-09-30,84834.0
ID56,1999-12-31,73161.0
ID56,2000-03-31,77743.0
ID56,2000-06-30,85442.0
ID56,2000-09-30,96554.0
ID56,2000-12-31,79594.0
ID56,2001-03-31,88106.0
ID56,2001-06-30,83559.0
ID56,2001-09-30,87628.0
ID56,2001-12-31,72616.0
ID57,1985-03-31,11123.0
ID57,1985-06-30,10366.0
ID57,1985-09-30,12122.0
ID57,1985-12-31,13338.0
ID57,1986-03-31,16706.0
ID57,1986-06-30,12802.0
ID57,1986-09-30,15592.0
ID57,1986-12-31,13900.0
ID57,1987-03-31,17796.0
ID57,1987-06-30,14893.0
ID57,1987-09-30,13629.0
ID57,1987-12-31,13912.0
ID57,1988-03-31,18042.0
ID57,1988-06-30,15561.0
ID57,1988-09-30,14919.0
ID57,1988-12-31,15648.0
ID57,1989-03-31,21072.0
ID57,1989-06-30,15338.0
ID57,1989-09-30,18909.0
ID57,1989-12-31,17849.0
ID57,1990-03-31,19487.0
ID57,1990-06-30,18122.0
ID57,1990-09-30,24107.0
ID57,1990-12-31,22043.0
ID57,1991-03-31,25952.0
ID57,1991-06-30,19336.0
ID57,1991-09-30,29703.0
ID57,1991-12-31,23381.0
ID57,1992-03-31,27607.0
ID57,1992-06-30,25027.0
ID57,1992-09-30,32186.0
ID57,1992-12-31,39923.0
ID57,1993-03-31,48823.0
ID57,1993-06-30,43146.0
ID57,1993-09-30,50609.0
ID57,1993-12-31,44257.0
ID57,1994-03-31,44476.0
ID57,1994-06-30,36951.0
ID57,1994-09-30,44081.0
ID57,1994-12-31,40302.0
ID57,1995-03-31,43696.0
ID57,1995-06-30,34840.0
ID57,1995-09-30,41767.0
ID57,1995-12-31,34249.0
ID57,1996-03-31,36088.0
ID57,1996-06-30,29885.0
ID57,1996-09-30,34808.0
ID57,1996-12-31,38353.0
ID57,1997-03-31,42045.0
ID57,1997-06-30,30982.0
ID57,1997-09-30,42719.0
ID57,1997-12-31,50406.0
ID57,1998-03-31,87827.0
ID57,1998-06-30,66734.0
ID57,1998-09-30,83406.0
ID57,1998-12-31,76297.0
ID57,1999-03-31,85896.0
ID57,1999-06-30,72183.0
ID57,1999-09-30,85232.0
ID57,1999-12-31,69692.0
ID57,2000-03-31,73389.0
ID57,2000-06-30,66938.0
ID57,2000-09-30,73616.0
ID57,2000-12-31,64765.0
ID57,2001-03-31,77327.0
ID57,2001-06-30,64401.0
ID57,2001-09-30,70843.0
ID57,2001-12-31,64535.0
ID58,1985-03-31,72646.0
ID58,1985-06-30,60364.0
ID58,1985-09-30,71445.0
ID58,1985-12-31,66417.0
ID58,1986-03-31,70972.0
ID58,1986-06-30,57269.0
ID58,1986-09-30,75064.0
ID58,1986-12-31,73311.0
ID58,1987-03-31,69168.0
ID58,1987-06-30,63756.0
ID58,1987-09-30,71143.0
ID58,1987-12-31,67251.0
ID58,1988-03-31,69280.0
ID58,1988-06-30,56815.0
ID58,1988-09-30,70246.0
ID58,1988-12-31,68231.0
ID58,1989-03-31,71332.0
ID58,1989-06-30,58485.0
ID58,1989-09-30,79439.0
ID58,1989-12-31,71956.0
ID58,1990-03-31,69549.0
ID58,1990-06-30,61159.0
ID58,1990-09-30,70761.0
ID58,1990-12-31,61334.0
ID58,1991-03-31,66153.0
ID58,1991-06-30,57036.0
ID58,1991-09-30,71682.0
ID58,1991-12-31,66950.0
ID58,1992-03-31,66316.0
ID58,1992-06-30,64286.0
ID58,1992-09-30,75124.0
ID58,1992-12-31,65269.0
ID58,1993-03-31,68348.0
ID58,1993-06-30,67924.0
ID58,1993-09-30,78994.0
ID58,1993-12-31,73763.0
ID58,1994-03-31,79388.0
ID58,1994-06-30,87811.0
ID58,1994-09-30,106113.0
ID58,1994-12-31,78860.0
ID58,1995-03-31,78081.0
ID58,1995-06-30,79457.0
ID58,1995-09-30,85514.0
ID58,1995-12-31,83784.0
ID58,1996-03-31,83021.0
ID58,1996-06-30,84252.0
ID58,1996-09-30,95640.0
ID58,1996-12-31,96861.0
ID58,1997-03-31,102076.0
ID58,1997-06-30,87649.0
ID58,1997-09-30,86951.0
ID58,1997-12-31,86687.0
ID58,1998-03-31,91629.0
ID58,1998-06-30,99282.0
ID58,1998-09-30,88625.0
ID58,1998-12-31,101443.0
ID58,1999-03-31,104387.0
ID58,1999-06-30,114502.0
ID58,1999-09-30,114170.0
ID58,1999-12-31,87035.0
ID58,2000-03-31,108054.0
ID58,2000-06-30,123419.0
ID58,2000-09-30,121538.0
ID58,2000-12-31,115677.0
ID58,2001-03-31,117175.0
ID58,2001-06-30,134919.0
ID58,2001-09-30,135696.0
ID58,2001-12-31,137736.0
ID59,1985-03-31,16989.0
ID59,1985-06-30,19823.0
ID59,1985-09-30,28240.0
ID59,1985-12-31,13579.0
ID59,1986-03-31,17908.0
ID59,1986-06-30,19173.0
ID59,1986-09-30,27111.0
ID59,1986-12-31,13573.0
ID59,1987-03-31,18285.0
ID59,1987-06-30,21764.0
ID59,1987-09-30,31665.0
ID59,1987-12-31,16283.0
ID59,1988-03-31,21179.0
ID59,1988-06-30,21614.0
ID59,1988-09-30,30459.0
ID59,1988-12-31,16163.0
ID59,1989-03-31,22820.0
ID59,1989-06-30,24640.0
ID59,1989-09-30,35364.0
ID59,1989-12-31,18540.0
ID59,1990-03-31,23836.0
ID59,1990-06-30,26172.0
ID59,1990-09-30,40517.0
ID59,1990-12-31,19470.0
ID59,1991-03-31,24027.0
ID59,1991-06-30,25793.0
ID59,1991-09-30,39972.0
ID59,1991-12-31,19033.0
ID59,1992-03-31,26315.0
ID59,1992-06-30,28656.0
ID59,1992-09-30,46168.0
ID59,1992-12-31,19944.0
ID59,1993-03-31,29017.0
ID59,1993-06-30,28286.0
ID59,1993-09-30,44058.0
ID59,1993-12-31,22159.0
ID59,1994-03-31,33682.0
ID59,1994-06-30,33760.0
ID59,1994-09-30,52975.0
ID59,1994-12-31,25236.0
ID59,1995-03-31,35742.0
ID59,1995-06-30,40867.0
ID59,1995-09-30,56872.0
ID59,1995-12-31,30027.0
ID59,1996-03-31,38743.0
ID59,1996-06-30,44476.0
ID59,1996-09-30,60927.0
ID59,1996-12-31,36760.0
ID59,1997-03-31,46181.0
ID59,1997-06-30,46312.0
ID59,1997-09-30,65623.0
ID59,1997-12-31,38856.0
ID59,1998-03-31,45407.0
ID59,1998-06-30,47767.0
ID59,1998-09-30,62525.0
ID59,1998-12-31,35021.0
ID59,1999-03-31,42875.0
ID59,1999-06-30,45251.0
ID59,1999-09-30,54588.0
ID59,1999-12-31,35043.0
ID59,2000-03-31,44246.0
ID59,2000-06-30,47983.0
ID59,2000-09-30,59777.0
ID59,2000-12-31,33534.0
ID59,2001-03-31,41339.0
ID59,2001-06-30,46109.0
ID59,2001-09-30,53464.0
ID59,2001-12-31,31171.0
ID6,1985-03-31,17280.0
ID6,1985-06-30,19628.0
ID6,1985-09-30,17701.0
ID6,1985-12-31,25078.0
ID6,1986-03-31,18645.0
ID6,1986-06-30,22052.0
ID6,1986-09-30,20827.0
ID6,1986-12-31,29084.0
ID6,1987-03-31,21113.0
ID6,1987-06-30,28709.0
ID6,1987-09-30,25881.0
ID6,1987-12-31,33500.0
ID6,1988-03-31,26984.0
ID6,1988-06-30,29750.0
ID6,1988-09-30,29945.0
ID6,1988-12-31,37058.0
ID6,1989-03-31,29990.0
ID6,1989-06-30,33395.0
ID6,1989-09-30,22007.0
ID6,1989-12-31,33527.0
ID6,1990-03-31,28174.0
ID6,1990-06-30,27926.0
ID6,1990-09-30,23869.0
ID6,1990-12-31,38587.0
ID6,1991-03-31,30999.0
ID6,1991-06-30,30885.0
ID6,1991-09-30,29124.0
ID6,1991-12-31,45959.0
ID6,1992-03-31,39054.0
ID6,1992-06-30,44110.0
ID6,1992-09-30,33861.0
ID6,1992-12-31,55175.0
ID6,1993-03-31,49387.0
ID6,1993-06-30,50966.0
ID6,1993-09-30,44815.0
ID6,1993-12-31,74538.0
ID6,1994-03-31,59590.0
ID6,1994-06-30,54779.0
ID6,1994-09-30,48976.0
ID6,1994-12-31,73039.0
ID6,1995-03-31,59525.0
ID6,1995-06-30,59677.0
ID6,1995-09-30,49760.0
ID6,1995-12-31,80304.0
ID6,1996-03-31,94108.0
ID6,1996-06-30,78491.0
ID6,1996-09-30,66075.0
ID6,1996-12-31,90231.0
ID6,1997-03-31,95974.0
ID6,1997-06-30,81723.0
ID6,1997-09-30,38373.0
ID6,1997-12-31,49099.0
ID6,1998-03-31,46017.0
ID6,1998-06-30,49601.0
ID6,1998-09-30,39346.0
ID6,1998-12-31,52734.0
ID6,1999-03-31,43530.0
ID6,1999-06-30,43751.0
ID6,1999-09-30,41577.0
ID6,1999-12-31,60434.0
ID6,2000-03-31,48693.0
ID6,2000-06-30,46569.0
ID6,2000-09-30,41096.0
ID6,2000-12-31,57479.0
ID6,2001-03-31,41347.0
ID6,2001-06-30,45910.0
ID6,2001-09-30,37557.0
ID6,2001-12-31,48545.0
ID6,2002-03-31,38431.0
ID6,2002-06-30,43278.0
ID6,2002-09-30,39226.0
ID6,2002-12-31,51719.0
ID60,1985-03-31,17653.0
ID60,1985-06-30,16801.0
ID60,1985-09-30,28500.0
ID60,1985-12-31,14415.0
ID60,1986-03-31,18515.0
ID60,1986-06-30,19190.0
ID60,1986-09-30,37694.0
ID60,1986-12-31,17663.0
ID60,1987-03-31,21104.0
ID60,1987-06-30,22358.0
ID60,1987-09-30,38495.0
ID60,1987-12-31,20215.0
ID60,1988-03-31,27339.0
ID60,1988-06-30,27600.0
ID60,1988-09-30,38800.0
ID60,1988-12-31,19347.0
ID60,1989-03-31,26314.0
ID60,1989-06-30,24580.0
ID60,1989-09-30,39180.0
ID60,1989-12-31,21202.0
ID60,1990-03-31,29472.0
ID60,1990-06-30,30033.0
ID60,1990-09-30,50234.0
ID60,1990-12-31,25667.0
ID60,1991-03-31,31437.0
ID60,1991-06-30,30721.0
ID60,1991-09-30,48271.0
ID60,1991-12-31,27472.0
ID60,1992-03-31,36969.0
ID60,1992-06-30,34108.0
ID60,1992-09-30,51092.0
ID60,1992-12-31,29654.0
ID60,1993-03-31,37201.0
ID60,1993-06-30,34990.0
ID60,1993-09-30,51896.0
ID60,1993-12-31,29982.0
ID60,1994-03-31,40548.0
ID60,1994-06-30,40266.0
ID60,1994-09-30,63868.0
ID60,1994-12-31,43724.0
ID60,1995-03-31,49456.0
ID60,1995-06-30,56498.0
ID60,1995-09-30,79481.0
ID60,1995-12-31,48786.0
ID60,1996-03-31,56816.0
ID60,1996-06-30,55853.0
ID60,1996-09-30,84096.0
ID60,1996-12-31,49043.0
ID60,1997-03-31,61457.0
ID60,1997-06-30,44416.0
ID60,1997-09-30,75272.0
ID60,1997-12-31,45595.0
ID60,1998-03-31,49193.0
ID60,1998-06-30,54952.0
ID60,1998-09-30,72697.0
ID60,1998-12-31,44354.0
ID60,1999-03-31,54794.0
ID60,1999-06-30,49212.0
ID60,1999-09-30,71409.0
ID60,1999-12-31,43699.0
ID60,2000-03-31,52592.0
ID60,2000-06-30,51716.0
ID60,2000-09-30,68774.0
ID60,2000-12-31,44469.0
ID60,2001-03-31,59067.0
ID60,2001-06-30,62199.0
ID60,2001-09-30,65150.0
ID60,2001-12-31,31759.0
ID61,1985-03-31,8867.0
ID61,1985-06-30,5762.0
ID61,1985-09-30,7229.0
ID61,1985-12-31,8224.0
ID61,1986-03-31,13007.0
ID61,1986-06-30,6597.0
ID61,1986-09-30,10413.0
ID61,1986-12-31,10395.0
ID61,1987-03-31,14071.0
ID61,1987-06-30,10182.0
ID61,1987-09-30,14049.0
ID61,1987-12-31,13029.0
ID61,1988-03-31,20688.0
ID61,1988-06-30,12005.0
ID61,1988-09-30,18556.0
ID61,1988-12-31,14901.0
ID61,1989-03-31,23409.0
ID61,1989-06-30,12589.0
ID61,1989-09-30,20667.0
ID61,1989-12-31,17608.0
ID61,1990-03-31,27556.0
ID61,1990-06-30,16727.0
ID61,1990-09-30,22578.0
ID61,1990-12-31,20591.0
ID61,1991-03-31,34652.0
ID61,1991-06-30,17958.0
ID61,1991-09-30,26625.0
ID61,1991-12-31,22859.0
ID61,1992-03-31,35297.0
ID61,1992-06-30,22106.0
ID61,1992-09-30,27716.0
ID61,1992-12-31,24345.0
ID61,1993-03-31,39697.0
ID61,1993-06-30,27293.0
ID61,1993-09-30,29710.0
ID61,1993-12-31,29363.0
ID61,1994-03-31,47142.0
ID61,1994-06-30,27945.0
ID61,1994-09-30,36249.0
ID61,1994-12-31,36111.0
ID61,1995-03-31,50130.0
ID61,1995-06-30,34536.0
ID61,1995-09-30,41735.0
ID61,1995-12-31,40434.0
ID61,1996-03-31,61568.0
ID61,1996-06-30,39257.0
ID61,1996-09-30,42942.0
ID61,1996-12-31,44124.0
ID61,1997-03-31,67235.0
ID61,1997-06-30,33176.0
ID61,1997-09-30,47154.0
ID61,1997-12-31,46745.0
ID61,1998-03-31,63073.0
ID61,1998-06-30,45633.0
ID61,1998-09-30,49628.0
ID61,1998-12-31,46286.0
ID61,1999-03-31,64814.0
ID61,1999-06-30,38173.0
ID61,1999-09-30,49885.0
ID61,1999-12-31,46167.0
ID61,2000-03-31,60487.0
ID61,2000-06-30,44529.0
ID61,2000-09-30,48382.0
ID61,2000-12-31,47889.0
ID61,2001-03-31,62205.0
ID61,2001-06-30,46465.0
ID61,2001-09-30,51603.0
ID61,2001-12-31,45406.0
ID62,1985-03-31,2821251.0
ID62,1985-06-30,2600491.0
ID62,1985-09-30,2799621.0
ID62,1985-12-31,2739354.0
ID62,1986-03-31,2965719.0
ID62,1986-06-30,2761405.0
ID62,1986-09-30,3043234.0
ID62,1986-12-31,3097528.0
ID62,1987-03-31,3286092.0
ID62,1987-06-30,3330808.0
ID62,1987-09-30,3540842.0
ID62,1987-12-31,3930901.0
ID62,1988-03-31,4104418.0
ID62,1988-06-30,4012408.0
ID62,1988-09-30,4344298.0
ID62,1988-12-31,4051528.0
ID62,1989-03-31,4088759.0
ID62,1989-06-30,3403205.0
ID62,1989-09-30,3683613.0
ID62,1989-12-31,4031502.0
ID62,1990-03-31,3938079.0
ID62,1990-06-30,4050194.0
ID62,1990-09-30,4270356.0
ID62,1990-12-31,4429742.0
ID62,1991-03-31,4698437.0
ID62,1991-06-30,4437360.0
ID62,1991-09-30,4855000.0
ID62,1991-12-31,5065979.0
ID62,1992-03-31,5091247.0
ID62,1992-06-30,5225647.0
ID62,1992-09-30,5568211.0
ID62,1992-12-31,5575688.0
ID62,1993-03-31,5424638.0
ID62,1993-06-30,5808951.0
ID62,1993-09-30,5968697.0
ID62,1993-12-31,5993132.0
ID62,1994-03-31,5996714.0
ID62,1994-06-30,6160894.0
ID62,1994-09-30,6130020.0
ID62,1994-12-31,6510512.0
ID62,1995-03-31,6246562.0
ID62,1995-06-30,6635873.0
ID62,1995-09-30,6716474.0
ID62,1995-12-31,6840802.0
ID62,1996-03-31,6731356.0
ID62,1996-06-30,7033548.0
ID62,1996-09-30,7446862.0
ID62,1996-12-31,7580295.0
ID62,1997-03-31,7690166.0
ID62,1997-06-30,7924922.0
ID62,1997-09-30,8822146.0
ID62,1997-12-31,9240333.0
ID62,1998-03-31,8821023.0
ID62,1998-06-30,9544128.0
ID62,1998-09-30,10031426.0
ID62,1998-12-31,10743886.0
ID62,1999-03-31,10613028.0
ID62,1999-06-30,11155150.0
ID62,1999-09-30,11387902.0
ID62,1999-12-31,12019086.0
ID62,2000-03-31,11584864.0
ID62,2000-06-30,12635801.0
ID62,2000-09-30,13046994.0
ID62,2000-12-31,12815446.0
ID62,2001-03-31,12462797.0
ID62,2001-06-30,12682427.0
ID62,2001-09-30,13305521.0
ID62,2001-12-31,13552199.0
ID63,1985-03-31,892250.0
ID63,1985-06-30,894113.0
ID63,1985-09-30,1128619.0
ID63,1985-12-31,831431.0
ID63,1986-03-31,887391.0
ID63,1986-06-30,867489.0
ID63,1986-09-30,1104369.0
ID63,1986-12-31,882762.0
ID63,1987-03-31,945860.0
ID63,1987-06-30,1106550.0
ID63,1987-09-30,1340029.0
ID63,1987-12-31,1063514.0
ID63,1988-03-31,1126393.0
ID63,1988-06-30,1114826.0
ID63,1988-09-30,1427349.0
ID63,1988-12-31,1185152.0
ID63,1989-03-31,1180413.0
ID63,1989-06-30,1114826.0
ID63,1989-09-30,1427394.0
ID63,1989-12-31,1185152.0
ID63,1990-03-31,1250785.0
ID63,1990-06-30,1245984.0
ID63,1990-09-30,1400234.0
ID63,1990-12-31,1267505.0
ID63,1991-03-31,1294435.0
ID63,1991-06-30,1245984.0
ID63,1991-09-30,1400234.0
ID63,1991-12-31,1267505.0
ID63,1992-03-31,1244953.0
ID63,1992-06-30,1280631.0
ID63,1992-09-30,1427281.0
ID63,1992-12-31,1293706.0
ID63,1993-03-31,1253261.0
ID63,1993-06-30,1208923.0
ID63,1993-09-30,1335322.0
ID63,1993-12-31,1183878.0
ID63,1994-03-31,1201256.0
ID63,1994-06-30,1211788.0
ID63,1994-09-30,1336271.0
ID63,1994-12-31,1241760.0
ID63,1995-03-31,1223296.0
ID63,1995-06-30,1249509.0
ID63,1995-09-30,1315959.0
ID63,1995-12-31,1191662.0
ID63,1996-03-31,1210546.0
ID63,1996-06-30,1230153.0
ID63,1996-09-30,1338913.0
ID63,1996-12-31,1122805.0
ID63,1997-03-31,1145804.0
ID63,1997-06-30,984166.0
ID63,1997-09-30,1017060.0
ID63,1997-12-31,1022552.0
ID63,1998-03-31,1151930.0
ID63,1998-06-30,997550.0
ID63,1998-09-30,1132638.0
ID63,1998-12-31,975023.0
ID63,1999-03-31,980171.0
ID63,1999-06-30,949581.0
ID63,1999-09-30,950883.0
ID63,1999-12-31,913170.0
ID63,2000-03-31,1018352.0
ID63,2000-06-30,991479.0
ID63,2000-09-30,1191469.0
ID63,2000-12-31,1005553.0
ID63,2001-03-31,1092940.0
ID63,2001-06-30,1068047.0
ID63,2001-09-30,1133927.0
ID63,2001-12-31,998708.0
ID64,1985-03-31,24552.0
ID64,1985-06-30,19518.0
ID64,1985-09-30,21761.0
ID64,1985-12-31,22970.0
ID64,1986-03-31,21141.0
ID64,1986-06-30,22991.0
ID64,1986-09-30,34725.0
ID64,1986-12-31,34849.0
ID64,1987-03-31,34677.0
ID64,1987-06-30,34165.0
ID64,1987-09-30,36181.0
ID64,1987-12-31,28530.0
ID64,1988-03-31,37995.0
ID64,1988-06-30,35966.0
ID64,1988-09-30,50999.0
ID64,1988-12-31,47593.0
ID64,1989-03-31,57656.0
ID64,1989-06-30,39618.0
ID64,1989-09-30,52021.0
ID64,1989-12-31,38538.0
ID64,1990-03-31,36169.0
ID64,1990-06-30,36620.0
ID64,1990-09-30,32176.0
ID64,1990-12-31,33658.0
ID64,1991-03-31,36438.0
ID64,1991-06-30,32735.0
ID64,1991-09-30,31739.0
ID64,1991-12-31,36711.0
ID64,1992-03-31,40147.0
ID64,1992-06-30,37257.0
ID64,1992-09-30,45219.0
ID64,1992-12-31,43779.0
ID64,1993-03-31,45481.0
ID64,1993-06-30,44848.0
ID64,1993-09-30,45793.0
ID64,1993-12-31,50263.0
ID64,1994-03-31,61804.0
ID64,1994-06-30,50194.0
ID64,1994-09-30,55439.0
ID64,1994-12-31,61836.0
ID64,1995-03-31,63747.0
ID64,1995-06-30,62901.0
ID64,1995-09-30,67228.0
ID64,1995-12-31,66889.0
ID64,1996-03-31,75235.0
ID64,1996-06-30,66644.0
ID64,1996-09-30,74263.0
ID64,1996-12-31,82152.0
ID64,1997-03-31,89637.0
ID64,1997-06-30,71306.0
ID64,1997-09-30,76160.0
ID64,1997-12-31,80709.0
ID64,1998-03-31,81436.0
ID64,1998-06-30,71671.0
ID64,1998-09-30,74153.0
ID64,1998-12-31,70162.0
ID64,1999-03-31,80386.0
ID64,1999-06-30,70680.0
ID64,1999-09-30,76417.0
ID64,1999-12-31,75783.0
ID64,2000-03-31,70282.0
ID64,2000-06-30,70005.0
ID64,2000-09-30,74702.0
ID64,2000-12-31,71221.0
ID64,2001-03-31,70064.0
ID64,2001-06-30,69511.0
ID64,2001-09-30,77619.0
ID64,2001-12-31,65980.0
ID65,1975-03-31,33069.0
ID65,1975-06-30,36409.0
ID65,1975-09-30,41653.0
ID65,1975-12-31,43246.0
ID65,1976-03-31,31878.0
ID65,1976-06-30,35972.0
ID65,1976-09-30,37949.0
ID65,1976-12-31,42309.0
ID65,1977-03-31,32017.0
ID65,1977-06-30,39313.0
ID65,1977-09-30,44197.0
ID65,1977-12-31,47036.0
ID65,1978-03-31,40004.0
ID65,1978-06-30,46176.0
ID65,1978-09-30,54706.0
ID65,1978-12-31,59301.0
ID65,1979-03-31,48022.0
ID65,1979-06-30,69860.0
ID65,1979-09-30,85626.0
ID65,1979-12-31,70899.0
ID65,1980-03-31,52609.0
ID65,1980-06-30,87143.0
ID65,1980-09-30,95680.0
ID65,1980-12-31,71660.0
ID65,1981-03-31,49140.0
ID65,1981-06-30,87467.0
ID65,1981-09-30,85841.0
ID65,1981-12-31,61882.0
ID65,1982-03-31,42045.0
ID65,1982-06-30,63081.0
ID65,1982-09-30,73275.0
ID65,1982-12-31,54808.0
ID65,1983-03-31,41030.0
ID65,1983-06-30,56155.0
ID65,1983-09-30,69395.0
ID65,1983-12-31,58423.0
ID65,1984-03-31,37039.0
ID65,1984-06-30,71564.0
ID65,1984-09-30,71260.0
ID65,1984-12-31,54597.0
ID65,1985-03-31,41646.0
ID65,1985-06-30,63668.0
ID65,1985-09-30,67803.0
ID65,1985-12-31,72177.0
ID65,1986-03-31,55192.0
ID65,1986-06-30,89073.0
ID65,1986-09-30,97746.0
ID65,1986-12-31,94696.0
ID65,1987-03-31,71130.0
ID65,1987-06-30,111416.0
ID65,1987-09-30,127619.0
ID65,1987-12-31,117078.0
ID65,1988-03-31,90498.0
ID65,1988-06-30,135435.0
ID65,1988-09-30,176899.0
ID65,1988-12-31,131457.0
ID65,1989-03-31,83029.0
ID65,1989-06-30,111748.0
ID65,1989-09-30,128510.0
ID65,1989-12-31,126021.0
ID65,1990-03-31,75584.0
ID65,1990-06-30,109472.0
ID65,1990-09-30,122164.0
ID65,1990-12-31,111222.0
ID65,1991-03-31,90067.0
ID65,1991-06-30,114050.0
ID65,1991-09-30,152662.0
ID65,1991-12-31,123821.0
ID65,1992-03-31,75376.0
ID65,1992-06-30,107369.0
ID65,1992-09-30,128550.0
ID65,1992-12-31,136250.0
ID65,1993-03-31,90758.0
ID65,1993-06-30,124972.0
ID65,1993-09-30,153153.0
ID65,1993-12-31,130393.0
ID65,1994-03-31,90095.0
ID65,1994-06-30,113799.0
ID65,1994-09-30,148605.0
ID65,1994-12-31,127879.0
ID65,1995-03-31,95295.0
ID65,1995-06-30,130073.0
ID65,1995-09-30,166383.0
ID65,1995-12-31,146632.0
ID65,1996-03-31,132410.0
ID65,1996-06-30,166735.0
ID65,1996-09-30,205120.0
ID65,1996-12-31,167569.0
ID65,1997-03-31,142502.0
ID65,1997-06-30,160522.0
ID65,1997-09-30,205250.0
ID65,1997-12-31,177366.0
ID65,1998-03-31,128179.0
ID65,1998-06-30,184943.0
ID65,1998-09-30,212263.0
ID65,1998-12-31,183996.0
ID65,1999-03-31,143015.0
ID65,1999-06-30,179577.0
ID65,1999-09-30,215732.0
ID65,1999-12-31,190461.0
ID65,2000-03-31,154537.0
ID65,2000-06-30,212401.0
ID65,2000-09-30,229048.0
ID65,2000-12-31,221071.0
ID65,2001-03-31,162480.0
ID65,2001-06-30,215840.0
ID65,2001-09-30,233074.0
ID65,2001-12-31,203493.0
ID65,2002-03-31,159882.0
ID65,2002-06-30,191201.0
ID65,2002-09-30,226001.0
ID65,2002-12-31,212972.0
ID65,2003-03-31,150678.0
ID65,2003-06-30,203428.0
ID66,1975-03-31,6754.0
ID66,1975-06-30,4108.0
ID66,1975-09-30,4714.0
ID66,1975-12-31,8510.0
ID66,1976-03-31,7768.0
ID66,1976-06-30,4154.0
ID66,1976-09-30,5939.0
ID66,1976-12-31,8999.0
ID66,1977-03-31,8829.0
ID66,1977-06-30,5095.0
ID66,1977-09-30,6130.0
ID66,1977-12-31,10649.0
ID66,1978-03-31,10313.0
ID66,1978-06-30,5067.0
ID66,1978-09-30,6811.0
ID66,1978-12-31,11845.0
ID66,1979-03-31,10929.0
ID66,1979-06-30,7325.0
ID66,1979-09-30,8240.0
ID66,1979-12-31,15143.0
ID66,1980-03-31,16173.0
ID66,1980-06-30,8661.0
ID66,1980-09-30,9547.0
ID66,1980-12-31,14479.0
ID66,1981-03-31,14763.0
ID66,1981-06-30,9321.0
ID66,1981-09-30,10166.0
ID66,1981-12-31,19509.0
ID66,1982-03-31,17117.0
ID66,1982-06-30,10617.0
ID66,1982-09-30,11737.0
ID66,1982-12-31,20961.0
ID66,1983-03-31,20671.0
ID66,1983-06-30,12235.0
ID66,1983-09-30,14567.0
ID66,1983-12-31,24363.0
ID66,1984-03-31,23169.0
ID66,1984-06-30,16296.0
ID66,1984-09-30,18504.0
ID66,1984-12-31,29938.0
ID66,1985-03-31,30240.0
ID66,1985-06-30,20280.0
ID66,1985-09-30,20908.0
ID66,1985-12-31,36169.0
ID66,1986-03-31,37989.0
ID66,1986-06-30,32366.0
ID66,1986-09-30,28131.0
ID66,1986-12-31,47150.0
ID66,1987-03-31,51736.0
ID66,1987-06-30,38254.0
ID66,1987-09-30,53807.0
ID66,1987-12-31,71807.0
ID66,1988-03-31,80300.0
ID66,1988-06-30,79596.0
ID66,1988-09-30,88708.0
ID66,1988-12-31,103738.0
ID66,1989-03-31,94172.0
ID66,1989-06-30,76462.0
ID66,1989-09-30,88393.0
ID66,1989-12-31,90527.0
ID66,1990-03-31,119654.0
ID66,1990-06-30,106965.0
ID66,1990-09-30,128472.0
ID66,1990-12-31,124773.0
ID66,1991-03-31,119638.0
ID66,1991-06-30,115049.0
ID66,1991-09-30,140470.0
ID66,1991-12-31,153436.0
ID66,1992-03-31,166732.0
ID66,1992-06-30,141886.0
ID66,1992-09-30,160455.0
ID66,1992-12-31,160807.0
ID66,1993-03-31,178466.0
ID66,1993-06-30,151904.0
ID66,1993-09-30,168131.0
ID66,1993-12-31,172358.0
ID66,1994-03-31,191367.0
ID66,1994-06-30,158207.0
ID66,1994-09-30,183289.0
ID66,1994-12-31,188273.0
ID66,1995-03-31,196480.0
ID66,1995-06-30,174307.0
ID66,1995-09-30,214067.0
ID66,1995-12-31,197850.0
ID66,1996-03-31,227335.0
ID66,1996-06-30,174325.0
ID66,1996-09-30,219347.0
ID66,1996-12-31,192137.0
ID66,1997-03-31,223640.0
ID66,1997-06-30,167269.0
ID66,1997-09-30,227641.0
ID66,1997-12-31,195350.0
ID66,1998-03-31,205468.0
ID66,1998-06-30,168520.0
ID66,1998-09-30,200860.0
ID66,1998-12-31,176235.0
ID66,1999-03-31,193822.0
ID66,1999-06-30,154860.0
ID66,1999-09-30,188080.0
ID66,1999-12-31,170689.0
ID66,2000-03-31,192023.0
ID66,2000-06-30,154701.0
ID66,2000-09-30,182130.0
ID66,2000-12-31,192135.0
ID66,2001-03-31,193645.0
ID66,2001-06-30,156303.0
ID66,2001-09-30,186861.0
ID66,2001-12-31,136748.0
ID66,2002-03-31,177263.0
ID66,2002-06-30,158357.0
ID66,2002-09-30,183821.0
ID66,2002-12-31,196006.0
ID66,2003-03-31,176132.0
ID66,2003-06-30,102633.0
ID67,1975-03-31,2335.0
ID67,1975-06-30,1571.0
ID67,1975-09-30,1961.0
ID67,1975-12-31,1985.0
ID67,1976-03-31,2421.0
ID67,1976-06-30,2328.0
ID67,1976-09-30,3092.0
ID67,1976-12-31,2592.0
ID67,1977-03-31,2921.0
ID67,1977-06-30,2182.0
ID67,1977-09-30,2655.0
ID67,1977-12-31,2253.0
ID67,1978-03-31,2708.0
ID67,1978-06-30,1641.0
ID67,1978-09-30,2418.0
ID67,1978-12-31,2113.0
ID67,1979-03-31,2514.0
ID67,1979-06-30,2466.0
ID67,1979-09-30,3137.0
ID67,1979-12-31,3256.0
ID67,1980-03-31,3962.0
ID67,1980-06-30,3205.0
ID67,1980-09-30,3754.0
ID67,1980-12-31,3994.0
ID67,1981-03-31,4104.0
ID67,1981-06-30,3736.0
ID67,1981-09-30,4960.0
ID67,1981-12-31,4300.0
ID67,1982-03-31,5381.0
ID67,1982-06-30,4283.0
ID67,1982-09-30,5856.0
ID67,1982-12-31,4987.0
ID67,1983-03-31,6352.0
ID67,1983-06-30,3743.0
ID67,1983-09-30,5489.0
ID67,1983-12-31,5280.0
ID67,1984-03-31,5638.0
ID67,1984-06-30,4233.0
ID67,1984-09-30,5676.0
ID67,1984-12-31,5632.0
ID67,1985-03-31,7001.0
ID67,1985-06-30,4231.0
ID67,1985-09-30,6010.0
ID67,1985-12-31,6844.0
ID67,1986-03-31,10370.0
ID67,1986-06-30,4989.0
ID67,1986-09-30,8790.0
ID67,1986-12-31,9391.0
ID67,1987-03-31,11326.0
ID67,1987-06-30,8212.0
ID67,1987-09-30,11838.0
ID67,1987-12-31,11338.0
ID67,1988-03-31,14261.0
ID67,1988-06-30,9766.0
ID67,1988-09-30,15095.0
ID67,1988-12-31,10323.0
ID67,1989-03-31,15404.0
ID67,1989-06-30,8678.0
ID67,1989-09-30,16354.0
ID67,1989-12-31,13707.0
ID67,1990-03-31,17286.0
ID67,1990-06-30,11488.0
ID67,1990-09-30,11029.0
ID67,1990-12-31,14679.0
ID67,1991-03-31,19802.0
ID67,1991-06-30,10457.0
ID67,1991-09-30,17401.0
ID67,1991-12-31,15093.0
ID67,1992-03-31,22451.0
ID67,1992-06-30,15335.0
ID67,1992-09-30,18901.0
ID67,1992-12-31,18058.0
ID67,1993-03-31,25514.0
ID67,1993-06-30,20904.0
ID67,1993-09-30,22172.0
ID67,1993-12-31,23403.0
ID67,1994-03-31,29550.0
ID67,1994-06-30,21784.0
ID67,1994-09-30,28427.0
ID67,1994-12-31,29778.0
ID67,1995-03-31,31793.0
ID67,1995-06-30,26522.0
ID67,1995-09-30,38414.0
ID67,1995-12-31,34978.0
ID67,1996-03-31,46857.0
ID67,1996-06-30,31954.0
ID67,1996-09-30,35648.0
ID67,1996-12-31,38740.0
ID67,1997-03-31,52747.0
ID67,1997-06-30,27777.0
ID67,1997-09-30,35232.0
ID67,1997-12-31,35998.0
ID67,1998-03-31,38422.0
ID67,1998-06-30,34707.0
ID67,1998-09-30,34482.0
ID67,1998-12-31,35829.0
ID67,1999-03-31,40918.0
ID67,1999-06-30,27431.0
ID67,1999-09-30,36910.0
ID67,1999-12-31,34296.0
ID67,2000-03-31,42458.0
ID67,2000-06-30,35353.0
ID67,2000-09-30,37546.0
ID67,2000-12-31,38739.0
ID67,2001-03-31,42407.0
ID67,2001-06-30,35462.0
ID67,2001-09-30,40080.0
ID67,2001-12-31,36202.0
ID67,2002-03-31,43005.0
ID67,2002-06-30,29313.0
ID67,2002-09-30,40910.0
ID67,2002-12-31,37698.0
ID67,2003-03-31,33569.0
ID67,2003-06-30,28469.0
ID68,1975-03-31,2010.0
ID68,1975-06-30,1722.0
ID68,1975-09-30,1722.0
ID68,1975-12-31,3066.0
ID68,1976-03-31,2368.0
ID68,1976-06-30,2034.0
ID68,1976-09-30,1656.0
ID68,1976-12-31,3187.0
ID68,1977-03-31,2456.0
ID68,1977-06-30,1936.0
ID68,1977-09-30,1835.0
ID68,1977-12-31,3499.0
ID68,1978-03-31,2286.0
ID68,1978-06-30,1720.0
ID68,1978-09-30,1964.0
ID68,1978-12-31,3335.0
ID68,1979-03-31,2962.0
ID68,1979-06-30,2731.0
ID68,1979-09-30,2639.0
ID68,1979-12-31,4270.0
ID68,1980-03-31,3625.0
ID68,1980-06-30,3123.0
ID68,1980-09-30,3404.0
ID68,1980-12-31,6275.0
ID68,1981-03-31,3768.0
ID68,1981-06-30,4030.0
ID68,1981-09-30,4330.0
ID68,1981-12-31,7493.0
ID68,1982-03-31,4950.0
ID68,1982-06-30,4993.0
ID68,1982-09-30,4441.0
ID68,1982-12-31,10012.0
ID68,1983-03-31,5620.0
ID68,1983-06-30,6990.0
ID68,1983-09-30,5401.0
ID68,1983-12-31,11738.0
ID68,1984-03-31,6762.0
ID68,1984-06-30,6980.0
ID68,1984-09-30,5746.0
ID68,1984-12-31,13560.0
ID68,1985-03-31,8269.0
ID68,1985-06-30,7488.0
ID68,1985-09-30,5743.0
ID68,1985-12-31,13863.0
ID68,1986-03-31,9573.0
ID68,1986-06-30,9369.0
ID68,1986-09-30,7880.0
ID68,1986-12-31,18168.0
ID68,1987-03-31,11900.0
ID68,1987-06-30,14257.0
ID68,1987-09-30,9505.0
ID68,1987-12-31,21315.0
ID68,1988-03-31,13275.0
ID68,1988-06-30,16496.0
ID68,1988-09-30,11303.0
ID68,1988-12-31,22407.0
ID68,1989-03-31,13109.0
ID68,1989-06-30,15559.0
ID68,1989-09-30,11407.0
ID68,1989-12-31,25108.0
ID68,1990-03-31,15290.0
ID68,1990-06-30,18087.0
ID68,1990-09-30,13340.0
ID68,1990-12-31,29159.0
ID68,1991-03-31,16770.0
ID68,1991-06-30,21590.0
ID68,1991-09-30,15508.0
ID68,1991-12-31,33632.0
ID68,1992-03-31,20444.0
ID68,1992-06-30,24036.0
ID68,1992-09-30,18984.0
ID68,1992-12-31,53347.0
ID68,1993-03-31,28739.0
ID68,1993-06-30,37349.0
ID68,1993-09-30,24540.0
ID68,1993-12-31,64232.0
ID68,1994-03-31,34434.0
ID68,1994-06-30,46164.0
ID68,1994-09-30,32853.0
ID68,1994-12-31,74203.0
ID68,1995-03-31,38116.0
ID68,1995-06-30,51282.0
ID68,1995-09-30,35773.0
ID68,1995-12-31,77202.0
ID68,1996-03-31,45608.0
ID68,1996-06-30,59564.0
ID68,1996-09-30,37408.0
ID68,1996-12-31,80227.0
ID68,1997-03-31,46221.0
ID68,1997-06-30,61788.0
ID68,1997-09-30,43957.0
ID68,1997-12-31,87348.0
ID68,1998-03-31,49503.0
ID68,1998-06-30,76054.0
ID68,1998-09-30,44484.0
ID68,1998-12-31,77041.0
ID68,1999-03-31,52668.0
ID68,1999-06-30,70348.0
ID68,1999-09-30,55553.0
ID68,1999-12-31,88383.0
ID68,2000-03-31,58707.0
ID68,2000-06-30,74410.0
ID68,2000-09-30,47425.0
ID68,2000-12-31,105191.0
ID68,2001-03-31,59978.0
ID68,2001-06-30,80705.0
ID68,2001-09-30,65394.0
ID68,2001-12-31,89899.0
ID68,2002-03-31,64252.0
ID68,2002-06-30,76224.0
ID68,2002-09-30,54317.0
ID68,2002-12-31,92055.0
ID68,2003-03-31,58250.0
ID68,2003-06-30,56982.0
ID69,1975-03-31,4039.0
ID69,1975-06-30,1271.0
ID69,1975-09-30,1543.0
ID69,1975-12-31,2715.0
ID69,1976-03-31,3713.0
ID69,1976-06-30,2016.0
ID69,1976-09-30,1671.0
ID69,1976-12-31,2798.0
ID69,1977-03-31,3996.0
ID69,1977-06-30,2016.0
ID69,1977-09-30,1457.0
ID69,1977-12-31,3306.0
ID69,1978-03-31,3636.0
ID69,1978-06-30,2215.0
ID69,1978-09-30,1872.0
ID69,1978-12-31,3116.0
ID69,1979-03-31,2594.0
ID69,1979-06-30,1977.0
ID69,1979-09-30,2044.0
ID69,1979-12-31,3778.0
ID69,1980-03-31,4064.0
ID69,1980-06-30,3348.0
ID69,1980-09-30,2782.0
ID69,1980-12-31,6213.0
ID69,1981-03-31,4674.0
ID69,1981-06-30,3638.0
ID69,1981-09-30,4045.0
ID69,1981-12-31,7691.0
ID69,1982-03-31,5791.0
ID69,1982-06-30,5236.0
ID69,1982-09-30,4020.0
ID69,1982-12-31,7885.0
ID69,1983-03-31,8040.0
ID69,1983-06-30,5329.0
ID69,1983-09-30,5652.0
ID69,1983-12-31,8728.0
ID69,1984-03-31,7616.0
ID69,1984-06-30,6047.0
ID69,1984-09-30,5451.0
ID69,1984-12-31,10148.0
ID69,1985-03-31,9228.0
ID69,1985-06-30,6761.0
ID69,1985-09-30,5507.0
ID69,1985-12-31,11430.0
ID69,1986-03-31,10181.0
ID69,1986-06-30,7618.0
ID69,1986-09-30,7206.0
ID69,1986-12-31,13661.0
ID69,1987-03-31,10836.0
ID69,1987-06-30,11669.0
ID69,1987-09-30,9355.0
ID69,1987-12-31,15263.0
ID69,1988-03-31,13190.0
ID69,1988-06-30,13295.0
ID69,1988-09-30,11013.0
ID69,1988-12-31,14631.0
ID69,1989-03-31,11918.0
ID69,1989-06-30,9768.0
ID69,1989-09-30,8978.0
ID69,1989-12-31,13643.0
ID69,1990-03-31,12729.0
ID69,1990-06-30,11139.0
ID69,1990-09-30,9229.0
ID69,1990-12-31,13517.0
ID69,1991-03-31,12306.0
ID69,1991-06-30,11496.0
ID69,1991-09-30,9451.0
ID69,1991-12-31,14764.0
ID69,1992-03-31,15110.0
ID69,1992-06-30,13325.0
ID69,1992-09-30,13599.0
ID69,1992-12-31,18340.0
ID69,1993-03-31,18845.0
ID69,1993-06-30,19043.0
ID69,1993-09-30,16545.0
ID69,1993-12-31,25971.0
ID69,1994-03-31,22954.0
ID69,1994-06-30,21841.0
ID69,1994-09-30,19920.0
ID69,1994-12-31,30366.0
ID69,1995-03-31,27609.0
ID69,1995-06-30,25788.0
ID69,1995-09-30,21613.0
ID69,1995-12-31,33209.0
ID69,1996-03-31,32781.0
ID69,1996-06-30,34753.0
ID69,1996-09-30,26573.0
ID69,1996-12-31,40335.0
ID69,1997-03-31,34401.0
ID69,1997-06-30,37040.0
ID69,1997-09-30,34502.0
ID69,1997-12-31,37701.0
ID69,1998-03-31,23768.0
ID69,1998-06-30,28827.0
ID69,1998-09-30,29141.0
ID69,1998-12-31,30334.0
ID69,1999-03-31,33265.0
ID69,1999-06-30,35382.0
ID69,1999-09-30,33408.0
ID69,1999-12-31,37725.0
ID69,2000-03-31,39094.0
ID69,2000-06-30,36578.0
ID69,2000-09-30,31261.0
ID69,2000-12-31,45114.0
ID69,2001-03-31,34901.0
ID69,2001-06-30,37136.0
ID69,2001-09-30,38584.0
ID69,2001-12-31,38765.0
ID69,2002-03-31,35203.0
ID69,2002-06-30,41668.0
ID69,2002-09-30,37350.0
ID69,2002-12-31,44751.0
ID69,2003-03-31,33177.0
ID69,2003-06-30,27124.0
ID7,1985-03-31,173868.0
ID7,1985-06-30,141618.0
ID7,1985-09-30,166601.0
ID7,1985-12-31,153680.0
ID7,1986-03-31,171839.0
ID7,1986-06-30,148698.0
ID7,1986-09-30,198739.0
ID7,1986-12-31,207943.0
ID7,1987-03-31,237782.0
ID7,1987-06-30,225414.0
ID7,1987-09-30,294437.0
ID7,1987-12-31,275892.0
ID7,1988-03-31,302869.0
ID7,1988-06-30,296841.0
ID7,1988-09-30,335848.0
ID7,1988-12-31,304912.0
ID7,1989-03-31,334947.0
ID7,1989-06-30,280261.0
ID7,1989-09-30,274014.0
ID7,1989-12-31,286967.0
ID7,1990-03-31,333010.0
ID7,1990-06-30,304002.0
ID7,1990-09-30,348311.0
ID7,1990-12-31,346354.0
ID7,1991-03-31,267564.0
ID7,1991-06-30,294658.0
ID7,1991-09-30,340496.0
ID7,1991-12-31,357119.0
ID7,1992-03-31,351502.0
ID7,1992-06-30,313915.0
ID7,1992-09-30,329835.0
ID7,1992-12-31,329147.0
ID7,1993-03-31,295801.0
ID7,1993-06-30,286411.0
ID7,1993-09-30,329535.0
ID7,1993-12-31,369158.0
ID7,1994-03-31,358257.0
ID7,1994-06-30,328781.0
ID7,1994-09-30,359800.0
ID7,1994-12-31,393794.0
ID7,1995-03-31,353591.0
ID7,1995-06-30,354852.0
ID7,1995-09-30,472879.0
ID7,1995-12-31,509961.0
ID7,1996-03-31,576903.0
ID7,1996-06-30,576656.0
ID7,1996-09-30,738727.0
ID7,1996-12-31,866197.0
ID7,1997-03-31,619563.0
ID7,1997-06-30,410356.0
ID7,1997-09-30,299746.0
ID7,1997-12-31,294755.0
ID7,1998-03-31,234112.0
ID7,1998-06-30,258615.0
ID7,1998-09-30,328472.0
ID7,1998-12-31,279380.0
ID7,1999-03-31,272939.0
ID7,1999-06-30,252661.0
ID7,1999-09-30,320867.0
ID7,1999-12-31,327604.0
ID7,2000-03-31,335187.0
ID7,2000-06-30,312304.0
ID7,2000-09-30,365048.0
ID7,2000-12-31,369878.0
ID7,2001-03-31,362075.0
ID7,2001-06-30,333366.0
ID7,2001-09-30,347471.0
ID7,2001-12-31,293626.0
ID7,2002-03-31,332848.0
ID7,2002-06-30,330972.0
ID7,2002-09-30,362200.0
ID7,2002-12-31,369000.0
ID70,1975-03-31,1849.0
ID70,1975-06-30,1434.0
ID70,1975-09-30,1459.0
ID70,1975-12-31,1520.0
ID70,1976-03-31,1712.0
ID70,1976-06-30,1466.0
ID70,1976-09-30,1392.0
ID70,1976-12-31,1754.0
ID70,1977-03-31,1852.0
ID70,1977-06-30,1389.0
ID70,1977-09-30,1118.0
ID70,1977-12-31,1623.0
ID70,1978-03-31,2021.0
ID70,1978-06-30,1871.0
ID70,1978-09-30,2093.0
ID70,1978-12-31,2130.0
ID70,1979-03-31,1861.0
ID70,1979-06-30,2309.0
ID70,1979-09-30,2368.0
ID70,1979-12-31,2329.0
ID70,1980-03-31,2520.0
ID70,1980-06-30,2834.0
ID70,1980-09-30,3617.0
ID70,1980-12-31,3708.0
ID70,1981-03-31,3277.0
ID70,1981-06-30,3462.0
ID70,1981-09-30,3468.0
ID70,1981-12-31,4865.0
ID70,1982-03-31,3318.0
ID70,1982-06-30,3096.0
ID70,1982-09-30,4171.0
ID70,1982-12-31,5011.0
ID70,1983-03-31,3203.0
ID70,1983-06-30,2687.0
ID70,1983-09-30,3068.0
ID70,1983-12-31,4343.0
ID70,1984-03-31,3103.0
ID70,1984-06-30,3457.0
ID70,1984-09-30,3115.0
ID70,1984-12-31,4555.0
ID70,1985-03-31,3821.0
ID70,1985-06-30,3616.0
ID70,1985-09-30,3020.0
ID70,1985-12-31,4836.0
ID70,1986-03-31,4231.0
ID70,1986-06-30,4412.0
ID70,1986-09-30,3724.0
ID70,1986-12-31,5377.0
ID70,1987-03-31,5203.0
ID70,1987-06-30,4845.0
ID70,1987-09-30,4612.0
ID70,1987-12-31,6815.0
ID70,1988-03-31,5172.0
ID70,1988-06-30,8966.0
ID70,1988-09-30,7129.0
ID70,1988-12-31,8305.0
ID70,1989-03-31,6711.0
ID70,1989-06-30,7338.0
ID70,1989-09-30,6516.0
ID70,1989-12-31,8450.0
ID70,1990-03-31,7565.0
ID70,1990-06-30,8795.0
ID70,1990-09-30,7797.0
ID70,1990-12-31,10188.0
ID70,1991-03-31,7814.0
ID70,1991-06-30,9573.0
ID70,1991-09-30,8096.0
ID70,1991-12-31,11451.0
ID70,1992-03-31,9111.0
ID70,1992-06-30,10795.0
ID70,1992-09-30,10484.0
ID70,1992-12-31,15473.0
ID70,1993-03-31,16282.0
ID70,1993-06-30,14070.0
ID70,1993-09-30,15552.0
ID70,1993-12-31,25638.0
ID70,1994-03-31,26143.0
ID70,1994-06-30,20820.0
ID70,1994-09-30,23207.0
ID70,1994-12-31,35524.0
ID70,1995-03-31,36137.0
ID70,1995-06-30,29350.0
ID70,1995-09-30,29555.0
ID70,1995-12-31,39935.0
ID70,1996-03-31,43124.0
ID70,1996-06-30,33701.0
ID70,1996-09-30,33576.0
ID70,1996-12-31,44065.0
ID70,1997-03-31,48605.0
ID70,1997-06-30,36980.0
ID70,1997-09-30,40337.0
ID70,1997-12-31,34435.0
ID70,1998-03-31,22971.0
ID70,1998-06-30,22289.0
ID70,1998-09-30,22246.0
ID70,1998-12-31,25536.0
ID70,1999-03-31,30207.0
ID70,1999-06-30,22428.0
ID70,1999-09-30,20389.0
ID70,1999-12-31,17957.0
ID70,2000-03-31,26035.0
ID70,2000-06-30,18751.0
ID70,2000-09-30,21741.0
ID70,2000-12-31,31580.0
ID70,2001-03-31,25494.0
ID70,2001-06-30,19458.0
ID70,2001-09-30,21786.0
ID70,2001-12-31,31140.0
ID70,2002-03-31,22061.0
ID70,2002-06-30,19655.0
ID70,2002-09-30,22064.0
ID70,2002-12-31,25639.0
ID70,2003-03-31,19931.0
ID70,2003-06-30,19227.0
ID71,1980-03-31,559.0
ID71,1980-06-30,611.0
ID71,1980-09-30,444.0
ID71,1980-12-31,1974.0
ID71,1981-03-31,826.0
ID71,1981-06-30,528.0
ID71,1981-09-30,571.0
ID71,1981-12-31,1975.0
ID71,1982-03-31,913.0
ID71,1982-06-30,718.0
ID71,1982-09-30,728.0
ID71,1982-12-31,1596.0
ID71,1983-03-31,1514.0
ID71,1983-06-30,1188.0
ID71,1983-09-30,484.0
ID71,1983-12-31,2408.0
ID71,1984-03-31,2107.0
ID71,1984-06-30,1153.0
ID71,1984-09-30,561.0
ID71,1984-12-31,3463.0
ID71,1985-03-31,2916.0
ID71,1985-06-30,1278.0
ID71,1985-09-30,847.0
ID71,1985-12-31,3010.0
ID71,1986-03-31,3548.0
ID71,1986-06-30,2232.0
ID71,1986-09-30,1147.0
ID71,1986-12-31,5035.0
ID71,1987-03-31,6280.0
ID71,1987-06-30,1972.0
ID71,1987-09-30,1865.0
ID71,1987-12-31,5944.0
ID71,1988-03-31,6569.0
ID71,1988-06-30,3117.0
ID71,1988-09-30,3654.0
ID71,1988-12-31,5866.0
ID71,1989-03-31,6948.0
ID71,1989-06-30,2438.0
ID71,1989-09-30,4273.0
ID71,1989-12-31,7862.0
ID71,1990-03-31,10963.0
ID71,1990-06-30,4539.0
ID71,1990-09-30,4243.0
ID71,1990-12-31,5523.0
ID71,1991-03-31,8277.0
ID71,1991-06-30,4561.0
ID71,1991-09-30,8197.0
ID71,1991-12-31,13693.0
ID71,1992-03-31,21770.0
ID71,1992-06-30,9245.0
ID71,1992-09-30,12187.0
ID71,1992-12-31,20264.0
ID71,1993-03-31,34990.0
ID71,1993-06-30,17477.0
ID71,1993-09-30,23325.0
ID71,1993-12-31,32885.0
ID71,1994-03-31,45142.0
ID71,1994-06-30,30113.0
ID71,1994-09-30,30433.0
ID71,1994-12-31,36814.0
ID71,1995-03-31,51307.0
ID71,1995-06-30,30557.0
ID71,1995-09-30,35895.0
ID71,1995-12-31,34248.0
ID71,1996-03-31,53324.0
ID71,1996-06-30,34596.0
ID71,1996-09-30,35123.0
ID71,1996-12-31,36354.0
ID71,1997-03-31,44924.0
ID71,1997-06-30,35963.0
ID71,1997-09-30,39522.0
ID71,1997-12-31,32831.0
ID71,1998-03-31,41410.0
ID71,1998-06-30,41014.0
ID71,1998-09-30,37629.0
ID71,1998-12-31,29892.0
ID71,1999-03-31,40422.0
ID71,1999-06-30,39329.0
ID71,1999-09-30,39959.0
ID71,1999-12-31,27765.0
ID71,2000-03-31,36652.0
ID71,2000-06-30,36503.0
ID71,2000-09-30,35863.0
ID71,2000-12-31,25311.0
ID71,2001-03-31,29822.0
ID71,2001-06-30,33355.0
ID71,2001-09-30,26644.0
ID71,2001-12-31,20268.0
ID71,2002-03-31,28142.0
ID71,2002-06-30,24090.0
ID71,2002-09-30,26117.0
ID71,2002-12-31,19082.0
ID71,2003-03-31,25754.0
ID71,2003-06-30,9826.0
ID72,1975-03-31,696.0
ID72,1975-06-30,656.0
ID72,1975-09-30,628.0
ID72,1975-12-31,751.0
ID72,1976-03-31,696.0
ID72,1976-06-30,679.0
ID72,1976-09-30,611.0
ID72,1976-12-31,693.0
ID72,1977-03-31,797.0
ID72,1977-06-30,679.0
ID72,1977-09-30,654.0
ID72,1977-12-31,747.0
ID72,1978-03-31,949.0
ID72,1978-06-30,639.0
ID72,1978-09-30,663.0
ID72,1978-12-31,882.0
ID72,1979-03-31,944.0
ID72,1979-06-30,750.0
ID72,1979-09-30,874.0
ID72,1979-12-31,906.0
ID72,1980-03-31,1228.0
ID72,1980-06-30,1039.0
ID72,1980-09-30,933.0
ID72,1980-12-31,1249.0
ID72,1981-03-31,1397.0
ID72,1981-06-30,1210.0
ID72,1981-09-30,1247.0
ID72,1981-12-31,1677.0
ID72,1982-03-31,1375.0
ID72,1982-06-30,1441.0
ID72,1982-09-30,1176.0
ID72,1982-12-31,1396.0
ID72,1983-03-31,1443.0
ID72,1983-06-30,1204.0
ID72,1983-09-30,950.0
ID72,1983-12-31,1415.0
ID72,1984-03-31,1341.0
ID72,1984-06-30,1324.0
ID72,1984-09-30,1139.0
ID72,1984-12-31,1625.0
ID72,1985-03-31,1421.0
ID72,1985-06-30,1442.0
ID72,1985-09-30,1356.0
ID72,1985-12-31,1641.0
ID72,1986-03-31,1788.0
ID72,1986-06-30,2039.0
ID72,1986-09-30,1563.0
ID72,1986-12-31,2666.0
ID72,1987-03-31,2667.0
ID72,1987-06-30,2696.0
ID72,1987-09-30,2636.0
ID72,1987-12-31,3157.0
ID72,1988-03-31,2784.0
ID72,1988-06-30,4731.0
ID72,1988-09-30,3780.0
ID72,1988-12-31,4571.0
ID72,1989-03-31,4694.0
ID72,1989-06-30,4544.0
ID72,1989-09-30,3322.0
ID72,1989-12-31,4780.0
ID72,1990-03-31,4812.0
ID72,1990-06-30,5289.0
ID72,1990-09-30,3565.0
ID72,1990-12-31,5962.0
ID72,1991-03-31,4847.0
ID72,1991-06-30,7095.0
ID72,1991-09-30,4647.0
ID72,1991-12-31,8077.0
ID72,1992-03-31,6889.0
ID72,1992-06-30,8423.0
ID72,1992-09-30,8035.0
ID72,1992-12-31,10213.0
ID72,1993-03-31,7907.0
ID72,1993-06-30,14290.0
ID72,1993-09-30,8179.0
ID72,1993-12-31,16114.0
ID72,1994-03-31,12935.0
ID72,1994-06-30,20982.0
ID72,1994-09-30,13170.0
ID72,1994-12-31,19755.0
ID72,1995-03-31,15490.0
ID72,1995-06-30,29273.0
ID72,1995-09-30,14808.0
ID72,1995-12-31,21786.0
ID72,1996-03-31,18781.0
ID72,1996-06-30,27866.0
ID72,1996-09-30,18871.0
ID72,1996-12-31,23391.0
ID72,1997-03-31,18375.0
ID72,1997-06-30,26671.0
ID72,1997-09-30,10663.0
ID72,1997-12-31,12876.0
ID72,1998-03-31,9882.0
ID72,1998-06-30,11475.0
ID72,1998-09-30,13005.0
ID72,1998-12-31,14787.0
ID72,1999-03-31,11521.0
ID72,1999-06-30,20267.0
ID72,1999-09-30,12583.0
ID72,1999-12-31,17528.0
ID72,2000-03-31,14914.0
ID72,2000-06-30,23005.0
ID72,2000-09-30,13851.0
ID72,2000-12-31,20982.0
ID72,2001-03-31,17759.0
ID72,2001-06-30,25268.0
ID72,2001-09-30,18051.0
ID72,2001-12-31,18851.0
ID72,2002-03-31,18762.0
ID72,2002-06-30,24335.0
ID72,2002-09-30,19992.0
ID72,2002-12-31,19589.0
ID72,2003-03-31,18697.0
ID72,2003-06-30,17223.0
ID73,1980-03-31,449.0
ID73,1980-06-30,417.0
ID73,1980-09-30,372.0
ID73,1980-12-31,335.0
ID73,1981-03-31,557.0
ID73,1981-06-30,347.0
ID73,1981-09-30,513.0
ID73,1981-12-31,783.0
ID73,1982-03-31,611.0
ID73,1982-06-30,715.0
ID73,1982-09-30,665.0
ID73,1982-12-31,726.0
ID73,1983-03-31,625.0
ID73,1983-06-30,404.0
ID73,1983-09-30,572.0
ID73,1983-12-31,733.0
ID73,1984-03-31,614.0
ID73,1984-06-30,617.0
ID73,1984-09-30,694.0
ID73,1984-12-31,1067.0
ID73,1985-03-31,784.0
ID73,1985-06-30,803.0
ID73,1985-09-30,921.0
ID73,1985-12-31,1181.0
ID73,1986-03-31,1182.0
ID73,1986-06-30,1165.0
ID73,1986-09-30,948.0
ID73,1986-12-31,1554.0
ID73,1987-03-31,1403.0
ID73,1987-06-30,1549.0
ID73,1987-09-30,1662.0
ID73,1987-12-31,2268.0
ID73,1988-03-31,2343.0
ID73,1988-06-30,2060.0
ID73,1988-09-30,2166.0
ID73,1988-12-31,2667.0
ID73,1989-03-31,2463.0
ID73,1989-06-30,2221.0
ID73,1989-09-30,2714.0
ID73,1989-12-31,2995.0
ID73,1990-03-31,3211.0
ID73,1990-06-30,3033.0
ID73,1990-09-30,3719.0
ID73,1990-12-31,4128.0
ID73,1991-03-31,4552.0
ID73,1991-06-30,5976.0
ID73,1991-09-30,6845.0
ID73,1991-12-31,6190.0
ID73,1992-03-31,9911.0
ID73,1992-06-30,5949.0
ID73,1992-09-30,8277.0
ID73,1992-12-31,9381.0
ID73,1993-03-31,16795.0
ID73,1993-06-30,10079.0
ID73,1993-09-30,14521.0
ID73,1993-12-31,20618.0
ID73,1994-03-31,32377.0
ID73,1994-06-30,16618.0
ID73,1994-09-30,27826.0
ID73,1994-12-31,33441.0
ID73,1995-03-31,47050.0
ID73,1995-06-30,28182.0
ID73,1995-09-30,38047.0
ID73,1995-12-31,54705.0
ID73,1996-03-31,61272.0
ID73,1996-06-30,41927.0
ID73,1996-09-30,51083.0
ID73,1996-12-31,73598.0
ID73,1997-03-31,71931.0
ID73,1997-06-30,53808.0
ID73,1997-09-30,53481.0
ID73,1997-12-31,54596.0
ID73,1998-03-31,13586.0
ID73,1998-06-30,11561.0
ID73,1998-09-30,17625.0
ID73,1998-12-31,23843.0
ID73,1999-03-31,26486.0
ID73,1999-06-30,20404.0
ID73,1999-09-30,24557.0
ID73,1999-12-31,37165.0
ID73,2000-03-31,44677.0
ID73,2000-06-30,32908.0
ID73,2000-09-30,37491.0
ID73,2000-12-31,42233.0
ID73,2001-03-31,48731.0
ID73,2001-06-30,36137.0
ID73,2001-09-30,39178.0
ID73,2001-12-31,51558.0
ID73,2002-03-31,51440.0
ID73,2002-06-30,38884.0
ID73,2002-09-30,41944.0
ID73,2002-12-31,57420.0
ID73,2003-03-31,60160.0
ID73,2003-06-30,36217.0
ID74,1980-03-31,302.0
ID74,1980-06-30,306.0
ID74,1980-09-30,376.0
ID74,1980-12-31,496.0
ID74,1981-03-31,336.0
ID74,1981-06-30,461.0
ID74,1981-09-30,366.0
ID74,1981-12-31,555.0
ID74,1982-03-31,553.0
ID74,1982-06-30,566.0
ID74,1982-09-30,552.0
ID74,1982-12-31,505.0
ID74,1983-03-31,517.0
ID74,1983-06-30,582.0
ID74,1983-09-30,522.0
ID74,1983-12-31,684.0
ID74,1984-03-31,396.0
ID74,1984-06-30,650.0
ID74,1984-09-30,771.0
ID74,1984-12-31,1216.0
ID74,1985-03-31,1418.0
ID74,1985-06-30,1141.0
ID74,1985-09-30,1122.0
ID74,1985-12-31,1619.0
ID74,1986-03-31,1476.0
ID74,1986-06-30,1298.0
ID74,1986-09-30,1623.0
ID74,1986-12-31,1820.0
ID74,1987-03-31,1940.0
ID74,1987-06-30,1935.0
ID74,1987-09-30,2933.0
ID74,1987-12-31,4056.0
ID74,1988-03-31,2905.0
ID74,1988-06-30,4079.0
ID74,1988-09-30,4894.0
ID74,1988-12-31,6116.0
ID74,1989-03-31,7328.0
ID74,1989-06-30,5367.0
ID74,1989-09-30,3438.0
ID74,1989-12-31,12953.0
ID74,1990-03-31,8384.0
ID74,1990-06-30,8255.0
ID74,1990-09-30,3403.0
ID74,1990-12-31,3658.0
ID74,1991-03-31,3835.0
ID74,1991-06-30,3381.0
ID74,1991-09-30,4106.0
ID74,1991-12-31,5042.0
ID74,1992-03-31,4851.0
ID74,1992-06-30,4123.0
ID74,1992-09-30,4325.0
ID74,1992-12-31,5328.0
ID74,1993-03-31,4664.0
ID74,1993-06-30,5146.0
ID74,1993-09-30,5611.0
ID74,1993-12-31,6823.0
ID74,1994-03-31,5698.0
ID74,1994-06-30,6869.0
ID74,1994-09-30,7091.0
ID74,1994-12-31,10013.0
ID74,1995-03-31,8458.0
ID74,1995-06-30,9015.0
ID74,1995-09-30,10243.0
ID74,1995-12-31,14928.0
ID74,1996-03-31,11784.0
ID74,1996-06-30,12787.0
ID74,1996-09-30,12871.0
ID74,1996-12-31,16527.0
ID74,1997-03-31,15153.0
ID74,1997-06-30,15898.0
ID74,1997-09-30,14628.0
ID74,1997-12-31,20187.0
ID74,1998-03-31,19631.0
ID74,1998-06-30,17485.0
ID74,1998-09-30,19537.0
ID74,1998-12-31,19863.0
ID74,1999-03-31,22761.0
ID74,1999-06-30,19414.0
ID74,1999-09-30,22813.0
ID74,1999-12-31,27597.0
ID74,2000-03-31,30152.0
ID74,2000-06-30,24425.0
ID74,2000-09-30,30210.0
ID74,2000-12-31,35450.0
ID74,2001-03-31,45304.0
ID74,2001-06-30,32519.0
ID74,2001-09-30,40940.0
ID74,2001-12-31,39243.0
ID74,2002-03-31,53900.0
ID74,2002-06-30,38240.0
ID74,2002-09-30,47242.0
ID74,2002-12-31,50655.0
ID74,2003-03-31,62135.0
ID74,2003-06-30,17085.0
ID75,1980-03-31,2978.0
ID75,1980-06-30,3035.0
ID75,1980-09-30,2492.0
ID75,1980-12-31,3192.0
ID75,1981-03-31,3573.0
ID75,1981-06-30,3739.0
ID75,1981-09-30,3373.0
ID75,1981-12-31,4414.0
ID75,1982-03-31,3448.0
ID75,1982-06-30,4199.0
ID75,1982-09-30,4048.0
ID75,1982-12-31,4823.0
ID75,1983-03-31,3703.0
ID75,1983-06-30,4000.0
ID75,1983-09-30,3971.0
ID75,1983-12-31,4131.0
ID75,1984-03-31,4157.0
ID75,1984-06-30,4904.0
ID75,1984-09-30,4123.0
ID75,1984-12-31,5669.0
ID75,1985-03-31,5570.0
ID75,1985-06-30,5393.0
ID75,1985-09-30,5026.0
ID75,1985-12-31,6042.0
ID75,1986-03-31,5293.0
ID75,1986-06-30,5997.0
ID75,1986-09-30,5456.0
ID75,1986-12-31,7978.0
ID75,1987-03-31,6241.0
ID75,1987-06-30,7559.0
ID75,1987-09-30,6402.0
ID75,1987-12-31,7478.0
ID75,1988-03-31,7460.0
ID75,1988-06-30,10247.0
ID75,1988-09-30,8659.0
ID75,1988-12-31,8827.0
ID75,1989-03-31,7819.0
ID75,1989-06-30,9100.0
ID75,1989-09-30,7763.0
ID75,1989-12-31,8954.0
ID75,1990-03-31,9146.0
ID75,1990-06-30,9743.0
ID75,1990-09-30,8849.0
ID75,1990-12-31,9207.0
ID75,1991-03-31,8896.0
ID75,1991-06-30,10348.0
ID75,1991-09-30,9063.0
ID75,1991-12-31,10841.0
ID75,1992-03-31,10712.0
ID75,1992-06-30,11294.0
ID75,1992-09-30,8751.0
ID75,1992-12-31,11332.0
ID75,1993-03-31,10813.0
ID75,1993-06-30,12734.0
ID75,1993-09-30,9374.0
ID75,1993-12-31,11601.0
ID75,1994-03-31,13090.0
ID75,1994-06-30,14689.0
ID75,1994-09-30,12907.0
ID75,1994-12-31,15049.0
ID75,1995-03-31,14502.0
ID75,1995-06-30,18343.0
ID75,1995-09-30,15468.0
ID75,1995-12-31,20417.0
ID75,1996-03-31,19298.0
ID75,1996-06-30,22504.0
ID75,1996-09-30,18389.0
ID75,1996-12-31,23514.0
ID75,1997-03-31,23368.0
ID75,1997-06-30,25713.0
ID75,1997-09-30,22550.0
ID75,1997-12-31,26468.0
ID75,1998-03-31,23132.0
ID75,1998-06-30,26911.0
ID75,1998-09-30,22775.0
ID75,1998-12-31,28738.0
ID75,1999-03-31,27138.0
ID75,1999-06-30,29571.0
ID75,1999-09-30,24526.0
ID75,1999-12-31,29855.0
ID75,2000-03-31,28745.0
ID75,2000-06-30,34662.0
ID75,2000-09-30,31286.0
ID75,2000-12-31,32157.0
ID75,2001-03-31,30089.0
ID75,2001-06-30,33960.0
ID75,2001-09-30,28795.0
ID75,2001-12-31,30582.0
ID75,2002-03-31,29655.0
ID75,2002-06-30,32956.0
ID75,2002-09-30,25120.0
ID75,2002-12-31,29332.0
ID75,2003-03-31,26613.0
ID75,2003-06-30,28003.0
ID76,1975-03-31,18435.0
ID76,1975-06-30,11184.0
ID76,1975-09-30,13412.0
ID76,1975-12-31,21380.0
ID76,1976-03-31,24928.0
ID76,1976-06-30,12727.0
ID76,1976-09-30,15096.0
ID76,1976-12-31,22937.0
ID76,1977-03-31,22711.0
ID76,1977-06-30,14131.0
ID76,1977-09-30,14814.0
ID76,1977-12-31,24580.0
ID76,1978-03-31,22156.0
ID76,1978-06-30,14657.0
ID76,1978-09-30,16162.0
ID76,1978-12-31,27997.0
ID76,1979-03-31,26572.0
ID76,1979-06-30,17209.0
ID76,1979-09-30,20523.0
ID76,1979-12-31,32700.0
ID76,1980-03-31,36468.0
ID76,1980-06-30,22037.0
ID76,1980-09-30,19916.0
ID76,1980-12-31,33048.0
ID76,1981-03-31,32316.0
ID76,1981-06-30,23721.0
ID76,1981-09-30,24533.0
ID76,1981-12-31,33438.0
ID76,1982-03-31,33527.0
ID76,1982-06-30,28366.0
ID76,1982-09-30,30856.0
ID76,1982-12-31,33293.0
ID76,1983-03-31,32472.0
ID76,1983-06-30,32369.0
ID76,1983-09-30,37476.0
ID76,1983-12-31,38112.0
ID76,1984-03-31,42553.0
ID76,1984-06-30,41277.0
ID76,1984-09-30,33056.0
ID76,1984-12-31,44472.0
ID76,1985-03-31,47792.0
ID76,1985-06-30,43070.0
ID76,1985-09-30,41116.0
ID76,1985-12-31,65428.0
ID76,1986-03-31,59377.0
ID76,1986-06-30,53283.0
ID76,1986-09-30,48510.0
ID76,1986-12-31,85878.0
ID76,1987-03-31,84130.0
ID76,1987-06-30,64347.0
ID76,1987-09-30,65976.0
ID76,1987-12-31,96165.0
ID76,1988-03-31,78609.0
ID76,1988-06-30,69306.0
ID76,1988-09-30,86267.0
ID76,1988-12-31,92738.0
ID76,1989-03-31,73321.0
ID76,1989-06-30,59819.0
ID76,1989-09-30,60868.0
ID76,1989-12-31,67761.0
ID76,1990-03-31,67637.0
ID76,1990-06-30,56153.0
ID76,1990-09-30,58783.0
ID76,1990-12-31,69018.0
ID76,1991-03-31,63235.0
ID76,1991-06-30,56691.0
ID76,1991-09-30,85473.0
ID76,1991-12-31,66332.0
ID76,1992-03-31,69861.0
ID76,1992-06-30,61501.0
ID76,1992-09-30,57869.0
ID76,1992-12-31,73632.0
ID76,1993-03-31,76323.0
ID76,1993-06-30,62718.0
ID76,1993-09-30,64731.0
ID76,1993-12-31,77495.0
ID76,1994-03-31,81428.0
ID76,1994-06-30,63554.0
ID76,1994-09-30,66505.0
ID76,1994-12-31,78190.0
ID76,1995-03-31,83047.0
ID76,1995-06-30,67448.0
ID76,1995-09-30,69234.0
ID76,1995-12-31,85160.0
ID76,1996-03-31,84995.0
ID76,1996-06-30,71005.0
ID76,1996-09-30,71412.0
ID76,1996-12-31,89483.0
ID76,1997-03-31,87405.0
ID76,1997-06-30,73061.0
ID76,1997-09-30,79986.0
ID76,1997-12-31,89141.0
ID76,1998-03-31,101167.0
ID76,1998-06-30,85384.0
ID76,1998-09-30,82586.0
ID76,1998-12-31,104760.0
ID76,1999-03-31,113860.0
ID76,1999-06-30,92494.0
ID76,1999-09-30,95001.0
ID76,1999-12-31,115704.0
ID76,2000-03-31,118840.0
ID76,2000-06-30,107313.0
ID76,2000-09-30,131833.0
ID76,2000-12-31,130100.0
ID76,2001-03-31,126702.0
ID76,2001-06-30,113471.0
ID76,2001-09-30,105239.0
ID76,2001-12-31,101058.0
ID76,2002-03-31,121127.0
ID76,2002-06-30,97016.0
ID76,2002-09-30,102261.0
ID76,2002-12-31,114103.0
ID76,2003-03-31,112908.0
ID76,2003-06-30,94212.0
ID77,1980-03-31,11403.0
ID77,1980-06-30,4314.0
ID77,1980-09-30,3883.0
ID77,1980-12-31,8899.0
ID77,1981-03-31,10561.0
ID77,1981-06-30,5286.0
ID77,1981-09-30,5799.0
ID77,1981-12-31,9324.0
ID77,1982-03-31,9431.0
ID77,1982-06-30,6270.0
ID77,1982-09-30,7431.0
ID77,1982-12-31,9354.0
ID77,1983-03-31,9558.0
ID77,1983-06-30,5896.0
ID77,1983-09-30,7499.0
ID77,1983-12-31,10109.0
ID77,1984-03-31,11090.0
ID77,1984-06-30,6711.0
ID77,1984-09-30,6593.0
ID77,1984-12-31,10163.0
ID77,1985-03-31,12063.0
ID77,1985-06-30,8034.0
ID77,1985-09-30,6714.0
ID77,1985-12-31,14125.0
ID77,1986-03-31,13715.0
ID77,1986-06-30,8047.0
ID77,1986-09-30,8178.0
ID77,1986-12-31,17050.0
ID77,1987-03-31,14973.0
ID77,1987-06-30,9963.0
ID77,1987-09-30,8935.0
ID77,1987-12-31,18892.0
ID77,1988-03-31,15439.0
ID77,1988-06-30,12633.0
ID77,1988-09-30,17669.0
ID77,1988-12-31,20970.0
ID77,1989-03-31,17556.0
ID77,1989-06-30,9314.0
ID77,1989-09-30,10757.0
ID77,1989-12-31,16597.0
ID77,1990-03-31,15389.0
ID77,1990-06-30,9623.0
ID77,1990-09-30,12041.0
ID77,1990-12-31,16683.0
ID77,1991-03-31,15048.0
ID77,1991-06-30,8917.0
ID77,1991-09-30,13439.0
ID77,1991-12-31,15956.0
ID77,1992-03-31,14776.0
ID77,1992-06-30,8779.0
ID77,1992-09-30,9855.0
ID77,1992-12-31,15538.0
ID77,1993-03-31,15057.0
ID77,1993-06-30,8880.0
ID77,1993-09-30,9874.0
ID77,1993-12-31,16752.0
ID77,1994-03-31,16730.0
ID77,1994-06-30,8986.0
ID77,1994-09-30,11094.0
ID77,1994-12-31,17458.0
ID77,1995-03-31,16955.0
ID77,1995-06-30,9808.0
ID77,1995-09-30,12395.0
ID77,1995-12-31,19196.0
ID77,1996-03-31,19185.0
ID77,1996-06-30,10911.0
ID77,1996-09-30,11957.0
ID77,1996-12-31,19064.0
ID77,1997-03-31,19432.0
ID77,1997-06-30,10977.0
ID77,1997-09-30,13576.0
ID77,1997-12-31,20784.0
ID77,1998-03-31,21573.0
ID77,1998-06-30,12396.0
ID77,1998-09-30,15247.0
ID77,1998-12-31,22472.0
ID77,1999-03-31,25443.0
ID77,1999-06-30,12314.0
ID77,1999-09-30,15261.0
ID77,1999-12-31,25377.0
ID77,2000-03-31,25039.0
ID77,2000-06-30,14220.0
ID77,2000-09-30,20262.0
ID77,2000-12-31,28737.0
ID77,2001-03-31,30527.0
ID77,2001-06-30,16610.0
ID77,2001-09-30,17506.0
ID77,2001-12-31,28516.0
ID77,2002-03-31,32401.0
ID77,2002-06-30,14616.0
ID77,2002-09-30,16296.0
ID77,2002-12-31,27549.0
ID77,2003-03-31,28997.0
ID77,2003-06-30,13680.0
ID78,1975-03-31,19694.0
ID78,1975-06-30,11016.0
ID78,1975-09-30,12595.0
ID78,1975-12-31,29306.0
ID78,1976-03-31,21733.0
ID78,1976-06-30,10662.0
ID78,1976-09-30,12803.0
ID78,1976-12-31,28664.0
ID78,1977-03-31,22875.0
ID78,1977-06-30,11531.0
ID78,1977-09-30,13625.0
ID78,1977-12-31,34198.0
ID78,1978-03-31,23724.0
ID78,1978-06-30,12598.0
ID78,1978-09-30,14639.0
ID78,1978-12-31,40492.0
ID78,1979-03-31,29689.0
ID78,1979-06-30,17405.0
ID78,1979-09-30,23324.0
ID78,1979-12-31,47057.0
ID78,1980-03-31,42993.0
ID78,1980-06-30,17600.0
ID78,1980-09-30,21073.0
ID78,1980-12-31,46804.0
ID78,1981-03-31,45266.0
ID78,1981-06-30,19886.0
ID78,1981-09-30,24839.0
ID78,1981-12-31,52264.0
ID78,1982-03-31,53636.0
ID78,1982-06-30,34802.0
ID78,1982-09-30,31126.0
ID78,1982-12-31,53619.0
ID78,1983-03-31,43423.0
ID78,1983-06-30,23421.0
ID78,1983-09-30,29142.0
ID78,1983-12-31,51771.0
ID78,1984-03-31,44182.0
ID78,1984-06-30,24920.0
ID78,1984-09-30,27566.0
ID78,1984-12-31,48880.0
ID78,1985-03-31,49563.0
ID78,1985-06-30,23867.0
ID78,1985-09-30,25895.0
ID78,1985-12-31,54092.0
ID78,1986-03-31,54903.0
ID78,1986-06-30,26089.0
ID78,1986-09-30,28248.0
ID78,1986-12-31,66813.0
ID78,1987-03-31,61167.0
ID78,1987-06-30,32400.0
ID78,1987-09-30,33287.0
ID78,1987-12-31,72115.0
ID78,1988-03-31,81925.0
ID78,1988-06-30,42091.0
ID78,1988-09-30,46253.0
ID78,1988-12-31,90062.0
ID78,1989-03-31,84191.0
ID78,1989-06-30,48709.0
ID78,1989-09-30,46905.0
ID78,1989-12-31,93075.0
ID78,1990-03-31,81185.0
ID78,1990-06-30,53693.0
ID78,1990-09-30,48037.0
ID78,1990-12-31,94827.0
ID78,1991-03-31,79365.0
ID78,1991-06-30,52961.0
ID78,1991-09-30,42366.0
ID78,1991-12-31,89041.0
ID78,1992-03-31,87850.0
ID78,1992-06-30,57261.0
ID78,1992-09-30,51058.0
ID78,1992-12-31,93736.0
ID78,1993-03-31,95137.0
ID78,1993-06-30,55661.0
ID78,1993-09-30,56400.0
ID78,1993-12-31,103089.0
ID78,1994-03-31,100250.0
ID78,1994-06-30,57464.0
ID78,1994-09-30,61831.0
ID78,1994-12-31,115736.0
ID78,1995-03-31,112684.0
ID78,1995-06-30,64209.0
ID78,1995-09-30,59287.0
ID78,1995-12-31,111719.0
ID78,1996-03-31,108173.0
ID78,1996-06-30,64632.0
ID78,1996-09-30,64742.0
ID78,1996-12-31,129994.0
ID78,1997-03-31,126261.0
ID78,1997-06-30,65146.0
ID78,1997-09-30,74071.0
ID78,1997-12-31,145139.0
ID78,1998-03-31,143115.0
ID78,1998-06-30,82747.0
ID78,1998-09-30,78303.0
ID78,1998-12-31,163356.0
ID78,1999-03-31,160239.0
ID78,1999-06-30,81152.0
ID78,1999-09-30,107941.0
ID78,1999-12-31,179102.0
ID78,2000-03-31,161953.0
ID78,2000-06-30,105394.0
ID78,2000-09-30,107231.0
ID78,2000-12-31,205874.0
ID78,2001-03-31,184901.0
ID78,2001-06-30,107454.0
ID78,2001-09-30,121889.0
ID78,2001-12-31,202988.0
ID78,2002-03-31,206653.0
ID78,2002-06-30,95560.0
ID78,2002-09-30,115945.0
ID78,2002-12-31,224491.0
ID78,2003-03-31,196252.0
ID78,2003-06-30,107525.0
ID79,1975-03-31,2993.0
ID79,1975-06-30,1773.0
ID79,1975-09-30,2007.0
ID79,1975-12-31,4252.0
ID79,1976-03-31,3259.0
ID79,1976-06-30,2108.0
ID79,1976-09-30,2422.0
ID79,1976-12-31,4547.0
ID79,1977-03-31,4647.0
ID79,1977-06-30,2332.0
ID79,1977-09-30,2814.0
ID79,1977-12-31,5414.0
ID79,1978-03-31,5143.0
ID79,1978-06-30,2574.0
ID79,1978-09-30,3762.0
ID79,1978-12-31,6936.0
ID79,1979-03-31,7528.0
ID79,1979-06-30,5034.0
ID79,1979-09-30,5799.0
ID79,1979-12-31,10436.0
ID79,1980-03-31,11473.0
ID79,1980-06-30,5128.0
ID79,1980-09-30,6243.0
ID79,1980-12-31,12539.0
ID79,1981-03-31,12178.0
ID79,1981-06-30,5543.0
ID79,1981-09-30,7267.0
ID79,1981-12-31,14084.0
ID79,1982-03-31,13801.0
ID79,1982-06-30,6026.0
ID79,1982-09-30,6817.0
ID79,1982-12-31,12268.0
ID79,1983-03-31,11778.0
ID79,1983-06-30,5190.0
ID79,1983-09-30,6577.0
ID79,1983-12-31,11074.0
ID79,1984-03-31,10290.0
ID79,1984-06-30,5169.0
ID79,1984-09-30,6331.0
ID79,1984-12-31,12442.0
ID79,1985-03-31,11608.0
ID79,1985-06-30,5213.0
ID79,1985-09-30,7087.0
ID79,1985-12-31,13454.0
ID79,1986-03-31,12688.0
ID79,1986-06-30,5375.0
ID79,1986-09-30,8229.0
ID79,1986-12-31,15596.0
ID79,1987-03-31,15579.0
ID79,1987-06-30,7726.0
ID79,1987-09-30,9823.0
ID79,1987-12-31,20146.0
ID79,1988-03-31,21640.0
ID79,1988-06-30,8477.0
ID79,1988-09-30,14088.0
ID79,1988-12-31,21734.0
ID79,1989-03-31,22207.0
ID79,1989-06-30,10491.0
ID79,1989-09-30,14148.0
ID79,1989-12-31,21217.0
ID79,1990-03-31,21219.0
ID79,1990-06-30,13731.0
ID79,1990-09-30,16642.0
ID79,1990-12-31,22573.0
ID79,1991-03-31,21182.0
ID79,1991-06-30,12799.0
ID79,1991-09-30,16753.0
ID79,1991-12-31,26990.0
ID79,1992-03-31,24852.0
ID79,1992-06-30,16631.0
ID79,1992-09-30,18075.0
ID79,1992-12-31,30278.0
ID79,1993-03-31,29381.0
ID79,1993-06-30,19064.0
ID79,1993-09-30,22264.0
ID79,1993-12-31,34847.0
ID79,1994-03-31,38758.0
ID79,1994-06-30,20072.0
ID79,1994-09-30,25632.0
ID79,1994-12-31,38222.0
ID79,1995-03-31,37118.0
ID79,1995-06-30,21857.0
ID79,1995-09-30,28049.0
ID79,1995-12-31,37144.0
ID79,1996-03-31,36325.0
ID79,1996-06-30,21835.0
ID79,1996-09-30,26245.0
ID79,1996-12-31,41018.0
ID79,1997-03-31,38262.0
ID79,1997-06-30,21902.0
ID79,1997-09-30,27506.0
ID79,1997-12-31,41249.0
ID79,1998-03-31,39522.0
ID79,1998-06-30,21929.0
ID79,1998-09-30,26198.0
ID79,1998-12-31,39709.0
ID79,1999-03-31,40430.0
ID79,1999-06-30,23472.0
ID79,1999-09-30,29565.0
ID79,1999-12-31,51037.0
ID79,2000-03-31,41959.0
ID79,2000-06-30,24637.0
ID79,2000-09-30,32296.0
ID79,2000-12-31,44363.0
ID79,2001-03-31,45067.0
ID79,2001-06-30,25807.0
ID79,2001-09-30,34011.0
ID79,2001-12-31,42735.0
ID79,2002-03-31,38216.0
ID79,2002-06-30,21798.0
ID79,2002-09-30,31480.0
ID79,2002-12-31,43316.0
ID79,2003-03-31,38797.0
ID79,2003-06-30,20442.0
ID8,1985-03-31,11607.0
ID8,1985-06-30,10928.0
ID8,1985-09-30,10524.0
ID8,1985-12-31,11669.0
ID8,1986-03-31,10578.0
ID8,1986-06-30,11053.0
ID8,1986-09-30,10556.0
ID8,1986-12-31,12825.0
ID8,1987-03-31,12094.0
ID8,1987-06-30,13370.0
ID8,1987-09-30,14243.0
ID8,1987-12-31,16217.0
ID8,1988-03-31,19720.0
ID8,1988-06-30,21907.0
ID8,1988-09-30,25746.0
ID8,1988-12-31,33989.0
ID8,1989-03-31,47044.0
ID8,1989-06-30,34910.0
ID8,1989-09-30,40857.0
ID8,1989-12-31,44184.0
ID8,1990-03-31,52826.0
ID8,1990-06-30,38785.0
ID8,1990-09-30,49384.0
ID8,1990-12-31,43749.0
ID8,1991-03-31,43319.0
ID8,1991-06-30,40994.0
ID8,1991-09-30,54940.0
ID8,1991-12-31,45339.0
ID8,1992-03-31,53502.0
ID8,1992-06-30,43273.0
ID8,1992-09-30,47376.0
ID8,1992-12-31,52131.0
ID8,1993-03-31,58969.0
ID8,1993-06-30,49746.0
ID8,1993-09-30,55901.0
ID8,1993-12-31,60462.0
ID8,1994-03-31,74333.0
ID8,1994-06-30,65576.0
ID8,1994-09-30,71632.0
ID8,1994-12-31,70851.0
ID8,1995-03-31,97223.0
ID8,1995-06-30,74344.0
ID8,1995-09-30,89735.0
ID8,1995-12-31,91679.0
ID8,1996-03-31,137924.0
ID8,1996-06-30,96838.0
ID8,1996-09-30,127107.0
ID8,1996-12-31,111093.0
ID8,1997-03-31,139669.0
ID8,1997-06-30,102946.0
ID8,1997-09-30,96588.0
ID8,1997-12-31,78578.0
ID8,1998-03-31,40482.0
ID8,1998-06-30,48034.0
ID8,1998-09-30,51186.0
ID8,1998-12-31,58214.0
ID8,1999-03-31,64062.0
ID8,1999-06-30,61905.0
ID8,1999-09-30,81089.0
ID8,1999-12-31,83959.0
ID8,2000-03-31,88809.0
ID8,2000-06-30,82861.0
ID8,2000-09-30,99074.0
ID8,2000-12-31,101895.0
ID8,2001-03-31,100635.0
ID8,2001-06-30,104225.0
ID8,2001-09-30,112241.0
ID8,2001-12-31,108631.0
ID8,2002-03-31,118817.0
ID8,2002-06-30,102126.0
ID8,2002-09-30,112969.0
ID8,2002-12-31,123526.0
ID80,1980-03-31,20544.0
ID80,1980-06-30,11395.0
ID80,1980-09-30,14450.0
ID80,1980-12-31,27371.0
ID80,1981-03-31,21519.0
ID80,1981-06-30,12333.0
ID80,1981-09-30,15847.0
ID80,1981-12-31,29312.0
ID80,1982-03-31,22078.0
ID80,1982-06-30,13981.0
ID80,1982-09-30,17683.0
ID80,1982-12-31,29697.0
ID80,1983-03-31,21597.0
ID80,1983-06-30,13025.0
ID80,1983-09-30,17709.0
ID80,1983-12-31,29270.0
ID80,1984-03-31,22339.0
ID80,1984-06-30,14659.0
ID80,1984-09-30,18355.0
ID80,1984-12-31,33418.0
ID80,1985-03-31,26952.0
ID80,1985-06-30,17489.0
ID80,1985-09-30,20737.0
ID80,1985-12-31,38690.0
ID80,1986-03-31,31842.0
ID80,1986-06-30,18717.0
ID80,1986-09-30,24801.0
ID80,1986-12-31,47127.0
ID80,1987-03-31,40933.0
ID80,1987-06-30,22713.0
ID80,1987-09-30,31443.0
ID80,1987-12-31,57069.0
ID80,1988-03-31,53863.0
ID80,1988-06-30,29193.0
ID80,1988-09-30,42243.0
ID80,1988-12-31,68602.0
ID80,1989-03-31,50809.0
ID80,1989-06-30,28846.0
ID80,1989-09-30,39241.0
ID80,1989-12-31,59177.0
ID80,1990-03-31,50261.0
ID80,1990-06-30,28170.0
ID80,1990-09-30,43403.0
ID80,1990-12-31,66949.0
ID80,1991-03-31,45354.0
ID80,1991-06-30,29535.0
ID80,1991-09-30,39202.0
ID80,1991-12-31,69619.0
ID80,1992-03-31,51121.0
ID80,1992-06-30,28910.0
ID80,1992-09-30,44267.0
ID80,1992-12-31,67818.0
ID80,1993-03-31,52610.0
ID80,1993-06-30,32276.0
ID80,1993-09-30,52880.0
ID80,1993-12-31,78452.0
ID80,1994-03-31,68876.0
ID80,1994-06-30,37974.0
ID80,1994-09-30,63628.0
ID80,1994-12-31,87306.0
ID80,1995-03-31,72344.0
ID80,1995-06-30,40954.0
ID80,1995-09-30,66935.0
ID80,1995-12-31,94032.0
ID80,1996-03-31,75733.0
ID80,1996-06-30,47101.0
ID80,1996-09-30,72114.0
ID80,1996-12-31,105277.0
ID80,1997-03-31,86971.0
ID80,1997-06-30,52052.0
ID80,1997-09-30,77948.0
ID80,1997-12-31,111695.0
ID80,1998-03-31,91764.0
ID80,1998-06-30,51369.0
ID80,1998-09-30,89667.0
ID80,1998-12-31,118030.0
ID80,1999-03-31,98784.0
ID80,1999-06-30,58814.0
ID80,1999-09-30,97689.0
ID80,1999-12-31,137718.0
ID80,2000-03-31,115908.0
ID80,2000-06-30,71775.0
ID80,2000-09-30,124396.0
ID80,2000-12-31,151212.0
ID80,2001-03-31,113688.0
ID80,2001-06-30,66900.0
ID80,2001-09-30,100540.0
ID80,2001-12-31,127178.0
ID80,2002-03-31,107703.0
ID80,2002-06-30,66734.0
ID80,2002-09-30,91535.0
ID80,2002-12-31,132508.0
ID80,2003-03-31,108172.0
ID80,2003-06-30,56511.0
ID81,1980-03-31,23672.0
ID81,1980-06-30,18054.0
ID81,1980-09-30,19262.0
ID81,1980-12-31,27092.0
ID81,1981-03-31,24397.0
ID81,1981-06-30,18858.0
ID81,1981-09-30,21868.0
ID81,1981-12-31,28155.0
ID81,1982-03-31,25007.0
ID81,1982-06-30,19599.0
ID81,1982-09-30,20983.0
ID81,1982-12-31,27410.0
ID81,1983-03-31,23632.0
ID81,1983-06-30,17189.0
ID81,1983-09-30,19290.0
ID81,1983-12-31,27171.0
ID81,1984-03-31,23383.0
ID81,1984-06-30,19775.0
ID81,1984-09-30,20449.0
ID81,1984-12-31,30174.0
ID81,1985-03-31,26629.0
ID81,1985-06-30,21462.0
ID81,1985-09-30,23685.0
ID81,1985-12-31,33209.0
ID81,1986-03-31,32252.0
ID81,1986-06-30,25339.0
ID81,1986-09-30,27641.0
ID81,1986-12-31,37339.0
ID81,1987-03-31,35535.0
ID81,1987-06-30,28658.0
ID81,1987-09-30,28981.0
ID81,1987-12-31,40930.0
ID81,1988-03-31,37083.0
ID81,1988-06-30,32134.0
ID81,1988-09-30,40236.0
ID81,1988-12-31,48267.0
ID81,1989-03-31,38637.0
ID81,1989-06-30,29077.0
ID81,1989-09-30,33180.0
ID81,1989-12-31,41355.0
ID81,1990-03-31,37794.0
ID81,1990-06-30,30109.0
ID81,1990-09-30,31375.0
ID81,1990-12-31,40275.0
ID81,1991-03-31,36054.0
ID81,1991-06-30,26999.0
ID81,1991-09-30,31258.0
ID81,1991-12-31,42551.0
ID81,1992-03-31,40266.0
ID81,1992-06-30,31017.0
ID81,1992-09-30,34621.0
ID81,1992-12-31,46785.0
ID81,1993-03-31,43775.0
ID81,1993-06-30,37690.0
ID81,1993-09-30,41406.0
ID81,1993-12-31,56592.0
ID81,1994-03-31,52331.0
ID81,1994-06-30,41121.0
ID81,1994-09-30,45613.0
ID81,1994-12-31,58584.0
ID81,1995-03-31,52021.0
ID81,1995-06-30,43561.0
ID81,1995-09-30,47105.0
ID81,1995-12-31,62775.0
ID81,1996-03-31,58507.0
ID81,1996-06-30,45490.0
ID81,1996-09-30,56196.0
ID81,1996-12-31,69807.0
ID81,1997-03-31,61510.0
ID81,1997-06-30,50617.0
ID81,1997-09-30,57843.0
ID81,1997-12-31,71099.0
ID81,1998-03-31,65257.0
ID81,1998-06-30,51129.0
ID81,1998-09-30,73892.0
ID81,1998-12-31,85793.0
ID81,1999-03-31,77550.0
ID81,1999-06-30,62161.0
ID81,1999-09-30,77104.0
ID81,1999-12-31,86089.0
ID81,2000-03-31,75587.0
ID81,2000-06-30,65935.0
ID81,2000-09-30,90850.0
ID81,2000-12-31,95995.0
ID81,2001-03-31,83100.0
ID81,2001-06-30,69195.0
ID81,2001-09-30,79080.0
ID81,2001-12-31,78420.0
ID81,2002-03-31,72984.0
ID81,2002-06-30,58836.0
ID81,2002-09-30,66178.0
ID81,2002-12-31,72811.0
ID81,2003-03-31,66377.0
ID81,2003-06-30,52037.0
ID82,1980-03-31,235022.0
ID82,1980-06-30,192250.0
ID82,1980-09-30,208228.0
ID82,1980-12-31,269328.0
ID82,1981-03-31,232652.0
ID82,1981-06-30,203566.0
ID82,1981-09-30,219033.0
ID82,1981-12-31,281721.0
ID82,1982-03-31,242982.0
ID82,1982-06-30,207989.0
ID82,1982-09-30,225565.0
ID82,1982-12-31,278351.0
ID82,1983-03-31,235178.0
ID82,1983-06-30,191607.0
ID82,1983-09-30,227764.0
ID82,1983-12-31,289753.0
ID82,1984-03-31,245779.0
ID82,1984-06-30,229736.0
ID82,1984-09-30,229390.0
ID82,1984-12-31,311019.0
ID82,1985-03-31,286921.0
ID82,1985-06-30,235236.0
ID82,1985-09-30,243497.0
ID82,1985-12-31,377810.0
ID82,1986-03-31,345600.0
ID82,1986-06-30,297408.0
ID82,1986-09-30,309821.0
ID82,1986-12-31,477299.0
ID82,1987-03-31,432979.0
ID82,1987-06-30,370171.0
ID82,1987-09-30,410679.0
ID82,1987-12-31,571836.0
ID82,1988-03-31,527316.0
ID82,1988-06-30,481622.0
ID82,1988-09-30,580056.0
ID82,1988-12-31,661281.0
ID82,1989-03-31,540316.0
ID82,1989-06-30,439479.0
ID82,1989-09-30,486767.0
ID82,1989-12-31,614182.0
ID82,1990-03-31,558109.0
ID82,1990-06-30,488284.0
ID82,1990-09-30,526091.0
ID82,1990-12-31,642341.0
ID82,1991-03-31,557042.0
ID82,1991-06-30,501478.0
ID82,1991-09-30,604937.0
ID82,1991-12-31,706529.0
ID82,1992-03-31,652083.0
ID82,1992-06-30,555879.0
ID82,1992-09-30,608293.0
ID82,1992-12-31,786580.0
ID82,1993-03-31,746056.0
ID82,1993-06-30,644257.0
ID82,1993-09-30,708658.0
ID82,1993-12-31,897263.0
ID82,1994-03-31,862158.0
ID82,1994-06-30,701057.0
ID82,1994-09-30,802031.0
ID82,1994-12-31,996591.0
ID82,1995-03-31,936406.0
ID82,1995-06-30,800529.0
ID82,1995-09-30,903271.0
ID82,1995-12-31,1085916.0
ID82,1996-03-31,1075492.0
ID82,1996-06-30,901686.0
ID82,1996-09-30,996675.0
ID82,1996-12-31,1191100.0
ID82,1997-03-31,1141708.0
ID82,1997-06-30,923184.0
ID82,1997-09-30,1058693.0
ID82,1997-12-31,1194263.0
ID82,1998-03-31,1038350.0
ID82,1998-06-30,928740.0
ID82,1998-09-30,1019940.0
ID82,1998-12-31,1180214.0
ID82,1999-03-31,1138529.0
ID82,1999-06-30,949418.0
ID82,1999-09-30,1097071.0
ID82,1999-12-31,1274448.0
ID82,2000-03-31,1207280.0
ID82,2000-06-30,1072971.0
ID82,2000-09-30,1204720.0
ID82,2000-12-31,1446244.0
ID82,2001-03-31,1274595.0
ID82,2001-06-30,1105580.0
ID82,2001-09-30,1197652.0
ID82,2001-12-31,1277644.0
ID82,2002-03-31,1262649.0
ID82,2002-06-30,1029483.0
ID82,2002-09-30,1148573.0
ID82,2002-12-31,1399977.0
ID82,2003-03-31,1216599.0
ID82,2003-06-30,890624.0
ID83,1980-03-31,21167.0
ID83,1980-06-30,42190.0
ID83,1980-09-30,50335.0
ID83,1980-12-31,32242.0
ID83,1981-03-31,20150.0
ID83,1981-06-30,42320.0
ID83,1981-09-30,44883.0
ID83,1981-12-31,24557.0
ID83,1982-03-31,14362.0
ID83,1982-06-30,25758.0
ID83,1982-09-30,34780.0
ID83,1982-12-31,22481.0
ID83,1983-03-31,15648.0
ID83,1983-06-30,23938.0
ID83,1983-09-30,33657.0
ID83,1983-12-31,24631.0
ID83,1984-03-31,13230.0
ID83,1984-06-30,31584.0
ID83,1984-09-30,34396.0
ID83,1984-12-31,20615.0
ID83,1985-03-31,13947.0
ID83,1985-06-30,24774.0
ID83,1985-09-30,28312.0
ID83,1985-12-31,30851.0
ID83,1986-03-31,20990.0
ID83,1986-06-30,39290.0
ID83,1986-09-30,46777.0
ID83,1986-12-31,43205.0
ID83,1987-03-31,29240.0
ID83,1987-06-30,50904.0
ID83,1987-09-30,68645.0
ID83,1987-12-31,58945.0
ID83,1988-03-31,41622.0
ID83,1988-06-30,70449.0
ID83,1988-09-30,103436.0
ID83,1988-12-31,63726.0
ID83,1989-03-31,34119.0
ID83,1989-06-30,47881.0
ID83,1989-09-30,61801.0
ID83,1989-12-31,57123.0
ID83,1990-03-31,28047.0
ID83,1990-06-30,49228.0
ID83,1990-09-30,56730.0
ID83,1990-12-31,50259.0
ID83,1991-03-31,42018.0
ID83,1991-06-30,53021.0
ID83,1991-09-30,82409.0
ID83,1991-12-31,60400.0
ID83,1992-03-31,32296.0
ID83,1992-06-30,47203.0
ID83,1992-09-30,61862.0
ID83,1992-12-31,64419.0
ID83,1993-03-31,37337.0
ID83,1993-06-30,55055.0
ID83,1993-09-30,75389.0
ID83,1993-12-31,58836.0
ID83,1994-03-31,35368.0
ID83,1994-06-30,48775.0
ID83,1994-09-30,71605.0
ID83,1994-12-31,49539.0
ID83,1995-03-31,34942.0
ID83,1995-06-30,53755.0
ID83,1995-09-30,80764.0
ID83,1995-12-31,58439.0
ID83,1996-03-31,55158.0
ID83,1996-06-30,73979.0
ID83,1996-09-30,101834.0
ID83,1996-12-31,71209.0
ID83,1997-03-31,61807.0
ID83,1997-06-30,70163.0
ID83,1997-09-30,102262.0
ID83,1997-12-31,76799.0
ID83,1998-03-31,52338.0
ID83,1998-06-30,84048.0
ID83,1998-09-30,94045.0
ID83,1998-12-31,77823.0
ID83,1999-03-31,59065.0
ID83,1999-06-30,81071.0
ID83,1999-09-30,108291.0
ID83,1999-12-31,84548.0
ID83,2000-03-31,65690.0
ID83,2000-06-30,89206.0
ID83,2000-09-30,108890.0
ID83,2000-12-31,91368.0
ID83,2001-03-31,61812.0
ID83,2001-06-30,92802.0
ID83,2001-09-30,105660.0
ID83,2001-12-31,79273.0
ID83,2002-03-31,60194.0
ID83,2002-06-30,71220.0
ID83,2002-09-30,99657.0
ID83,2002-12-31,90818.0
ID83,2003-03-31,55902.0
ID83,2003-06-30,84221.0
ID84,1980-03-31,9917.0
ID84,1980-06-30,4023.0
ID84,1980-09-30,4397.0
ID84,1980-12-31,8814.0
ID84,1981-03-31,9478.0
ID84,1981-06-30,5201.0
ID84,1981-09-30,5403.0
ID84,1981-12-31,13062.0
ID84,1982-03-31,11333.0
ID84,1982-06-30,6077.0
ID84,1982-09-30,6683.0
ID84,1982-12-31,14410.0
ID84,1983-03-31,14704.0
ID84,1983-06-30,8258.0
ID84,1983-09-30,9313.0
ID84,1983-12-31,17768.0
ID84,1984-03-31,16683.0
ID84,1984-06-30,11158.0
ID84,1984-09-30,12392.0
ID84,1984-12-31,22654.0
ID84,1985-03-31,22976.0
ID84,1985-06-30,13600.0
ID84,1985-09-30,13708.0
ID84,1985-12-31,27129.0
ID84,1986-03-31,29588.0
ID84,1986-06-30,23533.0
ID84,1986-09-30,21106.0
ID84,1986-12-31,37977.0
ID84,1987-03-31,41522.0
ID84,1987-06-30,30389.0
ID84,1987-09-30,43523.0
ID84,1987-12-31,59794.0
ID84,1988-03-31,67534.0
ID84,1988-06-30,67269.0
ID84,1988-09-30,73488.0
ID84,1988-12-31,87441.0
ID84,1989-03-31,78029.0
ID84,1989-06-30,64245.0
ID84,1989-09-30,74484.0
ID84,1989-12-31,75459.0
ID84,1990-03-31,102542.0
ID84,1990-06-30,92913.0
ID84,1990-09-30,111422.0
ID84,1990-12-31,108557.0
ID84,1991-03-31,107363.0
ID84,1991-06-30,102707.0
ID84,1991-09-30,127986.0
ID84,1991-12-31,140180.0
ID84,1992-03-31,153359.0
ID84,1992-06-30,130382.0
ID84,1992-09-30,147531.0
ID84,1992-12-31,147756.0
ID84,1993-03-31,164014.0
ID84,1993-06-30,140034.0
ID84,1993-09-30,153839.0
ID84,1993-12-31,160744.0
ID84,1994-03-31,175843.0
ID84,1994-06-30,145615.0
ID84,1994-09-30,167883.0
ID84,1994-12-31,169514.0
ID84,1995-03-31,175227.0
ID84,1995-06-30,157286.0
ID84,1995-09-30,186785.0
ID84,1995-12-31,177167.0
ID84,1996-03-31,202954.0
ID84,1996-06-30,154952.0
ID84,1996-09-30,197427.0
ID84,1996-12-31,171526.0
ID84,1997-03-31,199295.0
ID84,1997-06-30,147561.0
ID84,1997-09-30,201735.0
ID84,1997-12-31,174971.0
ID84,1998-03-31,181249.0
ID84,1998-06-30,150560.0
ID84,1998-09-30,145854.0
ID84,1998-12-31,148481.0
ID84,1999-03-31,166048.0
ID84,1999-06-30,131346.0
ID84,1999-09-30,162421.0
ID84,1999-12-31,145053.0
ID84,2000-03-31,164060.0
ID84,2000-06-30,132759.0
ID84,2000-09-30,149569.0
ID84,2000-12-31,159814.0
ID84,2001-03-31,158722.0
ID84,2001-06-30,129071.0
ID84,2001-09-30,111720.0
ID84,2001-12-31,82552.0
ID84,2002-03-31,99794.0
ID84,2002-06-30,116367.0
ID84,2002-09-30,129541.0
ID84,2002-12-31,158635.0
ID84,2003-03-31,138318.0
ID84,2003-06-30,77555.0
ID85,1980-03-31,1539.0
ID85,1980-06-30,1525.0
ID85,1980-09-30,1713.0
ID85,1980-12-31,1698.0
ID85,1981-03-31,1839.0
ID85,1981-06-30,1404.0
ID85,1981-09-30,2154.0
ID85,1981-12-31,1687.0
ID85,1982-03-31,2127.0
ID85,1982-06-30,1531.0
ID85,1982-09-30,2415.0
ID85,1982-12-31,2297.0
ID85,1983-03-31,3032.0
ID85,1983-06-30,1188.0
ID85,1983-09-30,2250.0
ID85,1983-12-31,2341.0
ID85,1984-03-31,2624.0
ID85,1984-06-30,1571.0
ID85,1984-09-30,2598.0
ID85,1984-12-31,2384.0
ID85,1985-03-31,3304.0
ID85,1985-06-30,1564.0
ID85,1985-09-30,2642.0
ID85,1985-12-31,3139.0
ID85,1986-03-31,5443.0
ID85,1986-06-30,1913.0
ID85,1986-09-30,4255.0
ID85,1986-12-31,5025.0
ID85,1987-03-31,5917.0
ID85,1987-06-30,3969.0
ID85,1987-09-30,6459.0
ID85,1987-12-31,5652.0
ID85,1988-03-31,7787.0
ID85,1988-06-30,4606.0
ID85,1988-09-30,8416.0
ID85,1988-12-31,4934.0
ID85,1989-03-31,7863.0
ID85,1989-06-30,3577.0
ID85,1989-09-30,8288.0
ID85,1989-12-31,6729.0
ID85,1990-03-31,8034.0
ID85,1990-06-30,5437.0
ID85,1990-09-30,5016.0
ID85,1990-12-31,7587.0
ID85,1991-03-31,10128.0
ID85,1991-06-30,4986.0
ID85,1991-09-30,9447.0
ID85,1991-12-31,8054.0
ID85,1992-03-31,11667.0
ID85,1992-06-30,7849.0
ID85,1992-09-30,10011.0
ID85,1992-12-31,10166.0
ID85,1993-03-31,14907.0
ID85,1993-06-30,12798.0
ID85,1993-09-30,12843.0
ID85,1993-12-31,14166.0
ID85,1994-03-31,17878.0
ID85,1994-06-30,12716.0
ID85,1994-09-30,16203.0
ID85,1994-12-31,17730.0
ID85,1995-03-31,18429.0
ID85,1995-06-30,14920.0
ID85,1995-09-30,20835.0
ID85,1995-12-31,21273.0
ID85,1996-03-31,25809.0
ID85,1996-06-30,18052.0
ID85,1996-09-30,19041.0
ID85,1996-12-31,23315.0
ID85,1997-03-31,30689.0
ID85,1997-06-30,12626.0
ID85,1997-09-30,16398.0
ID85,1997-12-31,21253.0
ID85,1998-03-31,20230.0
ID85,1998-06-30,19477.0
ID85,1998-09-30,16696.0
ID85,1998-12-31,21588.0
ID85,1999-03-31,22593.0
ID85,1999-06-30,14793.0
ID85,1999-09-30,20633.0
ID85,1999-12-31,19656.0
ID85,2000-03-31,23103.0
ID85,2000-06-30,18162.0
ID85,2000-09-30,19486.0
ID85,2000-12-31,22468.0
ID85,2001-03-31,23014.0
ID85,2001-06-30,19884.0
ID85,2001-09-30,19522.0
ID85,2001-12-31,19295.0
ID85,2002-03-31,20446.0
ID85,2002-06-30,12485.0
ID85,2002-09-30,16350.0
ID85,2002-12-31,18985.0
ID85,2003-03-31,13838.0
ID85,2003-06-30,15137.0
ID86,1980-03-31,1200.0
ID86,1980-06-30,1153.0
ID86,1980-09-30,1171.0
ID86,1980-12-31,3349.0
ID86,1981-03-31,1457.0
ID86,1981-06-30,1818.0
ID86,1981-09-30,1743.0
ID86,1981-12-31,4240.0
ID86,1982-03-31,1804.0
ID86,1982-06-30,2438.0
ID86,1982-09-30,1925.0
ID86,1982-12-31,6096.0
ID86,1983-03-31,2837.0
ID86,1983-06-30,4051.0
ID86,1983-09-30,2743.0
ID86,1983-12-31,7929.0
ID86,1984-03-31,3323.0
ID86,1984-06-30,3889.0
ID86,1984-09-30,2442.0
ID86,1984-12-31,8689.0
ID86,1985-03-31,4415.0
ID86,1985-06-30,4121.0
ID86,1985-09-30,2390.0
ID86,1985-12-31,9436.0
ID86,1986-03-31,5382.0
ID86,1986-06-30,5911.0
ID86,1986-09-30,4484.0
ID86,1986-12-31,12824.0
ID86,1987-03-31,6937.0
ID86,1987-06-30,9908.0
ID86,1987-09-30,5394.0
ID86,1987-12-31,15387.0
ID86,1988-03-31,8008.0
ID86,1988-06-30,10855.0
ID86,1988-09-30,6308.0
ID86,1988-12-31,15426.0
ID86,1989-03-31,7300.0
ID86,1989-06-30,10324.0
ID86,1989-09-30,6661.0
ID86,1989-12-31,18290.0
ID86,1990-03-31,8147.0
ID86,1990-06-30,12642.0
ID86,1990-09-30,7221.0
ID86,1990-12-31,20552.0
ID86,1991-03-31,9670.0
ID86,1991-06-30,15072.0
ID86,1991-09-30,9502.0
ID86,1991-12-31,25858.0
ID86,1992-03-31,12817.0
ID86,1992-06-30,17858.0
ID86,1992-09-30,12642.0
ID86,1992-12-31,43794.0
ID86,1993-03-31,18839.0
ID86,1993-06-30,29720.0
ID86,1993-09-30,16369.0
ID86,1993-12-31,53155.0
ID86,1994-03-31,24069.0
ID86,1994-06-30,36019.0
ID86,1994-09-30,21598.0
ID86,1994-12-31,57650.0
ID86,1995-03-31,23823.0
ID86,1995-06-30,38563.0
ID86,1995-09-30,22181.0
ID86,1995-12-31,61972.0
ID86,1996-03-31,29323.0
ID86,1996-06-30,45262.0
ID86,1996-09-30,22675.0
ID86,1996-12-31,63321.0
ID86,1997-03-31,29111.0
ID86,1997-06-30,44917.0
ID86,1997-09-30,26610.0
ID86,1997-12-31,67221.0
ID86,1998-03-31,29006.0
ID86,1998-06-30,55827.0
ID86,1998-09-30,19267.0
ID86,1998-12-31,54666.0
ID86,1999-03-31,30315.0
ID86,1999-06-30,49139.0
ID86,1999-09-30,33295.0
ID86,1999-12-31,65837.0
ID86,2000-03-31,33181.0
ID86,2000-06-30,51405.0
ID86,2000-09-30,24847.0
ID86,2000-12-31,75142.0
ID86,2001-03-31,31708.0
ID86,2001-06-30,56358.0
ID86,2001-09-30,32661.0
ID86,2001-12-31,50841.0
ID86,2002-03-31,28263.0
ID86,2002-06-30,43075.0
ID86,2002-09-30,22336.0
ID86,2002-12-31,57469.0
ID86,2003-03-31,25297.0
ID86,2003-06-30,33794.0
ID87,1980-03-31,1260.0
ID87,1980-06-30,1260.0
ID87,1980-09-30,1048.0
ID87,1980-12-31,2749.0
ID87,1981-03-31,1390.0
ID87,1981-06-30,1483.0
ID87,1981-09-30,1548.0
ID87,1981-12-31,3871.0
ID87,1982-03-31,1956.0
ID87,1982-06-30,2394.0
ID87,1982-09-30,1763.0
ID87,1982-12-31,4050.0
ID87,1983-03-31,2755.0
ID87,1983-06-30,2547.0
ID87,1983-09-30,2832.0
ID87,1983-12-31,4724.0
ID87,1984-03-31,2661.0
ID87,1984-06-30,3046.0
ID87,1984-09-30,2496.0
ID87,1984-12-31,5532.0
ID87,1985-03-31,3621.0
ID87,1985-06-30,3336.0
ID87,1985-09-30,2484.0
ID87,1985-12-31,6378.0
ID87,1986-03-31,3808.0
ID87,1986-06-30,4074.0
ID87,1986-09-30,3417.0
ID87,1986-12-31,7647.0
ID87,1987-03-31,4192.0
ID87,1987-06-30,6721.0
ID87,1987-09-30,5089.0
ID87,1987-12-31,8198.0
ID87,1988-03-31,5397.0
ID87,1988-06-30,7510.0
ID87,1988-09-30,5478.0
ID87,1988-12-31,7822.0
ID87,1989-03-31,3884.0
ID87,1989-06-30,4569.0
ID87,1989-09-30,3774.0
ID87,1989-12-31,6712.0
ID87,1990-03-31,4952.0
ID87,1990-06-30,6096.0
ID87,1990-09-30,4065.0
ID87,1990-12-31,7140.0
ID87,1991-03-31,4930.0
ID87,1991-06-30,6172.0
ID87,1991-09-30,4421.0
ID87,1991-12-31,8127.0
ID87,1992-03-31,6140.0
ID87,1992-06-30,7786.0
ID87,1992-09-30,7773.0
ID87,1992-12-31,11018.0
ID87,1993-03-31,9873.0
ID87,1993-06-30,12703.0
ID87,1993-09-30,9930.0
ID87,1993-12-31,17338.0
ID87,1994-03-31,13307.0
ID87,1994-06-30,14576.0
ID87,1994-09-30,10976.0
ID87,1994-12-31,19595.0
ID87,1995-03-31,14887.0
ID87,1995-06-30,16181.0
ID87,1995-09-30,11456.0
ID87,1995-12-31,21000.0
ID87,1996-03-31,18944.0
ID87,1996-06-30,24199.0
ID87,1996-09-30,16124.0
ID87,1996-12-31,27235.0
ID87,1997-03-31,18746.0
ID87,1997-06-30,23987.0
ID87,1997-09-30,21962.0
ID87,1997-12-31,24055.0
ID87,1998-03-31,10055.0
ID87,1998-06-30,17458.0
ID87,1998-09-30,12482.0
ID87,1998-12-31,16829.0
ID87,1999-03-31,17085.0
ID87,1999-06-30,21854.0
ID87,1999-09-30,19005.0
ID87,1999-12-31,23575.0
ID87,2000-03-31,21116.0
ID87,2000-06-30,23244.0
ID87,2000-09-30,16973.0
ID87,2000-12-31,29010.0
ID87,2001-03-31,17768.0
ID87,2001-06-30,23235.0
ID87,2001-09-30,20856.0
ID87,2001-12-31,20939.0
ID87,2002-03-31,16560.0
ID87,2002-06-30,24596.0
ID87,2002-09-30,19032.0
ID87,2002-12-31,27183.0
ID87,2003-03-31,13519.0
ID87,2003-06-30,14390.0
ID88,1980-03-31,898.0
ID88,1980-06-30,1103.0
ID88,1980-09-30,1279.0
ID88,1980-12-31,1635.0
ID88,1981-03-31,1143.0
ID88,1981-06-30,1509.0
ID88,1981-09-30,1305.0
ID88,1981-12-31,2513.0
ID88,1982-03-31,1312.0
ID88,1982-06-30,1335.0
ID88,1982-09-30,1685.0
ID88,1982-12-31,2652.0
ID88,1983-03-31,1403.0
ID88,1983-06-30,1034.0
ID88,1983-09-30,1249.0
ID88,1983-12-31,2174.0
ID88,1984-03-31,1128.0
ID88,1984-06-30,1646.0
ID88,1984-09-30,1303.0
ID88,1984-12-31,2354.0
ID88,1985-03-31,1427.0
ID88,1985-06-30,1653.0
ID88,1985-09-30,1032.0
ID88,1985-12-31,2417.0
ID88,1986-03-31,1616.0
ID88,1986-06-30,2079.0
ID88,1986-09-30,1383.0
ID88,1986-12-31,2857.0
ID88,1987-03-31,2284.0
ID88,1987-06-30,2795.0
ID88,1987-09-30,1878.0
ID88,1987-12-31,3751.0
ID88,1988-03-31,2114.0
ID88,1988-06-30,5583.0
ID88,1988-09-30,3736.0
ID88,1988-12-31,4957.0
ID88,1989-03-31,3084.0
ID88,1989-06-30,4085.0
ID88,1989-09-30,2744.0
ID88,1989-12-31,4850.0
ID88,1990-03-31,3138.0
ID88,1990-06-30,5071.0
ID88,1990-09-30,3459.0
ID88,1990-12-31,6227.0
ID88,1991-03-31,3108.0
ID88,1991-06-30,5970.0
ID88,1991-09-30,3702.0
ID88,1991-12-31,7158.0
ID88,1992-03-31,3823.0
ID88,1992-06-30,6098.0
ID88,1992-09-30,4661.0
ID88,1992-12-31,10004.0
ID88,1993-03-31,9017.0
ID88,1993-06-30,8234.0
ID88,1993-09-30,8015.0
ID88,1993-12-31,18666.0
ID88,1994-03-31,16960.0
ID88,1994-06-30,13364.0
ID88,1994-09-30,14001.0
ID88,1994-12-31,25465.0
ID88,1995-03-31,24069.0
ID88,1995-06-30,19904.0
ID88,1995-09-30,16813.0
ID88,1995-12-31,28648.0
ID88,1996-03-31,28827.0
ID88,1996-06-30,21097.0
ID88,1996-09-30,18618.0
ID88,1996-12-31,29627.0
ID88,1997-03-31,30429.0
ID88,1997-06-30,21700.0
ID88,1997-09-30,22269.0
ID88,1997-12-31,21082.0
ID88,1998-03-31,9065.0
ID88,1998-06-30,10061.0
ID88,1998-09-30,6010.0
ID88,1998-12-31,13249.0
ID88,1999-03-31,13128.0
ID88,1999-06-30,10020.0
ID88,1999-09-30,6779.0
ID88,1999-12-31,8294.0
ID88,2000-03-31,10043.0
ID88,2000-06-30,7541.0
ID88,2000-09-30,8271.0
ID88,2000-12-31,18274.0
ID88,2001-03-31,9330.0
ID88,2001-06-30,8487.0
ID88,2001-09-30,7488.0
ID88,2001-12-31,17156.0
ID88,2002-03-31,6290.0
ID88,2002-06-30,8017.0
ID88,2002-09-30,7396.0
ID88,2002-12-31,13484.0
ID88,2003-03-31,5834.0
ID88,2003-06-30,8800.0
ID89,1980-03-31,332.0
ID89,1980-06-30,440.0
ID89,1980-09-30,118.0
ID89,1980-12-31,1588.0
ID89,1981-03-31,588.0
ID89,1981-06-30,348.0
ID89,1981-09-30,254.0
ID89,1981-12-31,1597.0
ID89,1982-03-31,688.0
ID89,1982-06-30,488.0
ID89,1982-09-30,328.0
ID89,1982-12-31,1284.0
ID89,1983-03-31,1246.0
ID89,1983-06-30,792.0
ID89,1983-09-30,164.0
ID89,1983-12-31,2090.0
ID89,1984-03-31,1768.0
ID89,1984-06-30,812.0
ID89,1984-09-30,232.0
ID89,1984-12-31,2976.0
ID89,1985-03-31,2554.0
ID89,1985-06-30,831.0
ID89,1985-09-30,368.0
ID89,1985-12-31,2410.0
ID89,1986-03-31,2882.0
ID89,1986-06-30,1590.0
ID89,1986-09-30,642.0
ID89,1986-12-31,4301.0
ID89,1987-03-31,5280.0
ID89,1987-06-30,1244.0
ID89,1987-09-30,987.0
ID89,1987-12-31,4802.0
ID89,1988-03-31,5499.0
ID89,1988-06-30,1971.0
ID89,1988-09-30,2304.0
ID89,1988-12-31,4668.0
ID89,1989-03-31,5538.0
ID89,1989-06-30,1379.0
ID89,1989-09-30,2768.0
ID89,1989-12-31,6199.0
ID89,1990-03-31,8762.0
ID89,1990-06-30,3191.0
ID89,1990-09-30,2488.0
ID89,1990-12-31,4033.0
ID89,1991-03-31,5954.0
ID89,1991-06-30,2808.0
ID89,1991-09-30,5888.0
ID89,1991-12-31,10647.0
ID89,1992-03-31,17495.0
ID89,1992-06-30,6458.0
ID89,1992-09-30,8783.0
ID89,1992-12-31,16354.0
ID89,1993-03-31,27953.0
ID89,1993-06-30,13157.0
ID89,1993-09-30,18019.0
ID89,1993-12-31,28178.0
ID89,1994-03-31,37352.0
ID89,1994-06-30,25129.0
ID89,1994-09-30,24230.0
ID89,1994-12-31,31212.0
ID89,1995-03-31,43429.0
ID89,1995-06-30,24902.0
ID89,1995-09-30,27496.0
ID89,1995-12-31,27506.0
ID89,1996-03-31,42263.0
ID89,1996-06-30,26876.0
ID89,1996-09-30,25386.0
ID89,1996-12-31,29351.0
ID89,1997-03-31,33970.0
ID89,1997-06-30,27182.0
ID89,1997-09-30,28658.0
ID89,1997-12-31,24888.0
ID89,1998-03-31,30461.0
ID89,1998-06-30,32178.0
ID89,1998-09-30,24873.0
ID89,1998-12-31,22324.0
ID89,1999-03-31,29699.0
ID89,1999-06-30,30246.0
ID89,1999-09-30,28211.0
ID89,1999-12-31,20963.0
ID89,2000-03-31,26732.0
ID89,2000-06-30,27097.0
ID89,2000-09-30,24433.0
ID89,2000-12-31,16568.0
ID89,2001-03-31,19962.0
ID89,2001-06-30,24641.0
ID89,2001-09-30,17790.0
ID89,2001-12-31,13870.0
ID89,2002-03-31,16178.0
ID89,2002-06-30,15066.0
ID89,2002-09-30,15218.0
ID89,2002-12-31,12010.0
ID89,2003-03-31,16536.0
ID89,2003-06-30,5462.0
ID9,1985-03-31,20829.0
ID9,1985-06-30,37700.0
ID9,1985-09-30,24114.0
ID9,1985-12-31,29504.0
ID9,1986-03-31,23098.0
ID9,1986-06-30,36532.0
ID9,1986-09-30,26046.0
ID9,1986-12-31,32513.0
ID9,1987-03-31,23333.0
ID9,1987-06-30,47852.0
ID9,1987-09-30,33843.0
ID9,1987-12-31,38837.0
ID9,1988-03-31,32103.0
ID9,1988-06-30,52070.0
ID9,1988-09-30,35930.0
ID9,1988-12-31,38609.0
ID9,1989-03-31,34087.0
ID9,1989-06-30,52436.0
ID9,1989-09-30,36351.0
ID9,1989-12-31,39261.0
ID9,1990-03-31,31162.0
ID9,1990-06-30,59276.0
ID9,1990-09-30,36378.0
ID9,1990-12-31,44080.0
ID9,1991-03-31,34938.0
ID9,1991-06-30,57009.0
ID9,1991-09-30,39968.0
ID9,1991-12-31,51608.0
ID9,1992-03-31,38924.0
ID9,1992-06-30,74060.0
ID9,1992-09-30,53947.0
ID9,1992-12-31,62636.0
ID9,1993-03-31,44251.0
ID9,1993-06-30,77425.0
ID9,1993-09-30,55327.0
ID9,1993-12-31,59360.0
ID9,1994-03-31,49864.0
ID9,1994-06-30,72284.0
ID9,1994-09-30,62078.0
ID9,1994-12-31,65472.0
ID9,1995-03-31,52801.0
ID9,1995-06-30,87074.0
ID9,1995-09-30,73713.0
ID9,1995-12-31,81430.0
ID9,1996-03-31,76591.0
ID9,1996-06-30,109032.0
ID9,1996-09-30,109271.0
ID9,1996-12-31,103294.0
ID9,1997-03-31,82088.0
ID9,1997-06-30,128011.0
ID9,1997-09-30,67477.0
ID9,1997-12-31,68254.0
ID9,1998-03-31,40390.0
ID9,1998-06-30,73708.0
ID9,1998-09-30,50451.0
ID9,1998-12-31,63192.0
ID9,1999-03-31,53083.0
ID9,1999-06-30,81601.0
ID9,1999-09-30,64651.0
ID9,1999-12-31,75252.0
ID9,2000-03-31,59446.0
ID9,2000-06-30,90311.0
ID9,2000-09-30,65127.0
ID9,2000-12-31,63576.0
ID9,2001-03-31,61559.0
ID9,2001-06-30,86060.0
ID9,2001-09-30,66625.0
ID9,2001-12-31,78861.0
ID9,2002-03-31,71793.0
ID9,2002-06-30,93276.0
ID9,2002-09-30,78628.0
ID9,2002-12-31,85907.0
ID90,1980-03-31,522.0
ID90,1980-06-30,436.0
ID90,1980-09-30,306.0
ID90,1980-12-31,574.0
ID90,1981-03-31,502.0
ID90,1981-06-30,556.0
ID90,1981-09-30,454.0
ID90,1981-12-31,864.0
ID90,1982-03-31,494.0
ID90,1982-06-30,699.0
ID90,1982-09-30,453.0
ID90,1982-12-31,727.0
ID90,1983-03-31,552.0
ID90,1983-06-30,355.0
ID90,1983-09-30,274.0
ID90,1983-12-31,606.0
ID90,1984-03-31,534.0
ID90,1984-06-30,455.0
ID90,1984-09-30,306.0
ID90,1984-12-31,708.0
ID90,1985-03-31,470.0
ID90,1985-06-30,552.0
ID90,1985-09-30,323.0
ID90,1985-12-31,783.0
ID90,1986-03-31,610.0
ID90,1986-06-30,687.0
ID90,1986-09-30,636.0
ID90,1986-12-31,1518.0
ID90,1987-03-31,1220.0
ID90,1987-06-30,1383.0
ID90,1987-09-30,872.0
ID90,1987-12-31,1675.0
ID90,1988-03-31,1072.0
ID90,1988-06-30,2427.0
ID90,1988-09-30,1586.0
ID90,1988-12-31,2564.0
ID90,1989-03-31,2133.0
ID90,1989-06-30,2308.0
ID90,1989-09-30,1096.0
ID90,1989-12-31,2781.0
ID90,1990-03-31,1900.0
ID90,1990-06-30,3041.0
ID90,1990-09-30,1501.0
ID90,1990-12-31,4043.0
ID90,1991-03-31,2205.0
ID90,1991-06-30,4380.0
ID90,1991-09-30,2400.0
ID90,1991-12-31,5232.0
ID90,1992-03-31,3978.0
ID90,1992-06-30,5664.0
ID90,1992-09-30,4053.0
ID90,1992-12-31,7444.0
ID90,1993-03-31,4639.0
ID90,1993-06-30,10787.0
ID90,1993-09-30,4978.0
ID90,1993-12-31,12605.0
ID90,1994-03-31,8609.0
ID90,1994-06-30,16614.0
ID90,1994-09-30,8559.0
ID90,1994-12-31,13486.0
ID90,1995-03-31,9219.0
ID90,1995-06-30,22462.0
ID90,1995-09-30,8849.0
ID90,1995-12-31,16209.0
ID90,1996-03-31,11019.0
ID90,1996-06-30,19932.0
ID90,1996-09-30,10269.0
ID90,1996-12-31,16818.0
ID90,1997-03-31,10068.0
ID90,1997-06-30,18815.0
ID90,1997-09-30,5046.0
ID90,1997-12-31,7306.0
ID90,1998-03-31,3723.0
ID90,1998-06-30,6557.0
ID90,1998-09-30,4764.0
ID90,1998-12-31,8821.0
ID90,1999-03-31,5119.0
ID90,1999-06-30,13147.0
ID90,1999-09-30,6086.0
ID90,1999-12-31,10522.0
ID90,2000-03-31,6575.0
ID90,2000-06-30,13696.0
ID90,2000-09-30,6124.0
ID90,2000-12-31,12164.0
ID90,2001-03-31,7135.0
ID90,2001-06-30,14853.0
ID90,2001-09-30,6897.0
ID90,2001-12-31,9198.0
ID90,2002-03-31,6576.0
ID90,2002-06-30,12512.0
ID90,2002-09-30,7249.0
ID90,2002-12-31,10628.0
ID90,2003-03-31,5843.0
ID90,2003-06-30,7049.0
ID91,1980-03-31,44.0
ID91,1980-06-30,12.0
ID91,1980-09-30,32.0
ID91,1980-12-31,16.0
ID91,1981-03-31,86.0
ID91,1981-06-30,42.0
ID91,1981-09-30,67.0
ID91,1981-12-31,81.0
ID91,1982-03-31,104.0
ID91,1982-06-30,140.0
ID91,1982-09-30,61.0
ID91,1982-12-31,82.0
ID91,1983-03-31,88.0
ID91,1983-06-30,80.0
ID91,1983-09-30,54.0
ID91,1983-12-31,132.0
ID91,1984-03-31,103.0
ID91,1984-06-30,85.0
ID91,1984-09-30,104.0
ID91,1984-12-31,327.0
ID91,1985-03-31,146.0
ID91,1985-06-30,128.0
ID91,1985-09-30,140.0
ID91,1985-12-31,317.0
ID91,1986-03-31,196.0
ID91,1986-06-30,162.0
ID91,1986-09-30,153.0
ID91,1986-12-31,400.0
ID91,1987-03-31,320.0
ID91,1987-06-30,224.0
ID91,1987-09-30,379.0
ID91,1987-12-31,460.0
ID91,1988-03-31,582.0
ID91,1988-06-30,428.0
ID91,1988-09-30,513.0
ID91,1988-12-31,608.0
ID91,1989-03-31,809.0
ID91,1989-06-30,460.0
ID91,1989-09-30,727.0
ID91,1989-12-31,951.0
ID91,1990-03-31,1043.0
ID91,1990-06-30,758.0
ID91,1990-09-30,1209.0
ID91,1990-12-31,1557.0
ID91,1991-03-31,1783.0
ID91,1991-06-30,2644.0
ID91,1991-09-30,3765.0
ID91,1991-12-31,3030.0
ID91,1992-03-31,6015.0
ID91,1992-06-30,3098.0
ID91,1992-09-30,4978.0
ID91,1992-12-31,5597.0
ID91,1993-03-31,11839.0
ID91,1993-06-30,6096.0
ID91,1993-09-30,9187.0
ID91,1993-12-31,14999.0
ID91,1994-03-31,26210.0
ID91,1994-06-30,12097.0
ID91,1994-09-30,21272.0
ID91,1994-12-31,25129.0
ID91,1995-03-31,37355.0
ID91,1995-06-30,20954.0
ID91,1995-09-30,27047.0
ID91,1995-12-31,43612.0
ID91,1996-03-31,47457.0
ID91,1996-06-30,31415.0
ID91,1996-09-30,37799.0
ID91,1996-12-31,59961.0
ID91,1997-03-31,55401.0
ID91,1997-06-30,41628.0
ID91,1997-09-30,38118.0
ID91,1997-12-31,40045.0
ID91,1998-03-31,4516.0
ID91,1998-06-30,4493.0
ID91,1998-09-30,6583.0
ID91,1998-12-31,12892.0
ID91,1999-03-31,14850.0
ID91,1999-06-30,10857.0
ID91,1999-09-30,13202.0
ID91,1999-12-31,22828.0
ID91,2000-03-31,27781.0
ID91,2000-06-30,19720.0
ID91,2000-09-30,18810.0
ID91,2000-12-31,26072.0
ID91,2001-03-31,29839.0
ID91,2001-06-30,22529.0
ID91,2001-09-30,22054.0
ID91,2001-12-31,29399.0
ID91,2002-03-31,28578.0
ID91,2002-06-30,23273.0
ID91,2002-09-30,23607.0
ID91,2002-12-31,39016.0
ID91,2003-03-31,36527.0
ID91,2003-06-30,22101.0
ID92,1980-03-31,88.0
ID92,1980-06-30,32.0
ID92,1980-09-30,66.0
ID92,1980-12-31,164.0
ID92,1981-03-31,77.0
ID92,1981-06-30,100.0
ID92,1981-09-30,24.0
ID92,1981-12-31,128.0
ID92,1982-03-31,108.0
ID92,1982-06-30,100.0
ID92,1982-09-30,69.0
ID92,1982-12-31,144.0
ID92,1983-03-31,104.0
ID92,1983-06-30,64.0
ID92,1983-09-30,52.0
ID92,1983-12-31,155.0
ID92,1984-03-31,69.0
ID92,1984-06-30,111.0
ID92,1984-09-30,90.0
ID92,1984-12-31,287.0
ID92,1985-03-31,238.0
ID92,1985-06-30,92.0
ID92,1985-09-30,93.0
ID92,1985-12-31,412.0
ID92,1986-03-31,428.0
ID92,1986-06-30,201.0
ID92,1986-09-30,194.0
ID92,1986-12-31,395.0
ID92,1987-03-31,348.0
ID92,1987-06-30,133.0
ID92,1987-09-30,211.0
ID92,1987-12-31,565.0
ID92,1988-03-31,407.0
ID92,1988-06-30,230.0
ID92,1988-09-30,324.0
ID92,1988-12-31,1195.0
ID92,1989-03-31,2268.0
ID92,1989-06-30,873.0
ID92,1989-09-30,1028.0
ID92,1989-12-31,1863.0
ID92,1990-03-31,1687.0
ID92,1990-06-30,572.0
ID92,1990-09-30,639.0
ID92,1990-12-31,785.0
ID92,1991-03-31,903.0
ID92,1991-06-30,467.0
ID92,1991-09-30,696.0
ID92,1991-12-31,1102.0
ID92,1992-03-31,1440.0
ID92,1992-06-30,770.0
ID92,1992-09-30,818.0
ID92,1992-12-31,1465.0
ID92,1993-03-31,1013.0
ID92,1993-06-30,844.0
ID92,1993-09-30,904.0
ID92,1993-12-31,1747.0
ID92,1994-03-31,1330.0
ID92,1994-06-30,1219.0
ID92,1994-09-30,1706.0
ID92,1994-12-31,1849.0
ID92,1995-03-31,1648.0
ID92,1995-06-30,1491.0
ID92,1995-09-30,2133.0
ID92,1995-12-31,4588.0
ID92,1996-03-31,3613.0
ID92,1996-06-30,2976.0
ID92,1996-09-30,2572.0
ID92,1996-12-31,3678.0
ID92,1997-03-31,4028.0
ID92,1997-06-30,2583.0
ID92,1997-09-30,2768.0
ID92,1997-12-31,4629.0
ID92,1998-03-31,5957.0
ID92,1998-06-30,4003.0
ID92,1998-09-30,3606.0
ID92,1998-12-31,4548.0
ID92,1999-03-31,7524.0
ID92,1999-06-30,4360.0
ID92,1999-09-30,6773.0
ID92,1999-12-31,9616.0
ID92,2000-03-31,12345.0
ID92,2000-06-30,6589.0
ID92,2000-09-30,9680.0
ID92,2000-12-31,11978.0
ID92,2001-03-31,22424.0
ID92,2001-06-30,13230.0
ID92,2001-09-30,16171.0
ID92,2001-12-31,14983.0
ID92,2002-03-31,23839.0
ID92,2002-06-30,15305.0
ID92,2002-09-30,17116.0
ID92,2002-12-31,22194.0
ID92,2003-03-31,29429.0
ID92,2003-06-30,4772.0
ID93,1980-03-31,598.0
ID93,1980-06-30,664.0
ID93,1980-09-30,470.0
ID93,1980-12-31,892.0
ID93,1981-03-31,914.0
ID93,1981-06-30,1034.0
ID93,1981-09-30,836.0
ID93,1981-12-31,1249.0
ID93,1982-03-31,937.0
ID93,1982-06-30,1273.0
ID93,1982-09-30,1054.0
ID93,1982-12-31,1430.0
ID93,1983-03-31,912.0
ID93,1983-06-30,1096.0
ID93,1983-09-30,958.0
ID93,1983-12-31,1399.0
ID93,1984-03-31,932.0
ID93,1984-06-30,1601.0
ID93,1984-09-30,1169.0
ID93,1984-12-31,1777.0
ID93,1985-03-31,1554.0
ID93,1985-06-30,1493.0
ID93,1985-09-30,1165.0
ID93,1985-12-31,1875.0
ID93,1986-03-31,1501.0
ID93,1986-06-30,1916.0
ID93,1986-09-30,1641.0
ID93,1986-12-31,2590.0
ID93,1987-03-31,1906.0
ID93,1987-06-30,2808.0
ID93,1987-09-30,1772.0
ID93,1987-12-31,2444.0
ID93,1988-03-31,2141.0
ID93,1988-06-30,4140.0
ID93,1988-09-30,2828.0
ID93,1988-12-31,2964.0
ID93,1989-03-31,2272.0
ID93,1989-06-30,3114.0
ID93,1989-09-30,2106.0
ID93,1989-12-31,2843.0
ID93,1990-03-31,2172.0
ID93,1990-06-30,3295.0
ID93,1990-09-30,2452.0
ID93,1990-12-31,2701.0
ID93,1991-03-31,2272.0
ID93,1991-06-30,3217.0
ID93,1991-09-30,2473.0
ID93,1991-12-31,3041.0
ID93,1992-03-31,2716.0
ID93,1992-06-30,3679.0
ID93,1992-09-30,2390.0
ID93,1992-12-31,3317.0
ID93,1993-03-31,2901.0
ID93,1993-06-30,3791.0
ID93,1993-09-30,2379.0
ID93,1993-12-31,3830.0
ID93,1994-03-31,4323.0
ID93,1994-06-30,4952.0
ID93,1994-09-30,4232.0
ID93,1994-12-31,4647.0
ID93,1995-03-31,3929.0
ID93,1995-06-30,6267.0
ID93,1995-09-30,3961.0
ID93,1995-12-31,6841.0
ID93,1996-03-31,5440.0
ID93,1996-06-30,8557.0
ID93,1996-09-30,4954.0
ID93,1996-12-31,7674.0
ID93,1997-03-31,6954.0
ID93,1997-06-30,9028.0
ID93,1997-09-30,6500.0
ID93,1997-12-31,8335.0
ID93,1998-03-31,5037.0
ID93,1998-06-30,10064.0
ID93,1998-09-30,4702.0
ID93,1998-12-31,9227.0
ID93,1999-03-31,8279.0
ID93,1999-06-30,11203.0
ID93,1999-09-30,6998.0
ID93,1999-12-31,11513.0
ID93,2000-03-31,7479.0
ID93,2000-06-30,12831.0
ID93,2000-09-30,7342.0
ID93,2000-12-31,9694.0
ID93,2001-03-31,6498.0
ID93,2001-06-30,13793.0
ID93,2001-09-30,7759.0
ID93,2001-12-31,9544.0
ID93,2002-03-31,7284.0
ID93,2002-06-30,11810.0
ID93,2002-09-30,5694.0
ID93,2002-12-31,8655.0
ID93,2003-03-31,6203.0
ID93,2003-06-30,8988.0
ID94,1980-03-31,20484.0
ID94,1980-06-30,8921.0
ID94,1980-09-30,8385.0
ID94,1980-12-31,17229.0
ID94,1981-03-31,17065.0
ID94,1981-06-30,9952.0
ID94,1981-09-30,9875.0
ID94,1981-12-31,16905.0
ID94,1982-03-31,16877.0
ID94,1982-06-30,13409.0
ID94,1982-09-30,14059.0
ID94,1982-12-31,17253.0
ID94,1983-03-31,16942.0
ID94,1983-06-30,15819.0
ID94,1983-09-30,18417.0
ID94,1983-12-31,21049.0
ID94,1984-03-31,24239.0
ID94,1984-06-30,21477.0
ID94,1984-09-30,16313.0
ID94,1984-12-31,25364.0
ID94,1985-03-31,27927.0
ID94,1985-06-30,23933.0
ID94,1985-09-30,20936.0
ID94,1985-12-31,40567.0
ID94,1986-03-31,36673.0
ID94,1986-06-30,30788.0
ID94,1986-09-30,26260.0
ID94,1986-12-31,58388.0
ID94,1987-03-31,57379.0
ID94,1987-06-30,38916.0
ID94,1987-09-30,38299.0
ID94,1987-12-31,64896.0
ID94,1988-03-31,49385.0
ID94,1988-06-30,41353.0
ID94,1988-09-30,51815.0
ID94,1988-12-31,59904.0
ID94,1989-03-31,45289.0
ID94,1989-06-30,35070.0
ID94,1989-09-30,33017.0
ID94,1989-12-31,41697.0
ID94,1990-03-31,38817.0
ID94,1990-06-30,29457.0
ID94,1990-09-30,30250.0
ID94,1990-12-31,42295.0
ID94,1991-03-31,38306.0
ID94,1991-06-30,29481.0
ID94,1991-09-30,54278.0
ID94,1991-12-31,39031.0
ID94,1992-03-31,44219.0
ID94,1992-06-30,33675.0
ID94,1992-09-30,30266.0
ID94,1992-12-31,44213.0
ID94,1993-03-31,46389.0
ID94,1993-06-30,31678.0
ID94,1993-09-30,33410.0
ID94,1993-12-31,47648.0
ID94,1994-03-31,49024.0
ID94,1994-06-30,33246.0
ID94,1994-09-30,35444.0
ID94,1994-12-31,38307.0
ID94,1995-03-31,42964.0
ID94,1995-06-30,28980.0
ID94,1995-09-30,28059.0
ID94,1995-12-31,41915.0
ID94,1996-03-31,41582.0
ID94,1996-06-30,27986.0
ID94,1996-09-30,29155.0
ID94,1996-12-31,43235.0
ID94,1997-03-31,43016.0
ID94,1997-06-30,27709.0
ID94,1997-09-30,29747.0
ID94,1997-12-31,37666.0
ID94,1998-03-31,46300.0
ID94,1998-06-30,33460.0
ID94,1998-09-30,29405.0
ID94,1998-12-31,48823.0
ID94,1999-03-31,58522.0
ID94,1999-06-30,37625.0
ID94,1999-09-30,38503.0
ID94,1999-12-31,56937.0
ID94,2000-03-31,60288.0
ID94,2000-06-30,41888.0
ID94,2000-09-30,52603.0
ID94,2000-12-31,61968.0
ID94,2001-03-31,61331.0
ID94,2001-06-30,46598.0
ID94,2001-09-30,39920.0
ID94,2001-12-31,48333.0
ID94,2002-03-31,57152.0
ID94,2002-06-30,33761.0
ID94,2002-09-30,32664.0
ID94,2002-12-31,52210.0
ID94,2003-03-31,50444.0
ID94,2003-06-30,36446.0
ID95,1980-03-31,6485.0
ID95,1980-06-30,1719.0
ID95,1980-09-30,1481.0
ID95,1980-12-31,4019.0
ID95,1981-03-31,6145.0
ID95,1981-06-30,2354.0
ID95,1981-09-30,2305.0
ID95,1981-12-31,4461.0
ID95,1982-03-31,5225.0
ID95,1982-06-30,2789.0
ID95,1982-09-30,3653.0
ID95,1982-12-31,4908.0
ID95,1983-03-31,5645.0
ID95,1983-06-30,2806.0
ID95,1983-09-30,3191.0
ID95,1983-12-31,5367.0
ID95,1984-03-31,6601.0
ID95,1984-06-30,3612.0
ID95,1984-09-30,3325.0
ID95,1984-12-31,5007.0
ID95,1985-03-31,7489.0
ID95,1985-06-30,3813.0
ID95,1985-09-30,2835.0
ID95,1985-12-31,7677.0
ID95,1986-03-31,8860.0
ID95,1986-06-30,4153.0
ID95,1986-09-30,3901.0
ID95,1986-12-31,9935.0
ID95,1987-03-31,9830.0
ID95,1987-06-30,5278.0
ID95,1987-09-30,4254.0
ID95,1987-12-31,11636.0
ID95,1988-03-31,9283.0
ID95,1988-06-30,7316.0
ID95,1988-09-30,10075.0
ID95,1988-12-31,12267.0
ID95,1989-03-31,11410.0
ID95,1989-06-30,4698.0
ID95,1989-09-30,5486.0
ID95,1989-12-31,10127.0
ID95,1990-03-31,9017.0
ID95,1990-06-30,4538.0
ID95,1990-09-30,5827.0
ID95,1990-12-31,9997.0
ID95,1991-03-31,9390.0
ID95,1991-06-30,4409.0
ID95,1991-09-30,7265.0
ID95,1991-12-31,8943.0
ID95,1992-03-31,9163.0
ID95,1992-06-30,4374.0
ID95,1992-09-30,4909.0
ID95,1992-12-31,8191.0
ID95,1993-03-31,8993.0
ID95,1993-06-30,4075.0
ID95,1993-09-30,4469.0
ID95,1993-12-31,9339.0
ID95,1994-03-31,9450.0
ID95,1994-06-30,4347.0
ID95,1994-09-30,5557.0
ID95,1994-12-31,7991.0
ID95,1995-03-31,8242.0
ID95,1995-06-30,3784.0
ID95,1995-09-30,4851.0
ID95,1995-12-31,9111.0
ID95,1996-03-31,9496.0
ID95,1996-06-30,4057.0
ID95,1996-09-30,4765.0
ID95,1996-12-31,8582.0
ID95,1997-03-31,9589.0
ID95,1997-06-30,3885.0
ID95,1997-09-30,5219.0
ID95,1997-12-31,9299.0
ID95,1998-03-31,9949.0
ID95,1998-06-30,4719.0
ID95,1998-09-30,4883.0
ID95,1998-12-31,10333.0
ID95,1999-03-31,13646.0
ID95,1999-06-30,4774.0
ID95,1999-09-30,6254.0
ID95,1999-12-31,12726.0
ID95,2000-03-31,12029.0
ID95,2000-06-30,5502.0
ID95,2000-09-30,8152.0
ID95,2000-12-31,13576.0
ID95,2001-03-31,16214.0
ID95,2001-06-30,7217.0
ID95,2001-09-30,6823.0
ID95,2001-12-31,13238.0
ID95,2002-03-31,16910.0
ID95,2002-06-30,5223.0
ID95,2002-09-30,6086.0
ID95,2002-12-31,13515.0
ID95,2003-03-31,15510.0
ID95,2003-06-30,5659.0
ID96,1980-03-31,9886.0
ID96,1980-06-30,4114.0
ID96,1980-09-30,4961.0
ID96,1980-12-31,10319.0
ID96,1981-03-31,10788.0
ID96,1981-06-30,5190.0
ID96,1981-09-30,5768.0
ID96,1981-12-31,12350.0
ID96,1982-03-31,12772.0
ID96,1982-06-30,8014.0
ID96,1982-09-30,8115.0
ID96,1982-12-31,13368.0
ID96,1983-03-31,12521.0
ID96,1983-06-30,5616.0
ID96,1983-09-30,7155.0
ID96,1983-12-31,12343.0
ID96,1984-03-31,12332.0
ID96,1984-06-30,6515.0
ID96,1984-09-30,6863.0
ID96,1984-12-31,12623.0
ID96,1985-03-31,13198.0
ID96,1985-06-30,5993.0
ID96,1985-09-30,6932.0
ID96,1985-12-31,14615.0
ID96,1986-03-31,16969.0
ID96,1986-06-30,7842.0
ID96,1986-09-30,8562.0
ID96,1986-12-31,19795.0
ID96,1987-03-31,21469.0
ID96,1987-06-30,10941.0
ID96,1987-09-30,11245.0
ID96,1987-12-31,23918.0
ID96,1988-03-31,31433.0
ID96,1988-06-30,15326.0
ID96,1988-09-30,19996.0
ID96,1988-12-31,36694.0
ID96,1989-03-31,37266.0
ID96,1989-06-30,19941.0
ID96,1989-09-30,19728.0
ID96,1989-12-31,37120.0
ID96,1990-03-31,35045.0
ID96,1990-06-30,22518.0
ID96,1990-09-30,20973.0
ID96,1990-12-31,42102.0
ID96,1991-03-31,36818.0
ID96,1991-06-30,21569.0
ID96,1991-09-30,19872.0
ID96,1991-12-31,36657.0
ID96,1992-03-31,39385.0
ID96,1992-06-30,24949.0
ID96,1992-09-30,22482.0
ID96,1992-12-31,39244.0
ID96,1993-03-31,41389.0
ID96,1993-06-30,25529.0
ID96,1993-09-30,25609.0
ID96,1993-12-31,43767.0
ID96,1994-03-31,42735.0
ID96,1994-06-30,24706.0
ID96,1994-09-30,27444.0
ID96,1994-12-31,45593.0
ID96,1995-03-31,44917.0
ID96,1995-06-30,22903.0
ID96,1995-09-30,22924.0
ID96,1995-12-31,43270.0
ID96,1996-03-31,44918.0
ID96,1996-06-30,24296.0
ID96,1996-09-30,25994.0
ID96,1996-12-31,51104.0
ID96,1997-03-31,55438.0
ID96,1997-06-30,25353.0
ID96,1997-09-30,29761.0
ID96,1997-12-31,56829.0
ID96,1998-03-31,59089.0
ID96,1998-06-30,32592.0
ID96,1998-09-30,31263.0
ID96,1998-12-31,70401.0
ID96,1999-03-31,76609.0
ID96,1999-06-30,34264.0
ID96,1999-09-30,50177.0
ID96,1999-12-31,87832.0
ID96,2000-03-31,80684.0
ID96,2000-06-30,47809.0
ID96,2000-09-30,52609.0
ID96,2000-12-31,96322.0
ID96,2001-03-31,90993.0
ID96,2001-06-30,52868.0
ID96,2001-09-30,59559.0
ID96,2001-12-31,91988.0
ID96,2002-03-31,99603.0
ID96,2002-06-30,44505.0
ID96,2002-09-30,49277.0
ID96,2002-12-31,115458.0
ID96,2003-03-31,97714.0
ID96,2003-06-30,51570.0
ID97,1980-03-31,5718.0
ID97,1980-06-30,2204.0
ID97,1980-09-30,3117.0
ID97,1980-12-31,6185.0
ID97,1981-03-31,6409.0
ID97,1981-06-30,2672.0
ID97,1981-09-30,3734.0
ID97,1981-12-31,7681.0
ID97,1982-03-31,7856.0
ID97,1982-06-30,3073.0
ID97,1982-09-30,3451.0
ID97,1982-12-31,6803.0
ID97,1983-03-31,6612.0
ID97,1983-06-30,2709.0
ID97,1983-09-30,3250.0
ID97,1983-12-31,6097.0
ID97,1984-03-31,5438.0
ID97,1984-06-30,2477.0
ID97,1984-09-30,3162.0
ID97,1984-12-31,6674.0
ID97,1985-03-31,5841.0
ID97,1985-06-30,2513.0
ID97,1985-09-30,3421.0
ID97,1985-12-31,7083.0
ID97,1986-03-31,6871.0
ID97,1986-06-30,2469.0
ID97,1986-09-30,4405.0
ID97,1986-12-31,9310.0
ID97,1987-03-31,8958.0
ID97,1987-06-30,4328.0
ID97,1987-09-30,5492.0
ID97,1987-12-31,12738.0
ID97,1988-03-31,13041.0
ID97,1988-06-30,4890.0
ID97,1988-09-30,8610.0
ID97,1988-12-31,13922.0
ID97,1989-03-31,14693.0
ID97,1989-06-30,6578.0
ID97,1989-09-30,9183.0
ID97,1989-12-31,13839.0
ID97,1990-03-31,14458.0
ID97,1990-06-30,9786.0
ID97,1990-09-30,11421.0
ID97,1990-12-31,16494.0
ID97,1991-03-31,15483.0
ID97,1991-06-30,9204.0
ID97,1991-09-30,12450.0
ID97,1991-12-31,19937.0
ID97,1992-03-31,18483.0
ID97,1992-06-30,12604.0
ID97,1992-09-30,13615.0
ID97,1992-12-31,23189.0
ID97,1993-03-31,21231.0
ID97,1993-06-30,14626.0
ID97,1993-09-30,17005.0
ID97,1993-12-31,27517.0
ID97,1994-03-31,29235.0
ID97,1994-06-30,15567.0
ID97,1994-09-30,19021.0
ID97,1994-12-31,27863.0
ID97,1995-03-31,26593.0
ID97,1995-06-30,15390.0
ID97,1995-09-30,19901.0
ID97,1995-12-31,26667.0
ID97,1996-03-31,25476.0
ID97,1996-06-30,15129.0
ID97,1996-09-30,18438.0
ID97,1996-12-31,30333.0
ID97,1997-03-31,26855.0
ID97,1997-06-30,15039.0
ID97,1997-09-30,18745.0
ID97,1997-12-31,28655.0
ID97,1998-03-31,27190.0
ID97,1998-06-30,14900.0
ID97,1998-09-30,15661.0
ID97,1998-12-31,27403.0
ID97,1999-03-31,26933.0
ID97,1999-06-30,15803.0
ID97,1999-09-30,20416.0
ID97,1999-12-31,37310.0
ID97,2000-03-31,28062.0
ID97,2000-06-30,16201.0
ID97,2000-09-30,19659.0
ID97,2000-12-31,29995.0
ID97,2001-03-31,30301.0
ID97,2001-06-30,17079.0
ID97,2001-09-30,21862.0
ID97,2001-12-31,28092.0
ID97,2002-03-31,22898.0
ID97,2002-06-30,13554.0
ID97,2002-09-30,18708.0
ID97,2002-12-31,30356.0
ID97,2003-03-31,24953.0
ID97,2003-06-30,12691.0
ID98,1980-03-31,6332.0
ID98,1980-06-30,3185.0
ID98,1980-09-30,4705.0
ID98,1980-12-31,8344.0
ID98,1981-03-31,7229.0
ID98,1981-06-30,3858.0
ID98,1981-09-30,5429.0
ID98,1981-12-31,9839.0
ID98,1982-03-31,7779.0
ID98,1982-06-30,4669.0
ID98,1982-09-30,6218.0
ID98,1982-12-31,10482.0
ID98,1983-03-31,8376.0
ID98,1983-06-30,4154.0
ID98,1983-09-30,5967.0
ID98,1983-12-31,10094.0
ID98,1984-03-31,8598.0
ID98,1984-06-30,4544.0
ID98,1984-09-30,6712.0
ID98,1984-12-31,12212.0
ID98,1985-03-31,10339.0
ID98,1985-06-30,6198.0
ID98,1985-09-30,7838.0
ID98,1985-12-31,15435.0
ID98,1986-03-31,13623.0
ID98,1986-06-30,6991.0
ID98,1986-09-30,10386.0
ID98,1986-12-31,22544.0
ID98,1987-03-31,19726.0
ID98,1987-06-30,10478.0
ID98,1987-09-30,14027.0
ID98,1987-12-31,29521.0
ID98,1988-03-31,28050.0
ID98,1988-06-30,12830.0
ID98,1988-09-30,20265.0
ID98,1988-12-31,34350.0
ID98,1989-03-31,27051.0
ID98,1989-06-30,14048.0
ID98,1989-09-30,19686.0
ID98,1989-12-31,30285.0
ID98,1990-03-31,27360.0
ID98,1990-06-30,13499.0
ID98,1990-09-30,22630.0
ID98,1990-12-31,36707.0
ID98,1991-03-31,25041.0
ID98,1991-06-30,14372.0
ID98,1991-09-30,21804.0
ID98,1991-12-31,40952.0
ID98,1992-03-31,29036.0
ID98,1992-06-30,14999.0
ID98,1992-09-30,25433.0
ID98,1992-12-31,39087.0
ID98,1993-03-31,29619.0
ID98,1993-06-30,16655.0
ID98,1993-09-30,30941.0
ID98,1993-12-31,46779.0
ID98,1994-03-31,38828.0
ID98,1994-06-30,20113.0
ID98,1994-09-30,37518.0
ID98,1994-12-31,46174.0
ID98,1995-03-31,37208.0
ID98,1995-06-30,20195.0
ID98,1995-09-30,37247.0
ID98,1995-12-31,51998.0
ID98,1996-03-31,39987.0
ID98,1996-06-30,21369.0
ID98,1996-09-30,40372.0
ID98,1996-12-31,56880.0
ID98,1997-03-31,46319.0
ID98,1997-06-30,23733.0
ID98,1997-09-30,41136.0
ID98,1997-12-31,59382.0
ID98,1998-03-31,46369.0
ID98,1998-06-30,23670.0
ID98,1998-09-30,37368.0
ID98,1998-12-31,60435.0
ID98,1999-03-31,49574.0
ID98,1999-06-30,27080.0
ID98,1999-09-30,53755.0
ID98,1999-12-31,76030.0
ID98,2000-03-31,61458.0
ID98,2000-06-30,33947.0
ID98,2000-09-30,60449.0
ID98,2000-12-31,78242.0
ID98,2001-03-31,58761.0
ID98,2001-06-30,32606.0
ID98,2001-09-30,51871.0
ID98,2001-12-31,65756.0
ID98,2002-03-31,52023.0
ID98,2002-06-30,28055.0
ID98,2002-09-30,44141.0
ID98,2002-12-31,71269.0
ID98,2003-03-31,54085.0
ID98,2003-06-30,28315.0
ID99,1980-03-31,7767.0
ID99,1980-06-30,5481.0
ID99,1980-09-30,5957.0
ID99,1980-12-31,9579.0
ID99,1981-03-31,8728.0
ID99,1981-06-30,6936.0
ID99,1981-09-30,7426.0
ID99,1981-12-31,10303.0
ID99,1982-03-31,8347.0
ID99,1982-06-30,6412.0
ID99,1982-09-30,7122.0
ID99,1982-12-31,9899.0
ID99,1983-03-31,8425.0
ID99,1983-06-30,5306.0
ID99,1983-09-30,6325.0
ID99,1983-12-31,9998.0
ID99,1984-03-31,7583.0
ID99,1984-06-30,6915.0
ID99,1984-09-30,6231.0
ID99,1984-12-31,10174.0
ID99,1985-03-31,9005.0
ID99,1985-06-30,6833.0
ID99,1985-09-30,7378.0
ID99,1985-12-31,11684.0
ID99,1986-03-31,12364.0
ID99,1986-06-30,8469.0
ID99,1986-09-30,9310.0
ID99,1986-12-31,13770.0
ID99,1987-03-31,13588.0
ID99,1987-06-30,9782.0
ID99,1987-09-30,9400.0
ID99,1987-12-31,14793.0
ID99,1988-03-31,14223.0
ID99,1988-06-30,11870.0
ID99,1988-09-30,14714.0
ID99,1988-12-31,16340.0
ID99,1989-03-31,14716.0
ID99,1989-06-30,10208.0
ID99,1989-09-30,10775.0
ID99,1989-12-31,15160.0
ID99,1990-03-31,14251.0
ID99,1990-06-30,10280.0
ID99,1990-09-30,10614.0
ID99,1990-12-31,14915.0
ID99,1991-03-31,14254.0
ID99,1991-06-30,10093.0
ID99,1991-09-30,11289.0
ID99,1991-12-31,17174.0
ID99,1992-03-31,16822.0
ID99,1992-06-30,11373.0
ID99,1992-09-30,11462.0
ID99,1992-12-31,18728.0
ID99,1993-03-31,17808.0
ID99,1993-06-30,14029.0
ID99,1993-09-30,15254.0
ID99,1993-12-31,24770.0
ID99,1994-03-31,23176.0
ID99,1994-06-30,15534.0
ID99,1994-09-30,17339.0
ID99,1994-12-31,24398.0
ID99,1995-03-31,22095.0
ID99,1995-06-30,15448.0
ID99,1995-09-30,17781.0
ID99,1995-12-31,25946.0
ID99,1996-03-31,26125.0
ID99,1996-06-30,16899.0
ID99,1996-09-30,23722.0
ID99,1996-12-31,29946.0
ID99,1997-03-31,27574.0
ID99,1997-06-30,18380.0
ID99,1997-09-30,22498.0
ID99,1997-12-31,29089.0
ID99,1998-03-31,28488.0
ID99,1998-06-30,19534.0
ID99,1998-09-30,25229.0
ID99,1998-12-31,35403.0
ID99,1999-03-31,34231.0
ID99,1999-06-30,25387.0
ID99,1999-09-30,35173.0
ID99,1999-12-31,37307.0
ID99,2000-03-31,31382.0
ID99,2000-06-30,24366.0
ID99,2000-09-30,36554.0
ID99,2000-12-31,35901.0
ID99,2001-03-31,32358.0
ID99,2001-06-30,26047.0
ID99,2001-09-30,32030.0
ID99,2001-12-31,29751.0
ID99,2002-03-31,29564.0
ID99,2002-06-30,20534.0
ID99,2002-09-30,25478.0
ID99,2002-12-31,28445.0
ID99,2003-03-31,26318.0
ID99,2003-06-30,18132.0
